chromosome,start,end,width,type,1000genomes_AF,1000genomes_ID,Callers,NumCallers,cosmic,dbsnp,repeat_masker,dbsnp_somatic,VAF,n_vaf,t_alt_count,t_ref_count,n_alt_count,n_ref_count,model_score,Variant_Classification,signature_R1,signature_R2,signature_N3,snv_near_indel,total_cn,major_cn,minor_cn,karyotype,sample,gene
13,19535453,19535453,1,indel,NA,NA,"dkfz,sanger,smufin",3,COSN5863696,NA,NA,FALSE,0.1333,NA,14,91,NA,NA,0.954,IGR,NA,NA,NA,NA,5,3,2,3_2,d4907a1b-8b06-47c5-8bca-c781d9cddaf8,NA
1,4583451,4583451,1,snv_mnv,NA,NA,"broad,dkfz,muse,sanger",4,COSN7220948,NA,NA,FALSE,0.3538,NA,23,42,NA,NA,NA,IGR,FALSE,FALSE,FALSE,FALSE,2,2,0,2_0,d4907a1b-8b06-47c5-8bca-c781d9cddaf8,NA
1,5380869,5380869,1,snv_mnv,NA,NA,"broad,dkfz,muse,sanger",4,COSN7223624,NA,L1MEc,FALSE,0.1739,NA,8,38,NA,NA,NA,IGR,FALSE,FALSE,FALSE,FALSE,2,2,0,2_0,d4907a1b-8b06-47c5-8bca-c781d9cddaf8,NA
1,8652578,8652578,1,snv_mnv,NA,NA,"broad,dkfz,muse,sanger",4,COSN7285645,rs866206232,AluJb,FALSE,0.3036,NA,17,39,NA,NA,NA,Intron,FALSE,FALSE,FALSE,FALSE,2,2,0,2_0,d4907a1b-8b06-47c5-8bca-c781d9cddaf8,RERE
1,9561386,9561386,1,snv_mnv,NA,NA,"broad,dkfz,muse,sanger",4,COSN6953268,NA,NA,FALSE,0.1935,NA,12,50,NA,NA,NA,lincRNA,FALSE,FALSE,FALSE,FALSE,2,2,0,2_0,d4907a1b-8b06-47c5-8bca-c781d9cddaf8,NA
1,11570912,11570912,1,snv_mnv,NA,NA,"broad,dkfz,muse,sanger",4,COSN7173144,NA,THE1A,FALSE,0.1667,NA,11,55,NA,NA,NA,Intron,FALSE,FALSE,FALSE,FALSE,2,2,0,2_0,d4907a1b-8b06-47c5-8bca-c781d9cddaf8,NA
1,18399061,18399061,1,snv_mnv,NA,NA,"broad,dkfz,muse,sanger",4,COSN7188287,NA,MLT1H,FALSE,0.2593,NA,14,40,NA,NA,NA,lincRNA,FALSE,FALSE,FALSE,FALSE,2,2,0,2_0,d4907a1b-8b06-47c5-8bca-c781d9cddaf8,NA
1,23328666,23328666,1,snv_mnv,NA,NA,"broad,dkfz,muse,sanger",4,COSN7208395,NA,HERVH-int,FALSE,0.4833,NA,29,31,NA,NA,NA,IGR,FALSE,FALSE,FALSE,FALSE,2,2,0,2_0,d4907a1b-8b06-47c5-8bca-c781d9cddaf8,NA
1,25326315,25326315,1,snv_mnv,NA,NA,"broad,dkfz,muse,sanger",4,COSN7215480,NA,NA,FALSE,0.3529,NA,24,44,NA,NA,NA,IGR,FALSE,FALSE,FALSE,FALSE,2,2,0,2_0,d4907a1b-8b06-47c5-8bca-c781d9cddaf8,NA
1,25792784,25792784,1,snv_mnv,NA,NA,"broad,dkfz,muse,sanger",4,COSN7215582,NA,L1PB4,FALSE,0.403,NA,27,40,NA,NA,NA,Intron,FALSE,FALSE,FALSE,FALSE,2,2,0,2_0,d4907a1b-8b06-47c5-8bca-c781d9cddaf8,NA
1,26317570,26317570,1,snv_mnv,NA,NA,"broad,dkfz,muse,sanger",4,COSN7215702,rs757170890,NA,FALSE,0.5179,NA,29,27,NA,NA,NA,Intron,FALSE,FALSE,FALSE,FALSE,2,2,0,2_0,d4907a1b-8b06-47c5-8bca-c781d9cddaf8,NA
1,27738531,27738531,1,snv_mnv,1.9968e-4,rs553239311,"broad,dkfz,muse,sanger",4,COSN7215964,rs553239311,MIR,FALSE,0.4783,NA,22,24,NA,NA,NA,Intron,FALSE,FALSE,FALSE,FALSE,2,2,0,2_0,d4907a1b-8b06-47c5-8bca-c781d9cddaf8,NA
1,28679749,28679749,1,snv_mnv,NA,NA,"broad,dkfz,muse,sanger",4,COSN7216184,NA,AluSx,FALSE,0.4444,NA,16,20,NA,NA,NA,IGR,FALSE,FALSE,FALSE,FALSE,2,2,0,2_0,d4907a1b-8b06-47c5-8bca-c781d9cddaf8,NA
1,29783332,29783332,1,snv_mnv,NA,NA,"broad,dkfz,muse,sanger",4,COSN7216435,NA,MLT1I,FALSE,0.3409,NA,15,29,NA,NA,NA,IGR,FALSE,FALSE,FALSE,FALSE,2,2,0,2_0,d4907a1b-8b06-47c5-8bca-c781d9cddaf8,NA
1,30203103,30203103,1,snv_mnv,NA,NA,"broad,dkfz,muse,sanger",4,COSN7216530,NA,NA,FALSE,0.3617,NA,17,30,NA,NA,NA,IGR,FALSE,FALSE,FALSE,FALSE,2,2,0,2_0,d4907a1b-8b06-47c5-8bca-c781d9cddaf8,NA
1,30623903,30623903,1,snv_mnv,NA,NA,"broad,dkfz,muse,sanger",4,COSN7216691,NA,MSTA,FALSE,0.2462,NA,16,49,NA,NA,NA,IGR,FALSE,FALSE,FALSE,FALSE,2,2,0,2_0,d4907a1b-8b06-47c5-8bca-c781d9cddaf8,NA
1,31302915,31302915,1,snv_mnv,NA,NA,"broad,dkfz,muse,sanger",4,COSN7216902,NA,L2a,FALSE,0.2623,NA,16,45,NA,NA,NA,lincRNA,FALSE,FALSE,FALSE,FALSE,2,2,0,2_0,d4907a1b-8b06-47c5-8bca-c781d9cddaf8,NA
1,33583478,33583478,1,snv_mnv,NA,NA,"broad,dkfz,muse,sanger",4,COSN7217376,NA,NA,FALSE,0.2182,NA,12,43,NA,NA,NA,Intron,FALSE,FALSE,FALSE,FALSE,2,2,0,2_0,d4907a1b-8b06-47c5-8bca-c781d9cddaf8,NA
1,34330507,34330507,1,snv_mnv,NA,NA,"broad,muse,sanger",3,COSN7217591,NA,G-rich,FALSE,0.4118,NA,7,10,NA,NA,NA,IGR,FALSE,FALSE,FALSE,FALSE,2,2,0,2_0,d4907a1b-8b06-47c5-8bca-c781d9cddaf8,"HMGB4,CSMD2-AS1"
1,37248540,37248540,1,snv_mnv,NA,NA,"broad,dkfz,muse,sanger",4,COSN7218526,NA,NA,FALSE,0.2,NA,10,40,NA,NA,NA,IGR,FALSE,FALSE,FALSE,FALSE,2,2,0,2_0,d4907a1b-8b06-47c5-8bca-c781d9cddaf8,NA
1,37998700,37998700,1,snv_mnv,NA,NA,"broad,muse,sanger",3,COSN7218821,NA,AluJo,FALSE,0.2022,NA,18,71,NA,NA,NA,IGR,FALSE,FALSE,FALSE,FALSE,6,4,2,4_2,d4907a1b-8b06-47c5-8bca-c781d9cddaf8,SNIP1
1,38645203,38645203,1,snv_mnv,NA,NA,"broad,dkfz,muse,sanger",4,COSN7218983,rs560309235,LTR16A,FALSE,0.126,NA,15,104,NA,NA,NA,IGR,FALSE,FALSE,FALSE,FALSE,6,4,2,4_2,d4907a1b-8b06-47c5-8bca-c781d9cddaf8,NA
1,39593835,39593835,1,snv_mnv,NA,NA,"broad,dkfz,muse,sanger",4,COSN7219274,NA,NA,FALSE,0.1371,NA,17,107,NA,NA,NA,Intron,FALSE,FALSE,FALSE,FALSE,6,4,2,4_2,d4907a1b-8b06-47c5-8bca-c781d9cddaf8,NA
1,39778213,39778213,1,snv_mnv,NA,NA,"broad,dkfz,muse,sanger",4,COSN7219308,NA,L1MC4,FALSE,0.1101,NA,12,97,NA,NA,NA,Intron,FALSE,FALSE,FALSE,FALSE,6,4,2,4_2,d4907a1b-8b06-47c5-8bca-c781d9cddaf8,NA
1,39802736,39802736,1,snv_mnv,NA,NA,"broad,dkfz,muse,sanger",4,COSN7219316,NA,NA,FALSE,0.4553,NA,56,67,NA,NA,NA,Intron,FALSE,FALSE,TRUE,FALSE,6,4,2,4_2,d4907a1b-8b06-47c5-8bca-c781d9cddaf8,NA
1,40215242,40215242,1,snv_mnv,NA,NA,"broad,dkfz,muse,sanger",4,COSN7219407,NA,NA,FALSE,0.1296,NA,14,94,NA,NA,NA,Intron,FALSE,FALSE,FALSE,FALSE,6,4,2,4_2,d4907a1b-8b06-47c5-8bca-c781d9cddaf8,PPIE
1,40215307,40215307,1,snv_mnv,NA,NA,"broad,dkfz,muse,sanger",4,COSN7219408,NA,L2b,FALSE,0.11,NA,11,89,NA,NA,NA,Intron,FALSE,FALSE,FALSE,FALSE,6,4,2,4_2,d4907a1b-8b06-47c5-8bca-c781d9cddaf8,PPIE
1,40215398,40215398,1,snv_mnv,NA,NA,"broad,dkfz,muse,sanger",4,COSN7219409,NA,L2b,FALSE,0.1215,NA,13,94,NA,NA,NA,Intron,FALSE,FALSE,FALSE,FALSE,6,4,2,4_2,d4907a1b-8b06-47c5-8bca-c781d9cddaf8,PPIE
1,40215632,40215632,1,snv_mnv,NA,NA,"broad,dkfz,muse,sanger",4,COSN7219410,rs376480228,AluSp,FALSE,0.1733,NA,13,62,NA,NA,NA,Intron,FALSE,FALSE,FALSE,FALSE,6,4,2,4_2,d4907a1b-8b06-47c5-8bca-c781d9cddaf8,PPIE
1,40215695,40215695,1,snv_mnv,NA,NA,"broad,dkfz,muse,sanger",4,COSN7219411,NA,AluSp,FALSE,0.1222,NA,11,79,NA,NA,NA,Intron,FALSE,FALSE,FALSE,FALSE,6,4,2,4_2,d4907a1b-8b06-47c5-8bca-c781d9cddaf8,PPIE
1,40830355,40830355,1,snv_mnv,NA,NA,"broad,dkfz,muse,sanger",4,COSN7219566,NA,AluJb,FALSE,0.1688,NA,13,64,NA,NA,NA,IGR,FALSE,FALSE,FALSE,FALSE,5,3,2,3_2,d4907a1b-8b06-47c5-8bca-c781d9cddaf8,AL031985.1
1,44063398,44063398,1,snv_mnv,NA,NA,"broad,dkfz,muse,sanger",4,COSN7220469,NA,NA,FALSE,0.1343,NA,9,58,NA,NA,NA,Intron,FALSE,FALSE,FALSE,FALSE,5,3,2,3_2,d4907a1b-8b06-47c5-8bca-c781d9cddaf8,PTPRF
1,44898368,44898368,1,snv_mnv,NA,NA,"broad,dkfz,muse,sanger",4,COSN7220703,NA,FAM,FALSE,0.1429,NA,9,54,NA,NA,NA,Intron,FALSE,FALSE,FALSE,FALSE,4,2,2,2_2,d4907a1b-8b06-47c5-8bca-c781d9cddaf8,NA
1,46163872,46163872,1,snv_mnv,1.9968e-4,rs182193714,"broad,dkfz,muse,sanger",4,COSN7221023,rs182193714,AluSq2,FALSE,0.4643,NA,26,30,NA,NA,NA,IGR,FALSE,FALSE,FALSE,FALSE,2,2,0,2_0,d4907a1b-8b06-47c5-8bca-c781d9cddaf8,"IPP,AL604028.1,TMEM69"
1,46366582,46366582,1,snv_mnv,NA,NA,"broad,dkfz,muse,sanger",4,COSN7221081,NA,L1P4,FALSE,0.4017,NA,47,70,NA,NA,NA,Intron,FALSE,FALSE,FALSE,FALSE,2,2,0,2_0,d4907a1b-8b06-47c5-8bca-c781d9cddaf8,NA
1,48880612,48880612,1,snv_mnv,NA,NA,"broad,dkfz,muse,sanger",4,COSN7221803,NA,L1ME3,FALSE,0.2727,NA,18,48,NA,NA,NA,Intron,FALSE,FALSE,FALSE,FALSE,2,2,0,2_0,d4907a1b-8b06-47c5-8bca-c781d9cddaf8,NA
1,50467616,50467616,1,snv_mnv,NA,NA,"broad,dkfz,muse,sanger",4,COSN7222617,NA,NA,FALSE,0.3553,NA,27,49,NA,NA,NA,Intron,FALSE,FALSE,FALSE,FALSE,2,2,0,2_0,d4907a1b-8b06-47c5-8bca-c781d9cddaf8,NA
1,50755712,50755712,1,snv_mnv,NA,NA,"broad,dkfz,muse,sanger",4,COSN7222780,NA,NA,FALSE,0.3492,NA,22,41,NA,NA,NA,IGR,FALSE,FALSE,FALSE,FALSE,2,2,0,2_0,d4907a1b-8b06-47c5-8bca-c781d9cddaf8,NA
1,56200420,56200420,1,snv_mnv,NA,NA,"broad,dkfz,muse,sanger",4,COSN7224392,NA,MLT2A1,FALSE,0.1455,NA,8,47,NA,NA,NA,lincRNA,FALSE,FALSE,FALSE,FALSE,2,2,0,2_0,d4907a1b-8b06-47c5-8bca-c781d9cddaf8,NA
1,56259520,56259520,1,snv_mnv,NA,NA,"broad,dkfz,muse,sanger",4,COSN7224426,NA,MER52C,FALSE,0.127,NA,8,55,NA,NA,NA,IGR,FALSE,FALSE,FALSE,FALSE,2,2,0,2_0,d4907a1b-8b06-47c5-8bca-c781d9cddaf8,NA
1,56749150,56749150,1,snv_mnv,NA,NA,"broad,dkfz,muse,sanger",4,COSN7224647,rs752681061,L3,FALSE,0.1522,NA,7,39,NA,NA,NA,IGR,FALSE,FALSE,FALSE,FALSE,2,2,0,2_0,d4907a1b-8b06-47c5-8bca-c781d9cddaf8,NA
1,57451122,57451122,1,snv_mnv,NA,NA,"broad,dkfz,muse,sanger",4,COSN7224886,NA,AluSq,FALSE,0.3704,NA,20,34,NA,NA,NA,RNA,FALSE,FALSE,FALSE,FALSE,2,2,0,2_0,d4907a1b-8b06-47c5-8bca-c781d9cddaf8,NA
1,57565400,57565400,1,snv_mnv,NA,NA,"broad,dkfz,muse,sanger",4,COSN7224935,NA,NA,FALSE,0.137,NA,10,63,NA,NA,NA,Intron,FALSE,FALSE,FALSE,FALSE,2,2,0,2_0,d4907a1b-8b06-47c5-8bca-c781d9cddaf8,NA
1,58016394,58016394,1,snv_mnv,NA,NA,"broad,dkfz,muse,sanger",4,COSN7225153,NA,NA,FALSE,0.4103,NA,32,46,NA,NA,NA,Intron,FALSE,FALSE,FALSE,FALSE,2,2,0,2_0,d4907a1b-8b06-47c5-8bca-c781d9cddaf8,NA
1,58756927,58756927,1,snv_mnv,NA,NA,"broad,dkfz,muse,sanger",4,COSN7225488,NA,NA,FALSE,0.4615,NA,30,35,NA,NA,NA,Intron,FALSE,FALSE,FALSE,FALSE,2,2,0,2_0,d4907a1b-8b06-47c5-8bca-c781d9cddaf8,NA
1,58851020,58851020,1,snv_mnv,NA,NA,"broad,dkfz,muse,sanger",4,COSN7225522,NA,NA,FALSE,0.3594,NA,23,41,NA,NA,NA,Intron,FALSE,FALSE,FALSE,FALSE,2,2,0,2_0,d4907a1b-8b06-47c5-8bca-c781d9cddaf8,NA
1,59785040,59785040,1,snv_mnv,NA,NA,"broad,dkfz,muse,sanger",4,COSN7225733,NA,L2c,FALSE,0.4603,NA,29,34,NA,NA,NA,Intron,FALSE,FALSE,FALSE,FALSE,2,2,0,2_0,d4907a1b-8b06-47c5-8bca-c781d9cddaf8,FGGY
1,61017501,61017501,1,snv_mnv,NA,NA,"broad,dkfz,muse,sanger",4,COSN7226119,NA,L1MEg,FALSE,0.1509,NA,8,45,NA,NA,NA,lincRNA,FALSE,FALSE,FALSE,FALSE,2,2,0,2_0,d4907a1b-8b06-47c5-8bca-c781d9cddaf8,NA
1,63702156,63702156,1,snv_mnv,NA,NA,"broad,dkfz,muse,sanger",4,COSN7276592,rs760953960,AluSx,FALSE,0.3208,NA,17,36,NA,NA,NA,lincRNA,FALSE,FALSE,FALSE,FALSE,2,2,0,2_0,d4907a1b-8b06-47c5-8bca-c781d9cddaf8,NA
1,63772538,63772538,1,snv_mnv,NA,NA,"broad,dkfz,muse,sanger",4,COSN7276608,NA,MLT1L,FALSE,0.2667,NA,16,44,NA,NA,NA,lincRNA,FALSE,FALSE,FALSE,FALSE,2,2,0,2_0,d4907a1b-8b06-47c5-8bca-c781d9cddaf8,NA
1,67881031,67881031,1,snv_mnv,NA,NA,"broad,dkfz,muse,sanger",4,COSM3772077,rs745681742,NA,FALSE,0.1304,NA,9,60,NA,NA,NA,Intron,FALSE,FALSE,FALSE,FALSE,2,2,0,2_0,d4907a1b-8b06-47c5-8bca-c781d9cddaf8,"SERBP1,RNU6-387P"
1,69736562,69736562,1,snv_mnv,NA,NA,"broad,dkfz,muse,sanger",4,COSN7278264,NA,MER65A,FALSE,0.3662,NA,26,45,NA,NA,NA,IGR,FALSE,FALSE,FALSE,FALSE,2,2,0,2_0,d4907a1b-8b06-47c5-8bca-c781d9cddaf8,NA
1,69765845,69765845,1,snv_mnv,NA,NA,"broad,dkfz,muse,sanger",4,COSN7278283,NA,NA,FALSE,0.1781,NA,13,60,NA,NA,NA,IGR,FALSE,FALSE,FALSE,FALSE,2,2,0,2_0,d4907a1b-8b06-47c5-8bca-c781d9cddaf8,NA
1,70537687,70537687,1,snv_mnv,NA,NA,"broad,dkfz,muse,sanger",4,COSN7278699,NA,NA,FALSE,0.375,NA,30,50,NA,NA,NA,Intron,FALSE,FALSE,FALSE,FALSE,2,2,0,2_0,d4907a1b-8b06-47c5-8bca-c781d9cddaf8,NA
1,70956270,70956270,1,snv_mnv,NA,NA,"broad,dkfz,muse,sanger",4,COSN7278840,NA,L1M1,FALSE,0.4559,NA,31,37,NA,NA,NA,IGR,FALSE,FALSE,FALSE,FALSE,2,2,0,2_0,d4907a1b-8b06-47c5-8bca-c781d9cddaf8,NA
1,71182014,71182014,1,snv_mnv,NA,NA,"broad,dkfz,muse,sanger",4,COSN7278946,NA,NA,FALSE,0.193,NA,11,46,NA,NA,NA,lincRNA,FALSE,FALSE,FALSE,FALSE,2,2,0,2_0,d4907a1b-8b06-47c5-8bca-c781d9cddaf8,NA
1,71253031,71253031,1,snv_mnv,NA,NA,"broad,dkfz,muse,sanger",4,COSN7278992,NA,NA,FALSE,0.1944,NA,14,58,NA,NA,NA,lincRNA,FALSE,FALSE,FALSE,FALSE,2,2,0,2_0,d4907a1b-8b06-47c5-8bca-c781d9cddaf8,LINC01788
1,72223116,72223116,1,snv_mnv,NA,NA,"broad,dkfz,muse,sanger",4,COSN7279499,NA,NA,FALSE,0.16,NA,12,63,NA,NA,NA,Intron,FALSE,FALSE,FALSE,FALSE,2,2,0,2_0,d4907a1b-8b06-47c5-8bca-c781d9cddaf8,NA
1,72256217,72256217,1,snv_mnv,NA,NA,"broad,dkfz,muse,sanger",4,COSN7279522,NA,NA,FALSE,0.2836,NA,19,48,NA,NA,NA,Intron,FALSE,FALSE,FALSE,FALSE,2,2,0,2_0,d4907a1b-8b06-47c5-8bca-c781d9cddaf8,NEGR1-IT1
1,72552711,72552711,1,snv_mnv,NA,NA,"broad,dkfz,muse,sanger",4,COSN7279714,NA,NA,FALSE,0.2031,NA,13,51,NA,NA,NA,Intron,FALSE,FALSE,FALSE,FALSE,2,2,0,2_0,d4907a1b-8b06-47c5-8bca-c781d9cddaf8,NA
1,72671018,72671018,1,snv_mnv,NA,NA,"broad,dkfz,muse,sanger",4,COSN7279803,NA,NA,FALSE,0.3529,NA,24,44,NA,NA,NA,Intron,FALSE,FALSE,FALSE,FALSE,2,2,0,2_0,d4907a1b-8b06-47c5-8bca-c781d9cddaf8,NA
1,72815981,72815981,1,snv_mnv,NA,NA,"broad,dkfz,muse,sanger",4,COSN7279900,NA,NA,FALSE,0.4242,NA,28,38,NA,NA,NA,IGR,FALSE,FALSE,FALSE,FALSE,2,2,0,2_0,d4907a1b-8b06-47c5-8bca-c781d9cddaf8,NA
1,73411247,73411247,1,snv_mnv,NA,NA,"broad,dkfz,muse,sanger",4,COSN7280316,NA,MER58A,FALSE,0.1507,NA,11,62,NA,NA,NA,IGR,FALSE,FALSE,FALSE,FALSE,2,2,0,2_0,d4907a1b-8b06-47c5-8bca-c781d9cddaf8,NA
1,73616080,73616080,1,snv_mnv,NA,NA,"broad,dkfz,muse,sanger",4,COSN7280472,NA,NA,FALSE,0.1702,NA,8,39,NA,NA,NA,IGR,FALSE,FALSE,FALSE,FALSE,2,2,0,2_0,d4907a1b-8b06-47c5-8bca-c781d9cddaf8,NA
1,73776190,73776190,1,snv_mnv,NA,NA,"broad,dkfz,muse,sanger",4,COSN7280587,NA,L1MC3,FALSE,0.1912,NA,13,55,NA,NA,NA,lincRNA,FALSE,FALSE,TRUE,FALSE,2,2,0,2_0,d4907a1b-8b06-47c5-8bca-c781d9cddaf8,LINC01360
1,76646692,76646692,1,snv_mnv,NA,NA,"broad,dkfz,muse,sanger",4,COSN7281959,NA,LTR1B,FALSE,0.3636,NA,24,42,NA,NA,NA,Intron,FALSE,FALSE,FALSE,FALSE,2,2,0,2_0,d4907a1b-8b06-47c5-8bca-c781d9cddaf8,NA
1,77271797,77271797,1,snv_mnv,NA,NA,"broad,dkfz,muse,sanger",4,COSN7282231,NA,MSTD,FALSE,0.2931,NA,17,41,NA,NA,NA,IGR,FALSE,FALSE,FALSE,FALSE,2,2,0,2_0,d4907a1b-8b06-47c5-8bca-c781d9cddaf8,NA
1,77389678,77389678,1,snv_mnv,NA,NA,"broad,dkfz,muse,sanger",4,COSN7282278,NA,NA,FALSE,0.2239,NA,15,52,NA,NA,NA,Intron,FALSE,FALSE,FALSE,FALSE,2,2,0,2_0,d4907a1b-8b06-47c5-8bca-c781d9cddaf8,NA
1,78041952,78041952,1,snv_mnv,NA,NA,"broad,dkfz,muse,sanger",4,COSN7282462,NA,NA,FALSE,0.3016,NA,19,44,NA,NA,NA,Intron,FALSE,FALSE,FALSE,FALSE,2,2,0,2_0,d4907a1b-8b06-47c5-8bca-c781d9cddaf8,AC118549.1
1,79607417,79607417,1,snv_mnv,NA,NA,"broad,dkfz,muse,sanger",4,COSN7282962,NA,AluSc5,FALSE,0.2889,NA,13,32,NA,NA,NA,IGR,FALSE,FALSE,FALSE,FALSE,2,2,0,2_0,d4907a1b-8b06-47c5-8bca-c781d9cddaf8,NA
1,82933604,82933604,1,snv_mnv,NA,NA,"broad,dkfz,muse,sanger",4,COSN7284481,NA,NA,FALSE,0.1972,NA,14,57,NA,NA,NA,IGR,FALSE,FALSE,FALSE,FALSE,2,2,0,2_0,d4907a1b-8b06-47c5-8bca-c781d9cddaf8,NA
1,83305555,83305555,1,snv_mnv,NA,NA,"broad,dkfz,muse,sanger",4,COSN7284712,NA,NA,FALSE,0.1935,NA,12,50,NA,NA,NA,IGR,FALSE,FALSE,FALSE,FALSE,2,2,0,2_0,d4907a1b-8b06-47c5-8bca-c781d9cddaf8,NA
1,83572571,83572571,1,snv_mnv,NA,NA,"broad,dkfz,muse,sanger",4,COSN7284820,NA,AluSp,FALSE,0.2903,NA,18,44,NA,NA,NA,lincRNA,FALSE,FALSE,FALSE,FALSE,2,2,0,2_0,d4907a1b-8b06-47c5-8bca-c781d9cddaf8,NA
1,83593202,83593202,1,snv_mnv,NA,NA,"broad,dkfz,muse,sanger",4,COSN7284829,NA,L1ME1,FALSE,0.4915,NA,29,30,NA,NA,NA,lincRNA,FALSE,FALSE,FALSE,FALSE,2,2,0,2_0,d4907a1b-8b06-47c5-8bca-c781d9cddaf8,NA
1,83927224,83927224,1,snv_mnv,NA,NA,"broad,dkfz,muse,sanger",4,COSN7284953,NA,AT_rich,FALSE,0.129,NA,8,54,NA,NA,NA,IGR,FALSE,FALSE,FALSE,FALSE,2,2,0,2_0,d4907a1b-8b06-47c5-8bca-c781d9cddaf8,NA
1,84488706,84488706,1,snv_mnv,NA,NA,"broad,dkfz,muse,sanger",4,COSN7285128,NA,MER4-int,FALSE,0.2222,NA,18,63,NA,NA,NA,IGR,FALSE,FALSE,FALSE,FALSE,2,2,0,2_0,d4907a1b-8b06-47c5-8bca-c781d9cddaf8,AC104454.1
1,88958827,88958827,1,snv_mnv,NA,NA,"broad,dkfz,muse,sanger",4,COSN6951566,NA,Plat_L3,FALSE,0.4444,NA,28,35,NA,NA,NA,IGR,FALSE,FALSE,FALSE,FALSE,2,2,0,2_0,d4907a1b-8b06-47c5-8bca-c781d9cddaf8,NA
1,89211699,89211699,1,snv_mnv,NA,NA,"broad,dkfz,muse,sanger",4,COSN6951646,NA,L1MA7,FALSE,0.4675,NA,36,41,NA,NA,NA,Intron,FALSE,FALSE,FALSE,FALSE,2,2,0,2_0,d4907a1b-8b06-47c5-8bca-c781d9cddaf8,NA
1,90373776,90373776,1,snv_mnv,NA,NA,"broad,dkfz,muse,sanger",4,COSN6951894,NA,MIRc,FALSE,0.2647,NA,18,50,NA,NA,NA,Intron,FALSE,FALSE,FALSE,FALSE,2,2,0,2_0,d4907a1b-8b06-47c5-8bca-c781d9cddaf8,NA
1,96230119,96230119,1,snv_mnv,NA,NA,"broad,dkfz,muse,sanger",4,COSN6953433,NA,AluSx1,FALSE,0.2449,NA,12,37,NA,NA,NA,IGR,FALSE,FALSE,FALSE,FALSE,2,2,0,2_0,d4907a1b-8b06-47c5-8bca-c781d9cddaf8,NA
1,98132058,98132058,1,snv_mnv,NA,NA,"broad,dkfz,muse",3,COSN6954124,NA,NA,FALSE,0.386,NA,22,35,NA,NA,NA,Intron,FALSE,FALSE,FALSE,FALSE,2,2,0,2_0,d4907a1b-8b06-47c5-8bca-c781d9cddaf8,NA
1,99100948,99100948,1,snv_mnv,NA,NA,"broad,dkfz,muse,sanger",4,COSN6954418,NA,NA,FALSE,0.4776,NA,32,35,NA,NA,NA,IGR,FALSE,FALSE,TRUE,FALSE,2,2,0,2_0,d4907a1b-8b06-47c5-8bca-c781d9cddaf8,NA
1,101455964,101455964,1,snv_mnv,NA,NA,"broad,dkfz,muse,sanger",4,COSM3771368,NA,NA,FALSE,0.2273,NA,15,51,NA,NA,NA,Nonstop_Mutation,FALSE,FALSE,FALSE,FALSE,2,2,0,2_0,d4907a1b-8b06-47c5-8bca-c781d9cddaf8,NA
1,102292841,102292841,1,snv_mnv,NA,NA,"broad,dkfz,muse,sanger",4,COSN7167552,NA,NA,FALSE,0.4262,NA,26,35,NA,NA,NA,Intron,FALSE,FALSE,FALSE,FALSE,2,2,0,2_0,d4907a1b-8b06-47c5-8bca-c781d9cddaf8,NA
1,102391028,102391028,1,snv_mnv,NA,NA,"broad,dkfz,muse",3,COSN7167602,NA,(TG)n,FALSE,0.3867,NA,29,46,NA,NA,NA,Intron,FALSE,FALSE,FALSE,FALSE,2,2,0,2_0,d4907a1b-8b06-47c5-8bca-c781d9cddaf8,NA
1,102705798,102705798,1,snv_mnv,NA,NA,"broad,dkfz,muse,sanger",4,COSN7167764,NA,NA,FALSE,0.1636,NA,9,46,NA,NA,NA,lincRNA,FALSE,FALSE,FALSE,FALSE,2,2,0,2_0,d4907a1b-8b06-47c5-8bca-c781d9cddaf8,NA
1,103165630,103165630,1,snv_mnv,NA,NA,"broad,dkfz,muse,sanger",4,COSN7168104,NA,NA,FALSE,0.2131,NA,13,48,NA,NA,NA,IGR,FALSE,FALSE,FALSE,FALSE,2,2,0,2_0,d4907a1b-8b06-47c5-8bca-c781d9cddaf8,NA
1,104450680,104450680,1,snv_mnv,NA,NA,"broad,dkfz,muse,sanger",4,COSN7168819,NA,AluJr4,FALSE,0.4,NA,28,42,NA,NA,NA,IGR,FALSE,FALSE,FALSE,FALSE,2,2,0,2_0,d4907a1b-8b06-47c5-8bca-c781d9cddaf8,NA
1,104476284,104476284,1,snv_mnv,NA,NA,"broad,dkfz,muse,sanger",4,COSN7168839,NA,NA,FALSE,0.2222,NA,12,42,NA,NA,NA,IGR,FALSE,FALSE,FALSE,FALSE,2,2,0,2_0,d4907a1b-8b06-47c5-8bca-c781d9cddaf8,NA
1,104515558,104515558,1,snv_mnv,NA,NA,"broad,dkfz,muse,sanger",4,COSN7168871,NA,AT_rich,FALSE,0.4242,NA,28,38,NA,NA,NA,IGR,FALSE,FALSE,FALSE,FALSE,2,2,0,2_0,d4907a1b-8b06-47c5-8bca-c781d9cddaf8,NA
1,104616280,104616280,1,snv_mnv,NA,NA,"broad,dkfz,muse,sanger",4,COSN7168951,NA,NA,FALSE,0.1538,NA,8,44,NA,NA,NA,lincRNA,FALSE,FALSE,FALSE,FALSE,2,2,0,2_0,d4907a1b-8b06-47c5-8bca-c781d9cddaf8,AC092506.1
1,104735702,104735702,1,snv_mnv,NA,NA,"broad,dkfz,muse,sanger",4,COSN7169029,NA,NA,FALSE,0.2281,NA,13,44,NA,NA,NA,IGR,FALSE,FALSE,FALSE,FALSE,2,2,0,2_0,d4907a1b-8b06-47c5-8bca-c781d9cddaf8,NA
1,106040864,106040864,1,snv_mnv,NA,NA,"broad,dkfz,muse,sanger",4,COSN7169891,NA,L1M5,FALSE,0.3874,NA,43,68,NA,NA,NA,IGR,FALSE,FALSE,FALSE,FALSE,5,3,2,3_2,d4907a1b-8b06-47c5-8bca-c781d9cddaf8,NA
1,106186334,106186334,1,snv_mnv,NA,NA,"broad,dkfz,muse,sanger",4,COSN7169963,NA,L1MA1,FALSE,0.3333,NA,31,62,NA,NA,NA,IGR,FALSE,FALSE,FALSE,FALSE,4,2,2,2_2,d4907a1b-8b06-47c5-8bca-c781d9cddaf8,NA
1,106338673,106338673,1,snv_mnv,NA,NA,"broad,dkfz,muse,sanger",4,COSN7170054,NA,LTR12D,FALSE,0.2931,NA,17,41,NA,NA,NA,IGR,FALSE,FALSE,FALSE,FALSE,4,2,2,2_2,d4907a1b-8b06-47c5-8bca-c781d9cddaf8,NA
1,106446200,106446200,1,snv_mnv,NA,NA,"broad,dkfz,muse,sanger",4,COSN7170148,NA,LOR1-int,FALSE,0.1333,NA,14,91,NA,NA,NA,IGR,FALSE,FALSE,FALSE,FALSE,4,2,2,2_2,d4907a1b-8b06-47c5-8bca-c781d9cddaf8,NA
1,106700417,106700417,1,snv_mnv,NA,NA,"broad,dkfz,muse",3,COSN7170318,NA,(CAGAGA)n,FALSE,0.1099,NA,10,81,NA,NA,NA,IGR,FALSE,FALSE,FALSE,FALSE,4,2,2,2_2,d4907a1b-8b06-47c5-8bca-c781d9cddaf8,NA
1,107046887,107046887,1,snv_mnv,NA,NA,"broad,dkfz,muse,sanger",4,COSN7170502,NA,NA,FALSE,0.1724,NA,15,72,NA,NA,NA,IGR,FALSE,FALSE,FALSE,FALSE,4,2,2,2_2,d4907a1b-8b06-47c5-8bca-c781d9cddaf8,NA
1,107236871,107236871,1,snv_mnv,1.9968e-4,rs544568264,"broad,dkfz,muse,sanger",4,COSN7170614,rs544568264,L2c,FALSE,0.3366,NA,34,67,NA,NA,NA,IGR,FALSE,FALSE,FALSE,FALSE,4,2,2,2_2,d4907a1b-8b06-47c5-8bca-c781d9cddaf8,NA
1,107360550,107360550,1,snv_mnv,NA,NA,"broad,dkfz,muse,sanger",4,COSN7170697,NA,NA,FALSE,0.2388,NA,16,51,NA,NA,NA,lincRNA,FALSE,FALSE,FALSE,FALSE,4,2,2,2_2,d4907a1b-8b06-47c5-8bca-c781d9cddaf8,LINC01661
1,107528620,107528620,1,snv_mnv,NA,NA,"broad,dkfz,muse,sanger",4,COSN7170796,NA,L2,FALSE,0.2759,NA,24,63,NA,NA,NA,IGR,FALSE,FALSE,FALSE,FALSE,4,2,2,2_2,d4907a1b-8b06-47c5-8bca-c781d9cddaf8,NA
1,107697090,107697090,1,snv_mnv,5.9904e-4,rs550688588,"broad,dkfz,muse,sanger",4,COSN7170894,rs550688588,AluJb,FALSE,0.2373,NA,14,45,NA,NA,NA,Intron,FALSE,FALSE,FALSE,FALSE,4,2,2,2_2,d4907a1b-8b06-47c5-8bca-c781d9cddaf8,NA
1,108175930,108175930,1,snv_mnv,NA,NA,"broad,dkfz,muse,sanger",4,COSN7171162,NA,NA,FALSE,0.2527,NA,23,68,NA,NA,NA,Intron,FALSE,FALSE,FALSE,FALSE,4,2,2,2_2,d4907a1b-8b06-47c5-8bca-c781d9cddaf8,NA
1,108178484,108178484,1,snv_mnv,1.9968e-4,rs539092919,"broad,dkfz,muse,sanger",4,COSN7171166,rs539092919,MIR,FALSE,0.2474,NA,24,73,NA,NA,NA,Intron,FALSE,FALSE,FALSE,FALSE,4,2,2,2_2,d4907a1b-8b06-47c5-8bca-c781d9cddaf8,NA
1,108625748,108625748,1,snv_mnv,NA,NA,"broad,dkfz,muse,sanger",4,COSN7171348,NA,L2b,FALSE,0.3438,NA,33,63,NA,NA,NA,IGR,FALSE,FALSE,FALSE,FALSE,4,2,2,2_2,d4907a1b-8b06-47c5-8bca-c781d9cddaf8,NA
1,108873993,108873993,1,snv_mnv,NA,NA,"broad,dkfz,muse,sanger",4,COSN7171393,NA,NA,FALSE,0.2391,NA,22,70,NA,NA,NA,RNA,FALSE,FALSE,FALSE,FALSE,4,2,2,2_2,d4907a1b-8b06-47c5-8bca-c781d9cddaf8,NA
1,109992638,109992638,1,snv_mnv,NA,NA,"broad,dkfz,muse,sanger",4,COSN7171634,NA,L1MC1,FALSE,0.3889,NA,35,55,NA,NA,NA,IGR,FALSE,FALSE,FALSE,FALSE,4,2,2,2_2,d4907a1b-8b06-47c5-8bca-c781d9cddaf8,NA
1,110061142,110061142,1,snv_mnv,NA,NA,"broad,dkfz,muse,sanger",4,COSN7171649,NA,NA,FALSE,0.1714,NA,18,87,NA,NA,NA,IGR,FALSE,FALSE,FALSE,FALSE,4,2,2,2_2,d4907a1b-8b06-47c5-8bca-c781d9cddaf8,NA
1,111235836,111235836,1,snv_mnv,1.9968e-4,rs532962140,"broad,dkfz,muse,sanger",4,COSN7171902,rs532962140,NA,FALSE,0.1447,NA,11,65,NA,NA,NA,IGR,FALSE,FALSE,FALSE,FALSE,4,2,2,2_2,d4907a1b-8b06-47c5-8bca-c781d9cddaf8,NA
1,111253670,111253670,1,snv_mnv,NA,NA,"broad,dkfz,muse,sanger",4,COSN7171911,NA,AluY,FALSE,0.2769,NA,18,47,NA,NA,NA,IGR,FALSE,FALSE,FALSE,FALSE,4,2,2,2_2,d4907a1b-8b06-47c5-8bca-c781d9cddaf8,NA
1,111839794,111839794,1,snv_mnv,NA,NA,"broad,dkfz,muse,sanger",4,COSN7172105,NA,L1PA6,FALSE,0.3095,NA,26,58,NA,NA,NA,Intron,FALSE,FALSE,FALSE,FALSE,4,2,2,2_2,d4907a1b-8b06-47c5-8bca-c781d9cddaf8,NA
1,111888595,111888595,1,snv_mnv,NA,NA,"broad,dkfz,muse,sanger",4,COSN7172117,NA,MIRb,FALSE,0.1087,NA,10,82,NA,NA,NA,5'Flank,FALSE,FALSE,FALSE,FALSE,4,2,2,2_2,d4907a1b-8b06-47c5-8bca-c781d9cddaf8,PIFO
1,111888598,111888598,1,snv_mnv,NA,NA,"broad,dkfz,muse,sanger",4,COSN7172118,NA,MIRb,FALSE,0.1087,NA,10,82,NA,NA,NA,5'Flank,FALSE,FALSE,FALSE,FALSE,4,2,2,2_2,d4907a1b-8b06-47c5-8bca-c781d9cddaf8,PIFO
1,112100921,112100921,1,snv_mnv,NA,NA,"broad,dkfz,muse,sanger",4,COSN7172176,NA,AluJb,FALSE,0.1566,NA,13,70,NA,NA,NA,Intron,FALSE,FALSE,FALSE,FALSE,4,2,2,2_2,d4907a1b-8b06-47c5-8bca-c781d9cddaf8,NA
1,112644417,112644417,1,snv_mnv,NA,NA,"broad,dkfz,muse,sanger",4,COSN7172321,NA,NA,FALSE,0.354,NA,40,73,NA,NA,NA,IGR,FALSE,FALSE,FALSE,FALSE,4,2,2,2_2,d4907a1b-8b06-47c5-8bca-c781d9cddaf8,NA
1,113705547,113705547,1,snv_mnv,NA,NA,"broad,dkfz,muse,sanger",4,COSN7172588,NA,L1MC1,FALSE,0.2065,NA,19,73,NA,NA,NA,IGR,FALSE,FALSE,TRUE,FALSE,4,2,2,2_2,d4907a1b-8b06-47c5-8bca-c781d9cddaf8,NA
1,114586805,114586805,1,snv_mnv,NA,NA,"broad,dkfz,muse,sanger",4,COSN7172787,NA,L2,FALSE,0.3171,NA,26,56,NA,NA,NA,IGR,FALSE,FALSE,FALSE,FALSE,3,2,1,2_1,d4907a1b-8b06-47c5-8bca-c781d9cddaf8,NA
1,115310561,115310561,1,snv_mnv,NA,NA,"broad,dkfz,muse,sanger",4,COSN7173007,NA,MLT1C,FALSE,0.25,NA,29,87,NA,NA,NA,IGR,FALSE,FALSE,FALSE,FALSE,5,3,2,3_2,d4907a1b-8b06-47c5-8bca-c781d9cddaf8,SIKE1
1,115407591,115407591,1,snv_mnv,3.9936e-4,rs572013170,"broad,dkfz,muse,sanger",4,COSN7173055,rs572013170,L1PA3,FALSE,0.3636,NA,40,70,NA,NA,NA,Intron,FALSE,FALSE,FALSE,FALSE,5,3,2,3_2,d4907a1b-8b06-47c5-8bca-c781d9cddaf8,SYCP1
1,115784842,115784842,1,snv_mnv,NA,NA,"broad,dkfz,muse,sanger",4,COSN7173178,NA,NA,FALSE,0.1058,NA,11,93,NA,NA,NA,IGR,FALSE,FALSE,FALSE,FALSE,5,3,2,3_2,d4907a1b-8b06-47c5-8bca-c781d9cddaf8,NA
1,116834620,116834620,1,snv_mnv,NA,NA,"broad,dkfz,muse,sanger",4,COSN7173452,NA,NA,FALSE,0.144,NA,18,107,NA,NA,NA,IGR,FALSE,FALSE,FALSE,FALSE,6,4,2,4_2,d4907a1b-8b06-47c5-8bca-c781d9cddaf8,NA
1,116834819,116834819,1,snv_mnv,NA,NA,"broad,dkfz,muse,sanger",4,COSN7173454,NA,NA,FALSE,0.1083,NA,13,107,NA,NA,NA,IGR,FALSE,FALSE,FALSE,FALSE,6,4,2,4_2,d4907a1b-8b06-47c5-8bca-c781d9cddaf8,NA
1,116835403,116835403,1,snv_mnv,NA,NA,"broad,dkfz,muse,sanger",4,COSN7173455,NA,NA,FALSE,0.1964,NA,33,135,NA,NA,NA,IGR,FALSE,FALSE,FALSE,FALSE,6,4,2,4_2,d4907a1b-8b06-47c5-8bca-c781d9cddaf8,NA
1,116853579,116853579,1,snv_mnv,NA,NA,"broad,dkfz,muse,sanger",4,COSN7173456,NA,NA,FALSE,0.1635,NA,17,87,NA,NA,NA,IGR,FALSE,FALSE,FALSE,FALSE,6,4,2,4_2,d4907a1b-8b06-47c5-8bca-c781d9cddaf8,NA
1,116853597,116853597,1,snv_mnv,NA,NA,"broad,dkfz,muse,sanger",4,COSN7173457,NA,NA,FALSE,0.1416,NA,16,97,NA,NA,NA,IGR,FALSE,FALSE,FALSE,FALSE,6,4,2,4_2,d4907a1b-8b06-47c5-8bca-c781d9cddaf8,NA
1,117340400,117340400,1,snv_mnv,NA,NA,"broad,dkfz,muse,sanger",4,COSN7173566,NA,NA,FALSE,0.5,NA,57,57,NA,NA,NA,IGR,FALSE,FALSE,FALSE,FALSE,6,4,2,4_2,d4907a1b-8b06-47c5-8bca-c781d9cddaf8,NA
1,118725049,118725049,1,snv_mnv,NA,NA,"broad,dkfz,muse,sanger",4,COSN7173894,NA,NA,FALSE,0.1667,NA,18,90,NA,NA,NA,Intron,FALSE,FALSE,FALSE,FALSE,4,2,2,2_2,d4907a1b-8b06-47c5-8bca-c781d9cddaf8,NA
1,118725129,118725129,1,snv_mnv,NA,NA,"broad,dkfz,muse,sanger",4,COSN7173895,NA,NA,FALSE,0.1273,NA,14,96,NA,NA,NA,Intron,FALSE,FALSE,FALSE,FALSE,4,2,2,2_2,d4907a1b-8b06-47c5-8bca-c781d9cddaf8,NA
1,118725152,118725152,1,snv_mnv,NA,NA,"broad,dkfz,muse,sanger",4,COSN7173896,NA,NA,FALSE,0.1364,NA,15,95,NA,NA,NA,Intron,FALSE,FALSE,FALSE,FALSE,4,2,2,2_2,d4907a1b-8b06-47c5-8bca-c781d9cddaf8,NA
1,118725287,118725287,1,snv_mnv,NA,NA,"broad,dkfz,muse,sanger",4,COSN7173897,NA,NA,FALSE,0.1392,NA,11,68,NA,NA,NA,Intron,FALSE,FALSE,FALSE,FALSE,4,2,2,2_2,d4907a1b-8b06-47c5-8bca-c781d9cddaf8,NA
1,118725378,118725378,1,snv_mnv,NA,NA,"broad,dkfz,muse,sanger",4,COSN7173899,NA,L2c,FALSE,0.01087,NA,1,91,NA,NA,NA,Intron,FALSE,FALSE,FALSE,FALSE,4,2,2,2_2,d4907a1b-8b06-47c5-8bca-c781d9cddaf8,NA
1,118725387,118725387,1,snv_mnv,NA,NA,"broad,dkfz,muse,sanger",4,COSN7173900,NA,L2c,FALSE,0.0297,NA,3,98,NA,NA,NA,Intron,FALSE,FALSE,FALSE,FALSE,4,2,2,2_2,d4907a1b-8b06-47c5-8bca-c781d9cddaf8,NA
1,118725468,118725468,1,snv_mnv,NA,NA,"dkfz,sanger",2,COSN7173901,NA,NA,FALSE,0.1048,NA,11,94,NA,NA,NA,Intron,FALSE,FALSE,FALSE,FALSE,4,2,2,2_2,d4907a1b-8b06-47c5-8bca-c781d9cddaf8,NA
1,118725495,118725495,1,snv_mnv,NA,NA,"broad,dkfz,muse,sanger",4,COSN7173902,NA,NA,FALSE,0.117,NA,11,83,NA,NA,NA,Intron,FALSE,FALSE,FALSE,FALSE,4,2,2,2_2,d4907a1b-8b06-47c5-8bca-c781d9cddaf8,NA
1,118725661,118725661,1,snv_mnv,NA,NA,"broad,dkfz,muse,sanger",4,COSN7173903,NA,NA,FALSE,0.0761,NA,7,85,NA,NA,NA,Intron,FALSE,FALSE,FALSE,FALSE,4,2,2,2_2,d4907a1b-8b06-47c5-8bca-c781d9cddaf8,NA
1,118725663,118725663,1,snv_mnv,NA,NA,"broad,dkfz,muse,sanger",4,COSN7173904,NA,NA,FALSE,0.0737,NA,7,88,NA,NA,NA,Intron,FALSE,FALSE,FALSE,FALSE,4,2,2,2_2,d4907a1b-8b06-47c5-8bca-c781d9cddaf8,NA
1,118725935,118725935,1,snv_mnv,NA,NA,"broad,dkfz,muse,sanger",4,COSN7173905,NA,NA,FALSE,0.0241,NA,2,81,NA,NA,NA,Intron,FALSE,FALSE,FALSE,FALSE,4,2,2,2_2,d4907a1b-8b06-47c5-8bca-c781d9cddaf8,NA
1,118725937,118725937,1,snv_mnv,NA,NA,"broad,dkfz,muse,sanger",4,COSN7173906,NA,NA,FALSE,0.012346,NA,1,80,NA,NA,NA,Intron,FALSE,FALSE,TRUE,FALSE,4,2,2,2_2,d4907a1b-8b06-47c5-8bca-c781d9cddaf8,NA
1,118725938,118725938,1,snv_mnv,NA,NA,"broad,dkfz,muse,sanger",4,COSN7173907,NA,NA,FALSE,0.0241,NA,2,81,NA,NA,NA,Intron,FALSE,FALSE,FALSE,FALSE,4,2,2,2_2,d4907a1b-8b06-47c5-8bca-c781d9cddaf8,NA
1,119088455,119088455,1,snv_mnv,NA,NA,"broad,dkfz,muse,sanger",4,COSN7174027,NA,L1PA6,FALSE,0.2639,NA,19,53,NA,NA,NA,IGR,FALSE,FALSE,FALSE,FALSE,3,2,1,2_1,d4907a1b-8b06-47c5-8bca-c781d9cddaf8,NA
1,119088456,119088456,1,snv_mnv,NA,NA,"broad,dkfz,muse,sanger",4,COSN7174028,NA,L1PA6,FALSE,0.2535,NA,18,53,NA,NA,NA,IGR,FALSE,FALSE,FALSE,FALSE,3,2,1,2_1,d4907a1b-8b06-47c5-8bca-c781d9cddaf8,NA
1,146483940,146483940,1,snv_mnv,NA,NA,"broad,muse,sanger",3,COSN7176047,NA,L1PA5,FALSE,0.2421,NA,23,72,NA,NA,NA,IGR,FALSE,FALSE,FALSE,FALSE,5,3,2,3_2,d4907a1b-8b06-47c5-8bca-c781d9cddaf8,NA
1,147791819,147791819,1,snv_mnv,NA,NA,"broad,muse,sanger",3,COSN7176405,NA,L1ME3,FALSE,0.3673,NA,36,62,NA,NA,NA,IGR,FALSE,FALSE,FALSE,FALSE,5,3,2,3_2,d4907a1b-8b06-47c5-8bca-c781d9cddaf8,AC245100.5
1,149138244,149138244,1,snv_mnv,NA,NA,"broad,dkfz,muse,sanger",4,COSN7176705,NA,NA,FALSE,0.2667,NA,20,55,NA,NA,NA,IGR,FALSE,FALSE,FALSE,FALSE,5,3,2,3_2,d4907a1b-8b06-47c5-8bca-c781d9cddaf8,NA
1,150724182,150724182,1,snv_mnv,NA,NA,"broad,dkfz,muse,sanger",4,COSN7177092,NA,NA,FALSE,0.2824,NA,24,61,NA,NA,NA,Intron,FALSE,FALSE,FALSE,FALSE,5,3,2,3_2,d4907a1b-8b06-47c5-8bca-c781d9cddaf8,CTSS
1,151916807,151916807,1,snv_mnv,NA,NA,"broad,dkfz,muse,sanger",4,COSN7177414,NA,NA,FALSE,0.219,NA,23,82,NA,NA,NA,IGR,FALSE,FALSE,FALSE,FALSE,5,3,2,3_2,d4907a1b-8b06-47c5-8bca-c781d9cddaf8,NA
1,152026119,152026119,1,snv_mnv,NA,NA,"broad,dkfz,muse,sanger",4,COSN7177445,NA,NA,FALSE,0.2208,NA,17,60,NA,NA,NA,IGR,FALSE,FALSE,FALSE,FALSE,5,3,2,3_2,d4907a1b-8b06-47c5-8bca-c781d9cddaf8,NA
1,152649416,152649416,1,snv_mnv,NA,NA,"broad,dkfz,muse,sanger",4,COSN7177659,NA,NA,FALSE,0.283,NA,30,76,NA,NA,NA,Intron,FALSE,FALSE,FALSE,FALSE,5,3,2,3_2,d4907a1b-8b06-47c5-8bca-c781d9cddaf8,LCE2C
1,153016516,153016516,1,snv_mnv,NA,NA,"broad,dkfz,muse,sanger",4,COSN7177844,NA,NA,FALSE,0.2737,NA,26,69,NA,NA,NA,5'Flank,FALSE,FALSE,FALSE,FALSE,5,3,2,3_2,d4907a1b-8b06-47c5-8bca-c781d9cddaf8,SPRR2D
1,154092018,154092018,1,snv_mnv,NA,NA,"broad,dkfz,muse,sanger",4,COSN7178200,NA,AluSq,FALSE,0.1919,NA,19,80,NA,NA,NA,Intron,FALSE,FALSE,FALSE,FALSE,5,3,2,3_2,d4907a1b-8b06-47c5-8bca-c781d9cddaf8,NA
1,155974501,155974501,1,snv_mnv,NA,NA,"broad,dkfz,muse,sanger",4,COSN7178721,NA,AluSx1,FALSE,0.4167,NA,30,42,NA,NA,NA,5'Flank,FALSE,FALSE,FALSE,FALSE,5,3,2,3_2,d4907a1b-8b06-47c5-8bca-c781d9cddaf8,"SSR2,ARHGEF2,AL355388.1"
1,156299684,156299684,1,snv_mnv,NA,NA,"broad,dkfz,muse,sanger",4,COSN7178810,NA,AluSx1,FALSE,0.1795,NA,14,64,NA,NA,NA,Intron,FALSE,FALSE,FALSE,FALSE,5,3,2,3_2,d4907a1b-8b06-47c5-8bca-c781d9cddaf8,CCT3
1,157410287,157410287,1,snv_mnv,NA,NA,"broad,dkfz,muse,sanger",4,COSN7179132,NA,THE1C-int,FALSE,0.3362,NA,39,77,NA,NA,NA,IGR,FALSE,FALSE,FALSE,FALSE,5,3,2,3_2,d4907a1b-8b06-47c5-8bca-c781d9cddaf8,NA
1,157745615,157745615,1,snv_mnv,NA,NA,"broad,dkfz,muse,sanger",4,COSN7179265,NA,NA,FALSE,0.2449,NA,24,74,NA,NA,NA,Intron,FALSE,FALSE,FALSE,FALSE,5,3,2,3_2,d4907a1b-8b06-47c5-8bca-c781d9cddaf8,NA
1,158223513,158223513,1,snv_mnv,NA,NA,"broad,dkfz,muse,sanger",4,COSN7179510,NA,NA,FALSE,0.283,NA,30,76,NA,NA,NA,5'Flank,FALSE,FALSE,FALSE,FALSE,5,3,2,3_2,d4907a1b-8b06-47c5-8bca-c781d9cddaf8,CD1A
1,158694793,158694793,1,snv_mnv,NA,NA,"broad,dkfz,muse,sanger",4,COSM3771488,NA,NA,FALSE,0.1176,NA,14,105,NA,NA,NA,IGR,FALSE,FALSE,FALSE,FALSE,5,3,2,3_2,d4907a1b-8b06-47c5-8bca-c781d9cddaf8,OR6K3
1,158911574,158911574,1,snv_mnv,NA,NA,"broad,dkfz,muse,sanger",4,COSN7179986,NA,NA,FALSE,0.1474,NA,14,81,NA,NA,NA,Intron,FALSE,FALSE,FALSE,FALSE,5,3,2,3_2,d4907a1b-8b06-47c5-8bca-c781d9cddaf8,PYHIN1
1,159181394,159181394,1,snv_mnv,NA,NA,"broad,dkfz,muse,sanger",4,COSN7180117,NA,NA,FALSE,0.1889,NA,17,73,NA,NA,NA,IGR,FALSE,FALSE,FALSE,FALSE,5,3,2,3_2,d4907a1b-8b06-47c5-8bca-c781d9cddaf8,CADM3-AS1
1,159523267,159523267,1,snv_mnv,NA,NA,"broad,dkfz,muse,sanger",4,COSN7180306,NA,L1MB1,FALSE,0.4175,NA,43,60,NA,NA,NA,IGR,FALSE,FALSE,FALSE,FALSE,5,3,2,3_2,d4907a1b-8b06-47c5-8bca-c781d9cddaf8,AL606752.1
1,159886261,159886261,1,snv_mnv,NA,NA,"broad,dkfz,muse,sanger",4,COSN7180419,NA,NA,FALSE,0.3452,NA,29,55,NA,NA,NA,IGR,FALSE,FALSE,FALSE,FALSE,5,3,2,3_2,d4907a1b-8b06-47c5-8bca-c781d9cddaf8,TAGLN2
1,160678439,160678439,1,snv_mnv,NA,NA,"broad,dkfz,muse,sanger",4,COSN7180636,NA,L2c,FALSE,0.3243,NA,36,75,NA,NA,NA,Intron,FALSE,FALSE,FALSE,FALSE,5,3,2,3_2,d4907a1b-8b06-47c5-8bca-c781d9cddaf8,NA
1,160810360,160810360,1,snv_mnv,NA,NA,"broad,dkfz,muse,sanger",4,COSN7180673,NA,NA,FALSE,0.2895,NA,22,54,NA,NA,NA,Intron,FALSE,FALSE,FALSE,FALSE,5,3,2,3_2,d4907a1b-8b06-47c5-8bca-c781d9cddaf8,CD244
1,161153036,161153036,1,snv_mnv,NA,NA,"broad,dkfz,muse,sanger",4,COSN7180741,NA,NA,FALSE,0.2692,NA,28,76,NA,NA,NA,IGR,FALSE,FALSE,FALSE,FALSE,5,3,2,3_2,d4907a1b-8b06-47c5-8bca-c781d9cddaf8,ADAMTS4
1,163477313,163477313,1,snv_mnv,NA,NA,"broad,dkfz,muse,sanger",4,COSN7181443,NA,NA,FALSE,0.2157,NA,22,80,NA,NA,NA,RNA,FALSE,FALSE,FALSE,FALSE,5,3,2,3_2,d4907a1b-8b06-47c5-8bca-c781d9cddaf8,RNA5SP63
1,163764740,163764740,1,snv_mnv,NA,NA,"broad,dkfz,muse,sanger",4,COSN7181563,NA,NA,FALSE,0.1161,NA,13,99,NA,NA,NA,IGR,FALSE,FALSE,FALSE,FALSE,5,3,2,3_2,d4907a1b-8b06-47c5-8bca-c781d9cddaf8,NA
1,163841986,163841986,1,snv_mnv,NA,NA,"broad,dkfz,muse,sanger",4,COSN7181597,NA,NA,FALSE,0.3976,NA,33,50,NA,NA,NA,IGR,FALSE,FALSE,FALSE,FALSE,5,3,2,3_2,d4907a1b-8b06-47c5-8bca-c781d9cddaf8,NA
1,163853737,163853737,1,snv_mnv,NA,NA,"broad,dkfz,muse,sanger",4,COSN7181605,NA,NA,FALSE,0.2581,NA,24,69,NA,NA,NA,IGR,FALSE,FALSE,FALSE,FALSE,5,3,2,3_2,d4907a1b-8b06-47c5-8bca-c781d9cddaf8,NA
1,164247830,164247830,1,snv_mnv,NA,NA,"broad,dkfz,muse,sanger",4,COSN7181798,NA,L1PA17,FALSE,0.3519,NA,38,70,NA,NA,NA,IGR,FALSE,FALSE,FALSE,FALSE,5,3,2,3_2,d4907a1b-8b06-47c5-8bca-c781d9cddaf8,NA
1,164494567,164494567,1,snv_mnv,NA,NA,"broad,dkfz,muse,sanger",4,COSN7181901,NA,LTR29,FALSE,0.1262,NA,13,90,NA,NA,NA,IGR,FALSE,FALSE,FALSE,FALSE,5,3,2,3_2,d4907a1b-8b06-47c5-8bca-c781d9cddaf8,NA
1,164549518,164549518,1,snv_mnv,NA,NA,"broad,dkfz,muse,sanger",4,COSN7181920,NA,NA,FALSE,0.2188,NA,21,75,NA,NA,NA,Intron,FALSE,FALSE,FALSE,FALSE,5,3,2,3_2,d4907a1b-8b06-47c5-8bca-c781d9cddaf8,NA
1,165782243,165782243,1,snv_mnv,NA,NA,"broad,dkfz,muse,sanger",4,COSN7182334,NA,NA,FALSE,0.2128,NA,20,74,NA,NA,NA,Intron,FALSE,FALSE,FALSE,FALSE,5,3,2,3_2,d4907a1b-8b06-47c5-8bca-c781d9cddaf8,NA
1,165847567,165847567,1,snv_mnv,NA,NA,"dkfz,sanger",2,COSN7182356,NA,AluSc8,FALSE,0.2564,NA,20,58,NA,NA,NA,Intron,FALSE,FALSE,FALSE,FALSE,5,3,2,3_2,d4907a1b-8b06-47c5-8bca-c781d9cddaf8,NA
1,166287691,166287691,1,snv_mnv,0.0037939,rs534185445,"broad,muse,sanger",3,COSN7182546,rs534185445,AluY,FALSE,0.4571,NA,32,38,NA,NA,NA,IGR,FALSE,FALSE,FALSE,FALSE,5,3,2,3_2,d4907a1b-8b06-47c5-8bca-c781d9cddaf8,NA
1,166357612,166357612,1,snv_mnv,NA,NA,"broad,dkfz,muse,sanger",4,COSN7182581,NA,FRAM,FALSE,0.169,NA,12,59,NA,NA,NA,lincRNA,FALSE,FALSE,TRUE,FALSE,5,3,2,3_2,d4907a1b-8b06-47c5-8bca-c781d9cddaf8,NA
1,166882818,166882818,1,snv_mnv,NA,NA,"broad,dkfz,muse,sanger",4,COSN7182823,NA,NA,FALSE,0.2083,NA,20,76,NA,NA,NA,3'UTR,FALSE,FALSE,FALSE,FALSE,5,3,2,3_2,d4907a1b-8b06-47c5-8bca-c781d9cddaf8,NA
1,167285217,167285217,1,snv_mnv,NA,NA,"broad,dkfz,muse,sanger",4,COSN7182936,NA,L1MD3,FALSE,0.2667,NA,28,77,NA,NA,NA,Intron,FALSE,FALSE,FALSE,FALSE,5,3,2,3_2,d4907a1b-8b06-47c5-8bca-c781d9cddaf8,NA
1,167526356,167526356,1,snv_mnv,NA,NA,"broad,dkfz,muse,sanger",4,COSN7182993,NA,NA,FALSE,0.2897,NA,31,76,NA,NA,NA,IGR,FALSE,FALSE,TRUE,FALSE,5,3,2,3_2,d4907a1b-8b06-47c5-8bca-c781d9cddaf8,CREG1
1,168634713,168634713,1,snv_mnv,NA,NA,"broad,dkfz,muse,sanger",4,COSN7183308,NA,NA,FALSE,0.1053,NA,12,102,NA,NA,NA,IGR,FALSE,FALSE,FALSE,FALSE,5,3,2,3_2,d4907a1b-8b06-47c5-8bca-c781d9cddaf8,NA
1,169076672,169076672,1,snv_mnv,NA,NA,"broad,dkfz,muse,sanger",4,COSN7183439,NA,NA,FALSE,0.3519,NA,38,70,NA,NA,NA,Intron,FALSE,FALSE,FALSE,FALSE,5,3,2,3_2,d4907a1b-8b06-47c5-8bca-c781d9cddaf8,"ATP1B1,AL031726.1"
1,169261409,169261409,1,snv_mnv,NA,NA,"broad,dkfz,muse,sanger",4,COSN7183500,NA,L1MD,FALSE,0.4576,NA,54,64,NA,NA,NA,Intron,FALSE,FALSE,FALSE,FALSE,5,3,2,3_2,d4907a1b-8b06-47c5-8bca-c781d9cddaf8,NA
1,169341768,169341768,1,snv_mnv,NA,NA,"broad,dkfz,muse,sanger",4,COSN7183520,NA,L2c,FALSE,0.1207,NA,14,102,NA,NA,NA,Intron,FALSE,FALSE,FALSE,FALSE,5,3,2,3_2,d4907a1b-8b06-47c5-8bca-c781d9cddaf8,NME7
1,170209263,170209263,1,snv_mnv,NA,NA,"broad,dkfz,muse,sanger",4,COSN7183780,NA,NA,FALSE,0.1579,NA,15,80,NA,NA,NA,lincRNA,FALSE,FALSE,FALSE,FALSE,5,3,2,3_2,d4907a1b-8b06-47c5-8bca-c781d9cddaf8,NA
1,171420200,171420200,1,snv_mnv,1.9968e-4,rs537792928,"broad,dkfz,muse,sanger",4,COSN7184292,rs537792928,L1PA11,FALSE,0.129,NA,12,81,NA,NA,NA,IGR,FALSE,FALSE,FALSE,FALSE,5,3,2,3_2,d4907a1b-8b06-47c5-8bca-c781d9cddaf8,NA
1,172155010,172155010,1,snv_mnv,NA,NA,"broad,dkfz,muse,sanger",4,COSN7184489,NA,NA,FALSE,0.2805,NA,23,59,NA,NA,NA,Intron,FALSE,FALSE,FALSE,FALSE,5,3,2,3_2,d4907a1b-8b06-47c5-8bca-c781d9cddaf8,NA
1,174789770,174789770,1,snv_mnv,NA,NA,"broad,dkfz,muse,sanger",4,COSN7185158,NA,NA,FALSE,0.2427,NA,25,78,NA,NA,NA,Intron,FALSE,FALSE,FALSE,FALSE,5,3,2,3_2,d4907a1b-8b06-47c5-8bca-c781d9cddaf8,NA
1,174931323,174931323,1,snv_mnv,NA,NA,"broad,dkfz,muse,sanger",4,COSN7185201,NA,AluY,FALSE,0.2439,NA,10,31,NA,NA,NA,5'Flank,FALSE,FALSE,TRUE,FALSE,5,3,2,3_2,d4907a1b-8b06-47c5-8bca-c781d9cddaf8,RABGAP1L
1,175044721,175044721,1,snv_mnv,1.9968e-4,rs568996033,"broad,dkfz,muse,sanger",4,COSN7185231,rs568996033,AluSz,FALSE,0.2469,NA,20,61,NA,NA,NA,Intron,FALSE,FALSE,FALSE,FALSE,5,3,2,3_2,d4907a1b-8b06-47c5-8bca-c781d9cddaf8,TNN
1,176414023,176414023,1,snv_mnv,NA,NA,"broad,dkfz,muse,sanger",4,COSN7185843,NA,MIRc,FALSE,0.2857,NA,34,85,NA,NA,NA,IGR,FALSE,FALSE,FALSE,FALSE,5,3,2,3_2,d4907a1b-8b06-47c5-8bca-c781d9cddaf8,NA
1,176454446,176454446,1,snv_mnv,NA,NA,"broad,dkfz,muse,sanger",4,COSN7185858,NA,L2a,FALSE,0.25,NA,26,78,NA,NA,NA,Intron,FALSE,FALSE,FALSE,FALSE,5,3,2,3_2,d4907a1b-8b06-47c5-8bca-c781d9cddaf8,NA
1,176601643,176601643,1,snv_mnv,NA,NA,"broad,dkfz,muse,sanger",4,COSN7185931,NA,AluYg6,FALSE,0.2857,NA,18,45,NA,NA,NA,Intron,FALSE,FALSE,FALSE,FALSE,5,3,2,3_2,d4907a1b-8b06-47c5-8bca-c781d9cddaf8,NA
1,177065050,177065050,1,snv_mnv,NA,NA,"broad,dkfz,muse,sanger",4,COSN7186199,NA,MLT1A0-int,FALSE,0.1028,NA,11,96,NA,NA,NA,Intron,FALSE,FALSE,FALSE,FALSE,5,3,2,3_2,d4907a1b-8b06-47c5-8bca-c781d9cddaf8,NA
1,177125137,177125137,1,snv_mnv,NA,NA,"broad,dkfz,muse,sanger",4,COSN7186242,NA,AluSg,FALSE,0.2532,NA,20,59,NA,NA,NA,Intron,FALSE,FALSE,FALSE,FALSE,5,3,2,3_2,d4907a1b-8b06-47c5-8bca-c781d9cddaf8,NA
1,177423353,177423353,1,snv_mnv,0.0027955,rs186473918,"broad,dkfz,muse,sanger",4,COSN7186379,rs186473918,L1PA15,FALSE,0.3197,NA,39,83,NA,NA,NA,lincRNA,FALSE,FALSE,FALSE,FALSE,5,3,2,3_2,d4907a1b-8b06-47c5-8bca-c781d9cddaf8,NA
1,181311142,181311142,1,snv_mnv,NA,NA,"broad,dkfz,muse,sanger",4,COSN7187395,NA,L2a,FALSE,0.2619,NA,22,62,NA,NA,NA,IGR,FALSE,FALSE,FALSE,FALSE,5,3,2,3_2,d4907a1b-8b06-47c5-8bca-c781d9cddaf8,NA
1,181584294,181584294,1,snv_mnv,NA,NA,"broad,dkfz,muse,sanger",4,COSN7187512,rs369820841,L1MEc,FALSE,0.2126,NA,27,100,NA,NA,NA,Intron,FALSE,FALSE,FALSE,FALSE,5,3,2,3_2,d4907a1b-8b06-47c5-8bca-c781d9cddaf8,NA
1,181652916,181652916,1,snv_mnv,NA,NA,"broad,dkfz,muse,sanger",4,COSN7187540,NA,L1PREC2,FALSE,0.232,NA,29,96,NA,NA,NA,Intron,FALSE,FALSE,FALSE,FALSE,5,3,2,3_2,d4907a1b-8b06-47c5-8bca-c781d9cddaf8,NA
1,181743768,181743768,1,snv_mnv,NA,NA,"broad,dkfz,muse,sanger",4,COSN7187588,NA,MLT1J,FALSE,0.2231,NA,27,94,NA,NA,NA,Intron,FALSE,FALSE,FALSE,FALSE,5,3,2,3_2,d4907a1b-8b06-47c5-8bca-c781d9cddaf8,"RNA5SP70,CACNA1E"
1,181935509,181935509,1,snv_mnv,NA,NA,"broad,dkfz,muse,sanger",4,COSN7187684,NA,THE1C,FALSE,0.2532,NA,20,59,NA,NA,NA,IGR,FALSE,FALSE,FALSE,FALSE,5,3,2,3_2,d4907a1b-8b06-47c5-8bca-c781d9cddaf8,NA
1,181995616,181995616,1,snv_mnv,NA,NA,"broad,dkfz,muse,sanger",4,COSN7187715,NA,AluY,FALSE,0.2361,NA,17,55,NA,NA,NA,IGR,FALSE,FALSE,FALSE,FALSE,5,3,2,3_2,d4907a1b-8b06-47c5-8bca-c781d9cddaf8,NA
1,183044723,183044723,1,snv_mnv,NA,NA,"broad,dkfz,muse,sanger",4,COSN7188017,NA,Charlie7a,FALSE,0.287,NA,33,82,NA,NA,NA,Intron,FALSE,FALSE,FALSE,FALSE,5,3,2,3_2,d4907a1b-8b06-47c5-8bca-c781d9cddaf8,NA
1,183141943,183141943,1,snv_mnv,NA,NA,"broad,dkfz,muse,sanger",4,COSN7188036,NA,AT_rich,FALSE,0.1818,NA,20,90,NA,NA,NA,IGR,FALSE,FALSE,FALSE,FALSE,5,3,2,3_2,d4907a1b-8b06-47c5-8bca-c781d9cddaf8,NA
1,183471529,183471529,1,snv_mnv,NA,NA,"broad,dkfz,muse,sanger",4,COSN7188142,NA,NA,FALSE,0.1048,NA,13,111,NA,NA,NA,Intron,FALSE,FALSE,FALSE,FALSE,5,3,2,3_2,d4907a1b-8b06-47c5-8bca-c781d9cddaf8,NA
1,183534306,183534306,1,snv_mnv,NA,NA,"broad,dkfz,muse,sanger",4,COSN7188156,NA,NA,FALSE,0.1609,NA,14,73,NA,NA,NA,Intron,FALSE,FALSE,FALSE,FALSE,5,3,2,3_2,d4907a1b-8b06-47c5-8bca-c781d9cddaf8,NCF2
1,183755403,183755403,1,snv_mnv,NA,NA,"broad,dkfz,muse,sanger",4,COSN7188203,NA,AluJr,FALSE,0.134,NA,13,84,NA,NA,NA,Intron,FALSE,FALSE,FALSE,FALSE,5,3,2,3_2,d4907a1b-8b06-47c5-8bca-c781d9cddaf8,NA
1,183935065,183935065,1,snv_mnv,NA,NA,"broad,dkfz,muse,sanger",4,COSN7188270,NA,HAL1,FALSE,0.4078,NA,42,61,NA,NA,NA,Intron,FALSE,FALSE,FALSE,FALSE,5,3,2,3_2,d4907a1b-8b06-47c5-8bca-c781d9cddaf8,COLGALT2
1,184709728,184709728,1,snv_mnv,NA,NA,"broad,dkfz,muse,sanger",4,COSN7188476,NA,Tigger6a,FALSE,0.23,NA,23,77,NA,NA,NA,Intron,FALSE,FALSE,FALSE,FALSE,5,3,2,3_2,d4907a1b-8b06-47c5-8bca-c781d9cddaf8,EDEM3
1,185768820,185768820,1,snv_mnv,NA,NA,"broad,dkfz,muse,sanger",4,COSN7188797,NA,L1PA15-16,FALSE,0.375,NA,27,45,NA,NA,NA,Intron,FALSE,FALSE,FALSE,FALSE,5,3,2,3_2,d4907a1b-8b06-47c5-8bca-c781d9cddaf8,NA
1,185829021,185829021,1,snv_mnv,NA,NA,"broad,dkfz,muse,sanger",4,COSN7188824,NA,AluSx,FALSE,0.4608,NA,47,55,NA,NA,NA,Intron,FALSE,FALSE,FALSE,FALSE,5,3,2,3_2,d4907a1b-8b06-47c5-8bca-c781d9cddaf8,NA
1,186025493,186025493,1,snv_mnv,NA,NA,"broad,dkfz,muse,sanger",4,COSN7188906,NA,NA,FALSE,0.2128,NA,30,111,NA,NA,NA,Intron,FALSE,FALSE,FALSE,FALSE,5,3,2,3_2,d4907a1b-8b06-47c5-8bca-c781d9cddaf8,NA
1,186080405,186080405,1,snv_mnv,3.9936e-4,rs539375997,"broad,dkfz,muse,sanger",4,COSN7188927,rs539375997,AluY,FALSE,0.2692,NA,21,57,NA,NA,NA,Intron,FALSE,FALSE,FALSE,FALSE,5,3,2,3_2,d4907a1b-8b06-47c5-8bca-c781d9cddaf8,NA
1,186887599,186887599,1,snv_mnv,NA,NA,"broad,dkfz,muse,sanger",4,COSN7189203,NA,HERVE_a-int,FALSE,0.4471,NA,38,47,NA,NA,NA,Intron,FALSE,FALSE,FALSE,FALSE,5,3,2,3_2,d4907a1b-8b06-47c5-8bca-c781d9cddaf8,NA
1,187265453,187265453,1,snv_mnv,NA,NA,"broad,dkfz,muse,sanger",4,COSN7189425,NA,AluY,FALSE,0.1111,NA,10,80,NA,NA,NA,lincRNA,FALSE,FALSE,FALSE,FALSE,5,3,2,3_2,d4907a1b-8b06-47c5-8bca-c781d9cddaf8,NA
1,187561789,187561789,1,snv_mnv,NA,NA,"broad,dkfz,muse,sanger",4,COSN7189651,NA,Tigger1,FALSE,0.3551,NA,38,69,NA,NA,NA,IGR,FALSE,FALSE,FALSE,FALSE,5,3,2,3_2,d4907a1b-8b06-47c5-8bca-c781d9cddaf8,NA
1,187592206,187592206,1,snv_mnv,NA,NA,"broad,dkfz,muse,sanger",4,COSN7189678,NA,NA,FALSE,0.2115,NA,22,82,NA,NA,NA,IGR,FALSE,FALSE,FALSE,FALSE,5,3,2,3_2,d4907a1b-8b06-47c5-8bca-c781d9cddaf8,NA
1,187693792,187693792,1,snv_mnv,NA,NA,"broad,dkfz,muse,sanger",4,COSN7189749,NA,NA,FALSE,0.1351,NA,15,96,NA,NA,NA,IGR,FALSE,FALSE,FALSE,FALSE,5,3,2,3_2,d4907a1b-8b06-47c5-8bca-c781d9cddaf8,NA
1,187802839,187802839,1,snv_mnv,NA,NA,"broad,dkfz,muse,sanger",4,COSN7189818,NA,NA,FALSE,0.2276,NA,28,95,NA,NA,NA,IGR,FALSE,FALSE,TRUE,FALSE,5,3,2,3_2,d4907a1b-8b06-47c5-8bca-c781d9cddaf8,NA
1,188261168,188261168,1,snv_mnv,NA,NA,"broad,dkfz,muse,sanger",4,COSN7190192,NA,NA,FALSE,0.197,NA,26,106,NA,NA,NA,IGR,FALSE,FALSE,FALSE,FALSE,5,3,2,3_2,d4907a1b-8b06-47c5-8bca-c781d9cddaf8,NA
1,188275168,188275168,1,snv_mnv,NA,NA,"broad,dkfz,muse,sanger",4,COSN7190210,rs540803785,AluY,FALSE,0.2466,NA,18,55,NA,NA,NA,IGR,FALSE,FALSE,FALSE,FALSE,5,3,2,3_2,d4907a1b-8b06-47c5-8bca-c781d9cddaf8,NA
1,188346777,188346777,1,snv_mnv,NA,NA,"broad,dkfz,muse,sanger",4,COSN7190282,NA,MSTA,FALSE,0.2348,NA,27,88,NA,NA,NA,IGR,FALSE,FALSE,FALSE,FALSE,5,3,2,3_2,d4907a1b-8b06-47c5-8bca-c781d9cddaf8,NA
1,188355860,188355860,1,snv_mnv,NA,NA,"broad,dkfz,muse,sanger",4,COSN7190293,NA,MLT1A0,FALSE,0.2981,NA,31,73,NA,NA,NA,IGR,FALSE,FALSE,FALSE,FALSE,5,3,2,3_2,d4907a1b-8b06-47c5-8bca-c781d9cddaf8,NA
1,188645507,188645507,1,snv_mnv,1.9968e-4,rs534005618,"broad,dkfz,muse,sanger",4,COSN7190557,rs534005618,L2c,FALSE,0.26,NA,26,74,NA,NA,NA,IGR,FALSE,FALSE,FALSE,FALSE,5,3,2,3_2,d4907a1b-8b06-47c5-8bca-c781d9cddaf8,AL929288.2
1,188859974,188859974,1,snv_mnv,7.9872e-4,rs191582400,"broad,dkfz,muse,sanger",4,COSN7190773,rs191582400,L1MA8,FALSE,0.3125,NA,35,77,NA,NA,NA,IGR,FALSE,FALSE,FALSE,FALSE,5,3,2,3_2,d4907a1b-8b06-47c5-8bca-c781d9cddaf8,NA
1,188988459,188988459,1,snv_mnv,NA,NA,"broad,dkfz,muse,sanger",4,COSN7190907,NA,MLT2B3,FALSE,0.3535,NA,35,64,NA,NA,NA,lincRNA,FALSE,FALSE,FALSE,FALSE,5,3,2,3_2,d4907a1b-8b06-47c5-8bca-c781d9cddaf8,NA
1,189030747,189030747,1,snv_mnv,NA,NA,"broad,dkfz,muse,sanger",4,COSN7190952,NA,NA,FALSE,0.1122,NA,11,87,NA,NA,NA,IGR,FALSE,FALSE,FALSE,FALSE,5,3,2,3_2,d4907a1b-8b06-47c5-8bca-c781d9cddaf8,NA
1,189479964,189479964,1,snv_mnv,NA,NA,"broad,dkfz,muse,sanger",4,COSN7191308,NA,L2c,FALSE,0.252,NA,31,92,NA,NA,NA,IGR,FALSE,FALSE,FALSE,FALSE,5,3,2,3_2,d4907a1b-8b06-47c5-8bca-c781d9cddaf8,NA
1,189839604,189839604,1,snv_mnv,NA,NA,"broad,dkfz,muse,sanger",4,COSN7191607,NA,NA,FALSE,0.3469,NA,34,64,NA,NA,NA,lincRNA,FALSE,FALSE,FALSE,FALSE,5,3,2,3_2,d4907a1b-8b06-47c5-8bca-c781d9cddaf8,AL591504.1
1,189849892,189849892,1,snv_mnv,NA,NA,"broad,dkfz,muse,sanger",4,COSN7191615,NA,Tigger7,FALSE,0.2672,NA,35,96,NA,NA,NA,IGR,FALSE,FALSE,TRUE,FALSE,5,3,2,3_2,d4907a1b-8b06-47c5-8bca-c781d9cddaf8,NA
1,189982207,189982207,1,snv_mnv,NA,NA,"broad,dkfz,muse,sanger",4,COSN7191712,NA,L1PB1,FALSE,0.1404,NA,16,98,NA,NA,NA,IGR,FALSE,FALSE,FALSE,FALSE,5,3,2,3_2,d4907a1b-8b06-47c5-8bca-c781d9cddaf8,NA
1,190159353,190159353,1,snv_mnv,NA,NA,"broad,dkfz,muse",3,COSN7191867,NA,L1MD1,FALSE,0.013889,NA,1,71,NA,NA,NA,Intron,FALSE,FALSE,TRUE,FALSE,5,3,2,3_2,d4907a1b-8b06-47c5-8bca-c781d9cddaf8,NA
1,190159354,190159354,1,snv_mnv,NA,NA,"broad,dkfz,muse,sanger",4,COSN7191868,NA,L1MD1,FALSE,0.013699,NA,1,72,NA,NA,NA,Intron,FALSE,FALSE,FALSE,FALSE,5,3,2,3_2,d4907a1b-8b06-47c5-8bca-c781d9cddaf8,NA
1,190266484,190266484,1,snv_mnv,NA,NA,"broad,dkfz,muse",3,COSN7191964,NA,L1M3,FALSE,0.0932,NA,11,107,NA,NA,NA,Intron,FALSE,FALSE,FALSE,FALSE,5,3,2,3_2,d4907a1b-8b06-47c5-8bca-c781d9cddaf8,NA
1,190563648,190563648,1,snv_mnv,NA,NA,"broad,dkfz,muse,sanger",4,COSN7192269,NA,LOR1-int,FALSE,0.3714,NA,39,66,NA,NA,NA,IGR,FALSE,FALSE,FALSE,FALSE,5,3,2,3_2,d4907a1b-8b06-47c5-8bca-c781d9cddaf8,NA
1,190563655,190563655,1,snv_mnv,NA,NA,"broad,dkfz,muse,sanger",4,COSN7192270,NA,LOR1-int,FALSE,0.3451,NA,39,74,NA,NA,NA,IGR,FALSE,FALSE,FALSE,FALSE,5,3,2,3_2,d4907a1b-8b06-47c5-8bca-c781d9cddaf8,NA
1,190720258,190720258,1,snv_mnv,NA,NA,"broad,dkfz,muse,sanger",4,COSN7192428,NA,AluSc,FALSE,0.2838,NA,21,53,NA,NA,NA,lincRNA,FALSE,FALSE,FALSE,FALSE,5,3,2,3_2,d4907a1b-8b06-47c5-8bca-c781d9cddaf8,NA
1,190780355,190780355,1,snv_mnv,NA,NA,"broad,dkfz,muse,sanger",4,COSN7192486,NA,L1PA13,FALSE,0.3605,NA,31,55,NA,NA,NA,IGR,FALSE,FALSE,FALSE,FALSE,5,3,2,3_2,d4907a1b-8b06-47c5-8bca-c781d9cddaf8,NA
1,190892777,190892777,1,snv_mnv,NA,NA,"broad,dkfz,muse,sanger",4,COSN7192597,NA,NA,FALSE,0.2841,NA,25,63,NA,NA,NA,IGR,FALSE,FALSE,FALSE,FALSE,5,3,2,3_2,d4907a1b-8b06-47c5-8bca-c781d9cddaf8,NA
1,190981585,190981585,1,snv_mnv,NA,NA,"broad,dkfz,muse,sanger",4,COSN7192694,NA,L1MCa,FALSE,0.1212,NA,12,87,NA,NA,NA,IGR,FALSE,FALSE,FALSE,FALSE,5,3,2,3_2,d4907a1b-8b06-47c5-8bca-c781d9cddaf8,NA
1,191167450,191167450,1,snv_mnv,NA,NA,"broad,dkfz,muse,sanger",4,COSN7192876,NA,L1MEe,FALSE,0.4297,NA,55,73,NA,NA,NA,IGR,FALSE,FALSE,FALSE,FALSE,5,3,2,3_2,d4907a1b-8b06-47c5-8bca-c781d9cddaf8,NA
1,191319090,191319090,1,snv_mnv,NA,NA,"broad,dkfz,muse,sanger",4,COSN7193018,NA,L1MB4,FALSE,0.1391,NA,16,99,NA,NA,NA,IGR,FALSE,FALSE,FALSE,FALSE,5,3,2,3_2,d4907a1b-8b06-47c5-8bca-c781d9cddaf8,NA
1,191325522,191325522,1,snv_mnv,NA,NA,"broad,dkfz,muse,sanger",4,COSN7193026,NA,L1PA16,FALSE,0.1491,NA,17,97,NA,NA,NA,IGR,FALSE,FALSE,FALSE,FALSE,5,3,2,3_2,d4907a1b-8b06-47c5-8bca-c781d9cddaf8,NA
1,191487958,191487958,1,snv_mnv,NA,NA,"broad,dkfz,muse,sanger",4,COSN7193176,NA,AluSx4,FALSE,0.1818,NA,16,72,NA,NA,NA,IGR,FALSE,FALSE,FALSE,FALSE,5,3,2,3_2,d4907a1b-8b06-47c5-8bca-c781d9cddaf8,NA
1,191703370,191703370,1,snv_mnv,NA,NA,"broad,dkfz,muse,sanger",4,COSN7193373,NA,NA,FALSE,0.2844,NA,31,78,NA,NA,NA,IGR,FALSE,FALSE,FALSE,FALSE,5,3,2,3_2,d4907a1b-8b06-47c5-8bca-c781d9cddaf8,NA
1,192070882,192070882,1,snv_mnv,NA,NA,"broad,dkfz,muse,sanger",4,COSN7193695,NA,NA,FALSE,0.4109,NA,53,76,NA,NA,NA,IGR,FALSE,FALSE,FALSE,FALSE,5,3,2,3_2,d4907a1b-8b06-47c5-8bca-c781d9cddaf8,NA
1,192233965,192233965,1,snv_mnv,NA,NA,"broad,dkfz,muse,sanger",4,COSN7193792,NA,NA,FALSE,0.1212,NA,12,87,NA,NA,NA,IGR,FALSE,FALSE,FALSE,FALSE,5,3,2,3_2,d4907a1b-8b06-47c5-8bca-c781d9cddaf8,NA
1,193164132,193164132,1,snv_mnv,NA,NA,"broad,dkfz,muse,sanger",4,COSN7194094,NA,MLT2B4,FALSE,0.405,NA,49,72,NA,NA,NA,Intron,FALSE,FALSE,FALSE,FALSE,5,3,2,3_2,d4907a1b-8b06-47c5-8bca-c781d9cddaf8,NA
1,193190252,193190252,1,snv_mnv,NA,NA,"broad,dkfz,muse,sanger",4,COSN7194097,NA,L2a,FALSE,0.2268,NA,22,75,NA,NA,NA,Intron,FALSE,FALSE,FALSE,FALSE,5,3,2,3_2,d4907a1b-8b06-47c5-8bca-c781d9cddaf8,NA
1,193612101,193612101,1,snv_mnv,NA,NA,"broad,dkfz,muse,sanger",4,COSN7194209,NA,L1PA7,FALSE,0.2857,NA,30,75,NA,NA,NA,IGR,FALSE,FALSE,FALSE,FALSE,5,3,2,3_2,d4907a1b-8b06-47c5-8bca-c781d9cddaf8,NA
1,193755429,193755429,1,snv_mnv,NA,NA,"broad,dkfz,muse,sanger",4,COSN7194271,rs12404152,NA,FALSE,0.1364,NA,12,76,NA,NA,NA,IGR,FALSE,FALSE,FALSE,FALSE,5,3,2,3_2,d4907a1b-8b06-47c5-8bca-c781d9cddaf8,NA
1,193773775,193773775,1,snv_mnv,5.9904e-4,rs562667165,"broad,muse,sanger",3,COSN7194277,rs562667165,L1PA5,FALSE,0.4493,NA,31,38,NA,NA,NA,IGR,FALSE,FALSE,FALSE,FALSE,5,3,2,3_2,d4907a1b-8b06-47c5-8bca-c781d9cddaf8,NA
1,193801541,193801541,1,snv_mnv,NA,NA,"broad,dkfz,muse,sanger",4,COSN7194292,NA,MER47A,FALSE,0.2095,NA,22,83,NA,NA,NA,IGR,FALSE,FALSE,FALSE,FALSE,5,3,2,3_2,d4907a1b-8b06-47c5-8bca-c781d9cddaf8,NA
1,193995690,193995690,1,snv_mnv,NA,NA,"broad,dkfz,muse,sanger",4,COSN7194386,NA,NA,FALSE,0.3097,NA,35,78,NA,NA,NA,IGR,FALSE,FALSE,FALSE,FALSE,5,3,2,3_2,d4907a1b-8b06-47c5-8bca-c781d9cddaf8,NA
1,194268379,194268379,1,snv_mnv,NA,NA,"broad,dkfz,muse,sanger",4,COSN7194500,NA,NA,FALSE,0.2,NA,16,64,NA,NA,NA,IGR,FALSE,FALSE,FALSE,FALSE,5,3,2,3_2,d4907a1b-8b06-47c5-8bca-c781d9cddaf8,NA
1,194459571,194459571,1,snv_mnv,NA,NA,"broad,dkfz,muse,sanger",4,COSN7194606,NA,Tigger1,FALSE,0.3723,NA,35,59,NA,NA,NA,RNA,FALSE,FALSE,FALSE,FALSE,5,3,2,3_2,d4907a1b-8b06-47c5-8bca-c781d9cddaf8,RNU6-983P
1,194499817,194499817,1,snv_mnv,NA,NA,"broad,dkfz,muse,sanger",4,COSN7194635,NA,NA,FALSE,0.1869,NA,20,87,NA,NA,NA,IGR,FALSE,FALSE,FALSE,FALSE,5,3,2,3_2,d4907a1b-8b06-47c5-8bca-c781d9cddaf8,NA
1,194570670,194570670,1,snv_mnv,NA,NA,"broad,dkfz,muse,sanger",4,COSN7194693,NA,AluJb,FALSE,0.1591,NA,14,74,NA,NA,NA,IGR,FALSE,FALSE,FALSE,FALSE,5,3,2,3_2,d4907a1b-8b06-47c5-8bca-c781d9cddaf8,NA
1,195236517,195236517,1,snv_mnv,NA,NA,"broad,dkfz,muse,sanger",4,COSN7195347,NA,L1MA10,FALSE,0.2222,NA,22,77,NA,NA,NA,IGR,FALSE,FALSE,FALSE,FALSE,5,3,2,3_2,d4907a1b-8b06-47c5-8bca-c781d9cddaf8,NA
1,195350167,195350167,1,snv_mnv,NA,NA,"broad,dkfz,muse,sanger",4,COSN7195459,NA,LTR40c,FALSE,0.2336,NA,25,82,NA,NA,NA,IGR,FALSE,FALSE,FALSE,FALSE,5,3,2,3_2,d4907a1b-8b06-47c5-8bca-c781d9cddaf8,NA
1,195379814,195379814,1,snv_mnv,NA,NA,"broad,dkfz,muse,sanger",4,COSN7195492,NA,NA,FALSE,0.2211,NA,21,74,NA,NA,NA,IGR,FALSE,FALSE,FALSE,FALSE,5,3,2,3_2,d4907a1b-8b06-47c5-8bca-c781d9cddaf8,NA
1,195503929,195503929,1,snv_mnv,NA,NA,"broad,dkfz,muse,sanger",4,COSN7195611,NA,NA,FALSE,0.35,NA,35,65,NA,NA,NA,IGR,FALSE,FALSE,FALSE,FALSE,5,3,2,3_2,d4907a1b-8b06-47c5-8bca-c781d9cddaf8,NA
1,195536695,195536695,1,snv_mnv,NA,NA,"broad,dkfz,muse,sanger",4,COSN7195633,NA,L1MA8,FALSE,0.1648,NA,15,76,NA,NA,NA,IGR,FALSE,FALSE,FALSE,FALSE,5,3,2,3_2,d4907a1b-8b06-47c5-8bca-c781d9cddaf8,NA
1,195544813,195544813,1,snv_mnv,NA,NA,"broad,dkfz,muse,sanger",4,COSN7195642,NA,NA,FALSE,0.1316,NA,15,99,NA,NA,NA,IGR,FALSE,FALSE,FALSE,FALSE,5,3,2,3_2,d4907a1b-8b06-47c5-8bca-c781d9cddaf8,NA
1,195693652,195693652,1,snv_mnv,NA,NA,"broad,dkfz,muse,sanger",4,COSN7195771,NA,L1MCc,FALSE,0.1613,NA,20,104,NA,NA,NA,IGR,FALSE,FALSE,FALSE,FALSE,5,3,2,3_2,d4907a1b-8b06-47c5-8bca-c781d9cddaf8,NA
1,195793225,195793225,1,snv_mnv,NA,NA,"broad,dkfz,muse,sanger",4,COSN7195858,NA,NA,FALSE,0.3981,NA,41,62,NA,NA,NA,IGR,FALSE,FALSE,FALSE,FALSE,5,3,2,3_2,d4907a1b-8b06-47c5-8bca-c781d9cddaf8,NA
1,195825266,195825266,1,snv_mnv,NA,NA,"broad,dkfz,muse,sanger",4,COSN7195877,NA,L1M2,FALSE,0.1429,NA,12,72,NA,NA,NA,IGR,FALSE,FALSE,FALSE,FALSE,5,3,2,3_2,d4907a1b-8b06-47c5-8bca-c781d9cddaf8,NA
1,195975720,195975720,1,snv_mnv,1.9968e-4,rs193059776,"broad,dkfz,muse,sanger",4,COSN7196000,rs193059776,NA,FALSE,0.131,NA,11,73,NA,NA,NA,IGR,FALSE,FALSE,FALSE,FALSE,5,3,2,3_2,d4907a1b-8b06-47c5-8bca-c781d9cddaf8,NA
1,196030264,196030264,1,snv_mnv,NA,NA,"broad,dkfz,muse,sanger",4,COSN7196027,NA,NA,FALSE,0.25,NA,24,72,NA,NA,NA,lincRNA,FALSE,FALSE,FALSE,FALSE,5,3,2,3_2,d4907a1b-8b06-47c5-8bca-c781d9cddaf8,LINC01724
1,197362272,197362272,1,snv_mnv,NA,NA,"broad,dkfz,muse,sanger",4,COSN7196664,NA,NA,FALSE,0.2475,NA,25,76,NA,NA,NA,Intron,FALSE,FALSE,FALSE,FALSE,5,3,2,3_2,d4907a1b-8b06-47c5-8bca-c781d9cddaf8,NA
1,198459726,198459726,1,snv_mnv,NA,NA,"broad,dkfz,muse,sanger",4,COSN7197034,NA,NA,FALSE,0.1429,NA,15,90,NA,NA,NA,IGR,FALSE,FALSE,FALSE,FALSE,5,3,2,3_2,d4907a1b-8b06-47c5-8bca-c781d9cddaf8,NA
1,199606232,199606232,1,snv_mnv,NA,NA,"broad,dkfz,muse,sanger",4,COSN7197553,NA,L1PA7,FALSE,0.2222,NA,24,84,NA,NA,NA,IGR,FALSE,FALSE,FALSE,FALSE,5,3,2,3_2,d4907a1b-8b06-47c5-8bca-c781d9cddaf8,NA
1,199606260,199606260,1,snv_mnv,NA,NA,"broad,dkfz,muse,sanger",4,COSN7197554,NA,L1PA7,FALSE,0.1753,NA,17,80,NA,NA,NA,IGR,FALSE,FALSE,FALSE,FALSE,5,3,2,3_2,d4907a1b-8b06-47c5-8bca-c781d9cddaf8,NA
1,199858387,199858387,1,snv_mnv,NA,NA,"broad,dkfz,muse,sanger",4,COSN7197643,NA,NA,FALSE,0.4545,NA,45,54,NA,NA,NA,RNA,FALSE,FALSE,FALSE,FALSE,5,3,2,3_2,d4907a1b-8b06-47c5-8bca-c781d9cddaf8,RNU6-778P
1,200389548,200389548,1,snv_mnv,NA,NA,"broad,dkfz,muse,sanger",4,COSN7197822,NA,NA,FALSE,0.2533,NA,19,56,NA,NA,NA,IGR,FALSE,FALSE,FALSE,FALSE,5,3,2,3_2,d4907a1b-8b06-47c5-8bca-c781d9cddaf8,AC104461.1
1,201166877,201166877,1,snv_mnv,5.9904e-4,rs191331928,"broad,dkfz,muse,sanger",4,COSN7198039,rs191331928,NA,FALSE,0.4217,NA,35,48,NA,NA,NA,Intron,FALSE,FALSE,FALSE,FALSE,5,3,2,3_2,d4907a1b-8b06-47c5-8bca-c781d9cddaf8,NA
1,202083471,202083471,1,snv_mnv,NA,NA,"broad,dkfz,muse,sanger",4,COSN7198284,NA,NA,FALSE,0.1364,NA,12,76,NA,NA,NA,IGR,FALSE,FALSE,FALSE,FALSE,5,3,2,3_2,d4907a1b-8b06-47c5-8bca-c781d9cddaf8,NA
1,202818007,202818007,1,snv_mnv,NA,NA,"broad,dkfz,muse,sanger",4,COSN7198480,NA,NA,FALSE,0.1759,NA,19,89,NA,NA,NA,RNA,FALSE,FALSE,FALSE,FALSE,5,3,2,3_2,d4907a1b-8b06-47c5-8bca-c781d9cddaf8,AC098934.1
1,203080275,203080275,1,snv_mnv,NA,NA,"broad,dkfz,muse,sanger",4,COSN7198556,NA,L1ME3E,FALSE,0.1579,NA,18,96,NA,NA,NA,Intron,FALSE,FALSE,FALSE,FALSE,5,3,2,3_2,d4907a1b-8b06-47c5-8bca-c781d9cddaf8,NA
1,203411243,203411243,1,snv_mnv,NA,NA,"broad,dkfz,muse,sanger",4,COSN7198643,NA,NA,FALSE,0.3462,NA,36,68,NA,NA,NA,IGR,FALSE,FALSE,FALSE,FALSE,5,3,2,3_2,d4907a1b-8b06-47c5-8bca-c781d9cddaf8,NA
1,205004201,205004201,1,snv_mnv,NA,NA,"broad,dkfz,muse,sanger",4,COSN7199117,NA,AluJb,FALSE,0.413,NA,38,54,NA,NA,NA,IGR,FALSE,FALSE,FALSE,FALSE,5,3,2,3_2,d4907a1b-8b06-47c5-8bca-c781d9cddaf8,NA
1,205528895,205528895,1,snv_mnv,NA,NA,"dkfz,muse",2,COSN7199265,NA,L1MA5,FALSE,0.1111,NA,6,48,NA,NA,NA,IGR,FALSE,FALSE,FALSE,FALSE,5,3,2,3_2,d4907a1b-8b06-47c5-8bca-c781d9cddaf8,NA
1,205653419,205653419,1,snv_mnv,NA,NA,"broad,dkfz,muse,sanger",4,COSN7199301,NA,AluY,FALSE,0.254,NA,16,47,NA,NA,NA,IGR,FALSE,FALSE,FALSE,FALSE,5,3,2,3_2,d4907a1b-8b06-47c5-8bca-c781d9cddaf8,SLC45A3
1,206785788,206785788,1,snv_mnv,NA,NA,"broad,dkfz,muse,sanger",4,COSN7199487,NA,NA,FALSE,0.3953,NA,34,52,NA,NA,NA,5'UTR,FALSE,FALSE,FALSE,FALSE,5,3,2,3_2,d4907a1b-8b06-47c5-8bca-c781d9cddaf8,EIF2D
1,208799621,208799621,1,snv_mnv,NA,NA,"broad,dkfz,muse,sanger",4,COSN7200063,NA,NA,FALSE,0.271,NA,29,78,NA,NA,NA,lincRNA,FALSE,FALSE,FALSE,FALSE,5,3,2,3_2,d4907a1b-8b06-47c5-8bca-c781d9cddaf8,AC099793.1
1,210045727,210045727,1,snv_mnv,NA,NA,"broad,dkfz,muse",3,COSN7200621,NA,NA,FALSE,0.3711,NA,36,61,NA,NA,NA,IGR,FALSE,FALSE,FALSE,FALSE,5,3,2,3_2,d4907a1b-8b06-47c5-8bca-c781d9cddaf8,NA
1,211120682,211120682,1,snv_mnv,NA,NA,"broad,dkfz,muse,sanger",4,COSN7201068,NA,AluY,FALSE,0.4353,NA,37,48,NA,NA,NA,Intron,FALSE,FALSE,FALSE,FALSE,5,3,2,3_2,d4907a1b-8b06-47c5-8bca-c781d9cddaf8,NA
1,211365205,211365205,1,snv_mnv,NA,NA,"broad,dkfz,muse,sanger",4,COSN7201191,NA,AluSq2,FALSE,0.1529,NA,13,72,NA,NA,NA,IGR,FALSE,FALSE,FALSE,FALSE,5,3,2,3_2,d4907a1b-8b06-47c5-8bca-c781d9cddaf8,"AC092017.3,AC092017.4"
1,211782742,211782742,1,snv_mnv,NA,NA,"broad,dkfz,muse,sanger",4,COSN7201290,NA,MLT1K,FALSE,0.38,NA,38,62,NA,NA,NA,IGR,FALSE,FALSE,FALSE,FALSE,5,3,2,3_2,d4907a1b-8b06-47c5-8bca-c781d9cddaf8,NA
1,212667350,212667350,1,snv_mnv,NA,NA,"broad,dkfz,muse,sanger",4,COSN7201481,NA,MIR3,FALSE,0.3111,NA,28,62,NA,NA,NA,IGR,FALSE,FALSE,FALSE,FALSE,5,3,2,3_2,d4907a1b-8b06-47c5-8bca-c781d9cddaf8,NA
1,214057731,214057731,1,snv_mnv,NA,NA,"broad,dkfz,muse,sanger",4,COSN7202013,NA,NA,FALSE,0.1047,NA,9,77,NA,NA,NA,RNA,FALSE,FALSE,FALSE,FALSE,5,3,2,3_2,d4907a1b-8b06-47c5-8bca-c781d9cddaf8,NA
1,214215007,214215007,1,snv_mnv,NA,NA,"broad,dkfz,muse,sanger",4,COSN7202077,NA,NA,FALSE,0.4024,NA,33,49,NA,NA,NA,IGR,FALSE,FALSE,FALSE,FALSE,5,3,2,3_2,d4907a1b-8b06-47c5-8bca-c781d9cddaf8,PROX1
1,214319545,214319545,1,snv_mnv,NA,NA,"broad,dkfz,muse,sanger",4,COSN7202119,NA,AluSp,FALSE,0.1183,NA,11,82,NA,NA,NA,IGR,FALSE,FALSE,FALSE,FALSE,5,3,2,3_2,d4907a1b-8b06-47c5-8bca-c781d9cddaf8,NA
1,214353891,214353891,1,snv_mnv,NA,NA,"broad,dkfz,muse,sanger",4,COSN7202132,NA,L1MEc,FALSE,0.325,NA,39,81,NA,NA,NA,IGR,FALSE,FALSE,FALSE,FALSE,5,3,2,3_2,d4907a1b-8b06-47c5-8bca-c781d9cddaf8,NA
1,214562962,214562962,1,snv_mnv,NA,NA,"broad,dkfz,muse,sanger",4,COSN7202188,NA,NA,FALSE,0.4111,NA,37,53,NA,NA,NA,Intron,FALSE,FALSE,FALSE,FALSE,5,3,2,3_2,d4907a1b-8b06-47c5-8bca-c781d9cddaf8,NA
1,214564299,214564299,1,snv_mnv,NA,NA,"broad,dkfz,muse,sanger",4,COSN7202190,NA,NA,FALSE,0.3636,NA,32,56,NA,NA,NA,Intron,FALSE,FALSE,FALSE,FALSE,5,3,2,3_2,d4907a1b-8b06-47c5-8bca-c781d9cddaf8,NA
1,215417434,215417434,1,snv_mnv,NA,NA,"broad,dkfz,muse,sanger",4,COSN7202523,NA,NA,FALSE,0.2109,NA,27,101,NA,NA,NA,IGR,FALSE,FALSE,FALSE,FALSE,5,3,2,3_2,d4907a1b-8b06-47c5-8bca-c781d9cddaf8,NA
1,215612599,215612599,1,snv_mnv,NA,NA,"broad,dkfz,muse,sanger",4,COSN7202610,NA,L1MA4A,FALSE,0.2982,NA,34,80,NA,NA,NA,IGR,FALSE,FALSE,FALSE,FALSE,5,3,2,3_2,d4907a1b-8b06-47c5-8bca-c781d9cddaf8,NA
1,215768436,215768436,1,snv_mnv,NA,NA,"broad,dkfz,muse,sanger",4,COSN7202657,NA,NA,FALSE,0.2342,NA,26,85,NA,NA,NA,Intron,FALSE,FALSE,FALSE,FALSE,5,3,2,3_2,d4907a1b-8b06-47c5-8bca-c781d9cddaf8,NA
1,215953628,215953628,1,snv_mnv,NA,NA,"broad,dkfz,muse,sanger",4,COSN7202719,NA,NA,FALSE,0.1569,NA,16,86,NA,NA,NA,Intron,FALSE,FALSE,FALSE,FALSE,5,3,2,3_2,d4907a1b-8b06-47c5-8bca-c781d9cddaf8,NA
1,216097201,216097201,1,snv_mnv,NA,NA,"broad,dkfz,muse,sanger",4,COSN7202783,NA,NA,FALSE,0.1474,NA,14,81,NA,NA,NA,Intron,FALSE,FALSE,FALSE,FALSE,5,3,2,3_2,d4907a1b-8b06-47c5-8bca-c781d9cddaf8,NA
1,216643559,216643559,1,snv_mnv,NA,NA,"broad,dkfz,muse,sanger",4,COSN7203034,NA,NA,FALSE,0.2626,NA,26,73,NA,NA,NA,IGR,FALSE,FALSE,FALSE,FALSE,5,3,2,3_2,d4907a1b-8b06-47c5-8bca-c781d9cddaf8,NA
1,217539111,217539111,1,snv_mnv,NA,NA,"broad,dkfz,muse,sanger",4,COSN7203443,NA,L1M5,FALSE,0.2245,NA,22,76,NA,NA,NA,IGR,FALSE,FALSE,FALSE,FALSE,5,3,2,3_2,d4907a1b-8b06-47c5-8bca-c781d9cddaf8,NA
1,218514237,218514237,1,snv_mnv,NA,NA,"broad,dkfz,muse,sanger",4,COSN7203827,NA,NA,FALSE,0.1098,NA,9,73,NA,NA,NA,IGR,FALSE,FALSE,FALSE,FALSE,5,3,2,3_2,d4907a1b-8b06-47c5-8bca-c781d9cddaf8,"TGFB2-AS1,RRP15,AC096638.1"
1,218889088,218889088,1,snv_mnv,NA,NA,"broad,dkfz,muse,sanger",4,COSN7203932,NA,LTR12_,FALSE,0.3514,NA,26,48,NA,NA,NA,IGR,FALSE,FALSE,FALSE,FALSE,5,3,2,3_2,d4907a1b-8b06-47c5-8bca-c781d9cddaf8,NA
1,219104838,219104838,1,snv_mnv,NA,NA,"broad,dkfz,muse,sanger",4,COSN7204006,NA,NA,FALSE,0.2126,NA,27,100,NA,NA,NA,IGR,FALSE,FALSE,FALSE,FALSE,5,3,2,3_2,d4907a1b-8b06-47c5-8bca-c781d9cddaf8,NA
1,219650204,219650204,1,snv_mnv,NA,NA,"broad,dkfz,muse,sanger",4,COSN7204181,NA,NA,FALSE,0.2453,NA,26,80,NA,NA,NA,IGR,FALSE,FALSE,FALSE,FALSE,5,3,2,3_2,d4907a1b-8b06-47c5-8bca-c781d9cddaf8,NA
1,222290263,222290263,1,snv_mnv,NA,NA,"broad,dkfz,muse,sanger",4,COSN7205217,NA,NA,FALSE,0.3171,NA,26,56,NA,NA,NA,lincRNA,FALSE,FALSE,FALSE,FALSE,5,3,2,3_2,d4907a1b-8b06-47c5-8bca-c781d9cddaf8,NA
1,222320805,222320805,1,snv_mnv,NA,NA,"broad,dkfz,muse,sanger",4,COSN7205232,NA,L1PA7,FALSE,0.4019,NA,43,64,NA,NA,NA,lincRNA,FALSE,FALSE,FALSE,FALSE,5,3,2,3_2,d4907a1b-8b06-47c5-8bca-c781d9cddaf8,NA
1,222419455,222419455,1,snv_mnv,NA,NA,"broad,dkfz,muse,sanger",4,COSN7205269,NA,L1MC4,FALSE,0.3265,NA,32,66,NA,NA,NA,lincRNA,FALSE,FALSE,FALSE,FALSE,5,3,2,3_2,d4907a1b-8b06-47c5-8bca-c781d9cddaf8,NA
1,223174983,223174983,1,snv_mnv,NA,NA,"broad,dkfz,muse,sanger",4,COSN7205485,NA,MLT1A0,FALSE,0.3932,NA,46,71,NA,NA,NA,Intron,FALSE,FALSE,FALSE,FALSE,5,3,2,3_2,d4907a1b-8b06-47c5-8bca-c781d9cddaf8,NA
1,224289942,224289942,1,snv_mnv,NA,NA,"broad,dkfz,muse,sanger",4,COSN7205747,NA,AluJo,FALSE,0.2041,NA,10,39,NA,NA,NA,IGR,FALSE,FALSE,FALSE,FALSE,5,3,2,3_2,d4907a1b-8b06-47c5-8bca-c781d9cddaf8,NA
1,224383335,224383335,1,snv_mnv,NA,NA,"broad,dkfz,muse,sanger",4,COSN7205781,NA,AluY,FALSE,0.25,NA,15,45,NA,NA,NA,IGR,FALSE,FALSE,FALSE,FALSE,5,3,2,3_2,d4907a1b-8b06-47c5-8bca-c781d9cddaf8,DEGS1
1,224936186,224936186,1,snv_mnv,NA,NA,"broad,dkfz,muse,sanger",4,COSN7205923,NA,MIRc,FALSE,0.2525,NA,25,74,NA,NA,NA,IGR,FALSE,FALSE,FALSE,FALSE,5,3,2,3_2,d4907a1b-8b06-47c5-8bca-c781d9cddaf8,NA
1,225602185,225602185,1,snv_mnv,NA,NA,"broad,dkfz,muse,sanger",4,COSN7206159,NA,NA,FALSE,0.2418,NA,22,69,NA,NA,NA,Intron,FALSE,FALSE,FALSE,FALSE,5,3,2,3_2,d4907a1b-8b06-47c5-8bca-c781d9cddaf8,LBR
1,227429352,227429352,1,snv_mnv,NA,NA,"broad,dkfz,muse,sanger",4,COSN7206659,NA,L1ME2,FALSE,0.2871,NA,29,72,NA,NA,NA,Intron,FALSE,FALSE,FALSE,FALSE,5,3,2,3_2,d4907a1b-8b06-47c5-8bca-c781d9cddaf8,NA
1,228253378,228253378,1,snv_mnv,NA,NA,"broad,dkfz,muse,sanger",4,COSN7206919,NA,NA,FALSE,0.3824,NA,39,63,NA,NA,NA,IGR,FALSE,FALSE,FALSE,FALSE,5,3,2,3_2,d4907a1b-8b06-47c5-8bca-c781d9cddaf8,WNT3A
1,229392877,229392877,1,snv_mnv,NA,NA,"broad,dkfz,muse,sanger",4,COSN7207248,NA,MIRc,FALSE,0.2336,NA,25,82,NA,NA,NA,lincRNA,FALSE,FALSE,FALSE,FALSE,5,3,2,3_2,d4907a1b-8b06-47c5-8bca-c781d9cddaf8,AL162595.1
1,230411091,230411091,1,snv_mnv,NA,NA,"broad,dkfz,muse",3,COSN7207568,NA,(TA)n,FALSE,0.1417,NA,17,103,NA,NA,NA,Intron,FALSE,FALSE,FALSE,FALSE,5,3,2,3_2,d4907a1b-8b06-47c5-8bca-c781d9cddaf8,AL136988.1
1,230831093,230831093,1,snv_mnv,NA,NA,"broad,dkfz,muse,sanger",4,COSN7207689,NA,NA,FALSE,0.3085,NA,29,65,NA,NA,NA,IGR,FALSE,FALSE,FALSE,FALSE,5,3,2,3_2,d4907a1b-8b06-47c5-8bca-c781d9cddaf8,COG2
1,230846898,230846898,1,snv_mnv,NA,NA,"broad,dkfz,muse,sanger",4,COSN7207693,NA,MLT1B,FALSE,0.383,NA,36,58,NA,NA,NA,Intron,FALSE,FALSE,FALSE,FALSE,5,3,2,3_2,d4907a1b-8b06-47c5-8bca-c781d9cddaf8,NA
1,231529638,231529638,1,snv_mnv,NA,NA,"broad,dkfz,muse,sanger",4,COSN7207880,NA,NA,FALSE,0.2773,NA,33,86,NA,NA,NA,Intron,FALSE,FALSE,FALSE,FALSE,5,3,2,3_2,d4907a1b-8b06-47c5-8bca-c781d9cddaf8,NA
1,232649576,232649576,1,snv_mnv,NA,NA,"broad,dkfz,muse,sanger",4,COSN7208231,NA,NA,FALSE,0.3226,NA,30,63,NA,NA,NA,Intron,FALSE,FALSE,TRUE,FALSE,5,3,2,3_2,d4907a1b-8b06-47c5-8bca-c781d9cddaf8,NA
1,232945132,232945132,1,snv_mnv,NA,NA,"broad,dkfz,muse,sanger",4,COSN7208321,NA,NA,FALSE,0.1803,NA,22,100,NA,NA,NA,3'UTR,FALSE,FALSE,FALSE,FALSE,5,3,2,3_2,d4907a1b-8b06-47c5-8bca-c781d9cddaf8,MAP10
1,233303056,233303056,1,snv_mnv,NA,NA,"broad,dkfz,muse,sanger",4,COSN7208400,NA,L1MA9,FALSE,0.2135,NA,19,70,NA,NA,NA,Intron,FALSE,FALSE,FALSE,FALSE,5,3,2,3_2,d4907a1b-8b06-47c5-8bca-c781d9cddaf8,NA
1,235807769,235807769,1,snv_mnv,NA,NA,"broad,dkfz,muse,sanger",4,COSN7209086,NA,NA,FALSE,0.3846,NA,30,48,NA,NA,NA,Intron,FALSE,FALSE,FALSE,FALSE,5,3,2,3_2,d4907a1b-8b06-47c5-8bca-c781d9cddaf8,NA
1,236832496,236832496,1,snv_mnv,1.9968e-4,rs570568398,"broad,dkfz,muse,sanger",4,COSN7209382,rs570568398,AluSx,FALSE,0.1556,NA,14,76,NA,NA,NA,IGR,FALSE,FALSE,FALSE,FALSE,5,3,2,3_2,d4907a1b-8b06-47c5-8bca-c781d9cddaf8,NA
1,237367220,237367220,1,snv_mnv,NA,NA,"broad,dkfz,muse,sanger",4,COSN7209681,NA,L1ME2,FALSE,0.0877,NA,10,104,NA,NA,NA,Intron,FALSE,FALSE,FALSE,FALSE,5,3,2,3_2,d4907a1b-8b06-47c5-8bca-c781d9cddaf8,NA
1,237541733,237541733,1,snv_mnv,NA,NA,"broad,dkfz,muse,sanger",4,COSN7209816,NA,NA,FALSE,0.2991,NA,32,75,NA,NA,NA,Intron,FALSE,FALSE,FALSE,FALSE,5,3,2,3_2,d4907a1b-8b06-47c5-8bca-c781d9cddaf8,NA
1,237872539,237872539,1,snv_mnv,NA,NA,"broad,dkfz,muse,sanger",4,COSN7210033,NA,NA,FALSE,0.1882,NA,16,69,NA,NA,NA,Intron,FALSE,FALSE,FALSE,FALSE,5,3,2,3_2,d4907a1b-8b06-47c5-8bca-c781d9cddaf8,NA
1,238141452,238141452,1,snv_mnv,NA,NA,"broad,dkfz,muse,sanger",4,COSN7210155,NA,NA,FALSE,0.1359,NA,14,89,NA,NA,NA,IGR,FALSE,FALSE,FALSE,FALSE,5,3,2,3_2,d4907a1b-8b06-47c5-8bca-c781d9cddaf8,NA
1,239137945,239137945,1,snv_mnv,NA,NA,"broad,dkfz,muse,sanger",4,COSN7210677,NA,L1MB3,FALSE,0.1485,NA,15,86,NA,NA,NA,IGR,FALSE,FALSE,FALSE,FALSE,5,3,2,3_2,d4907a1b-8b06-47c5-8bca-c781d9cddaf8,NA
1,239257048,239257048,1,snv_mnv,NA,NA,"broad,dkfz,muse,sanger",4,COSN7210722,NA,L1MCa,FALSE,0.2857,NA,26,65,NA,NA,NA,IGR,FALSE,FALSE,FALSE,FALSE,5,3,2,3_2,d4907a1b-8b06-47c5-8bca-c781d9cddaf8,NA
1,239387042,239387042,1,snv_mnv,NA,NA,"broad,dkfz,muse,sanger",4,COSN7210764,NA,L1M2,FALSE,0.2476,NA,26,79,NA,NA,NA,IGR,FALSE,FALSE,FALSE,FALSE,5,3,2,3_2,d4907a1b-8b06-47c5-8bca-c781d9cddaf8,NA
1,239658654,239658654,1,snv_mnv,NA,NA,"broad,dkfz,muse,sanger",4,COSN7210882,NA,NA,FALSE,0.4111,NA,37,53,NA,NA,NA,Intron,FALSE,FALSE,FALSE,FALSE,5,3,2,3_2,d4907a1b-8b06-47c5-8bca-c781d9cddaf8,NA
1,239715004,239715004,1,snv_mnv,1.9968e-4,rs376434592,"broad,dkfz,muse,sanger",4,COSN7210909,rs376434592,NA,FALSE,0.2247,NA,20,69,NA,NA,NA,Intron,FALSE,FALSE,FALSE,FALSE,5,3,2,3_2,d4907a1b-8b06-47c5-8bca-c781d9cddaf8,NA
1,239964285,239964285,1,snv_mnv,NA,NA,"broad,dkfz,muse,sanger",4,COSN7211004,NA,NA,FALSE,0.3646,NA,35,61,NA,NA,NA,Intron,FALSE,FALSE,FALSE,FALSE,5,3,2,3_2,d4907a1b-8b06-47c5-8bca-c781d9cddaf8,NA
1,240437765,240437765,1,snv_mnv,1.9968e-4,rs565698618,"broad,dkfz,muse,sanger",4,COSN7211320,rs565698618,L2a,FALSE,0.3117,NA,24,53,NA,NA,NA,Intron,FALSE,FALSE,FALSE,FALSE,5,3,2,3_2,d4907a1b-8b06-47c5-8bca-c781d9cddaf8,NA
1,240480747,240480747,1,snv_mnv,1.9968e-4,rs562989657,"broad,dkfz,muse,sanger",4,COSN7211347,rs562989657,L1MD2,FALSE,0.2177,NA,27,97,NA,NA,NA,Intron,FALSE,FALSE,FALSE,FALSE,5,3,2,3_2,d4907a1b-8b06-47c5-8bca-c781d9cddaf8,NA
1,240792986,240792986,1,snv_mnv,NA,NA,"broad,muse,sanger",3,COSN7211616,NA,AluSq2,FALSE,0.1569,NA,16,86,NA,NA,NA,IGR,FALSE,FALSE,FALSE,FALSE,5,3,2,3_2,d4907a1b-8b06-47c5-8bca-c781d9cddaf8,NA
1,241563836,241563836,1,snv_mnv,3.9936e-4,rs183760535,"broad,dkfz,muse,sanger",4,COSN7211980,rs183760535,AluSq,FALSE,0.119,NA,10,74,NA,NA,NA,IGR,FALSE,FALSE,FALSE,FALSE,5,3,2,3_2,d4907a1b-8b06-47c5-8bca-c781d9cddaf8,NA
1,241694758,241694758,1,snv_mnv,NA,NA,"broad,dkfz,muse,sanger",4,COSN7212031,NA,NA,FALSE,0.219,NA,23,82,NA,NA,NA,5'Flank,FALSE,FALSE,FALSE,FALSE,5,3,2,3_2,d4907a1b-8b06-47c5-8bca-c781d9cddaf8,KMO
1,242433135,242433135,1,snv_mnv,NA,NA,"broad,muse,sanger",3,COSN7212408,NA,MER34C2,FALSE,0.3261,NA,30,62,NA,NA,NA,Intron,FALSE,FALSE,FALSE,FALSE,5,3,2,3_2,d4907a1b-8b06-47c5-8bca-c781d9cddaf8,PLD5
1,242762631,242762631,1,snv_mnv,NA,NA,"broad,dkfz,muse,sanger",4,COSN7212660,NA,HERV4_I-int,FALSE,0.3871,NA,36,57,NA,NA,NA,IGR,FALSE,FALSE,FALSE,FALSE,5,3,2,3_2,d4907a1b-8b06-47c5-8bca-c781d9cddaf8,NA
1,242909054,242909054,1,snv_mnv,NA,NA,"broad,dkfz,muse,sanger",4,COSN7212809,NA,AluSg,FALSE,0.1327,NA,13,85,NA,NA,NA,IGR,FALSE,FALSE,FALSE,FALSE,5,3,2,3_2,d4907a1b-8b06-47c5-8bca-c781d9cddaf8,NA
1,243539231,243539231,1,snv_mnv,NA,NA,"broad,dkfz,muse,sanger",4,COSN7213126,NA,NA,FALSE,0.2755,NA,27,71,NA,NA,NA,Intron,FALSE,FALSE,FALSE,FALSE,5,3,2,3_2,d4907a1b-8b06-47c5-8bca-c781d9cddaf8,NA
1,243853976,243853976,1,snv_mnv,NA,NA,"broad,dkfz,muse,sanger",4,COSN7213275,NA,NA,FALSE,0.1818,NA,18,81,NA,NA,NA,Intron,FALSE,FALSE,FALSE,FALSE,5,3,2,3_2,d4907a1b-8b06-47c5-8bca-c781d9cddaf8,AKT3
1,244198824,244198824,1,snv_mnv,NA,NA,"broad,dkfz,muse,sanger",4,COSN7213463,NA,Tigger3b,FALSE,0.4095,NA,43,62,NA,NA,NA,lincRNA,FALSE,FALSE,FALSE,FALSE,5,3,2,3_2,d4907a1b-8b06-47c5-8bca-c781d9cddaf8,NA
1,244372186,244372186,1,snv_mnv,NA,NA,"broad,dkfz,muse,sanger",4,COSN7213530,NA,L2c,FALSE,0.3396,NA,36,70,NA,NA,NA,IGR,FALSE,FALSE,FALSE,FALSE,5,3,2,3_2,d4907a1b-8b06-47c5-8bca-c781d9cddaf8,NA
1,244660114,244660114,1,snv_mnv,NA,NA,"broad,dkfz,muse,sanger",4,COSN7213606,NA,NA,FALSE,0.2692,NA,28,76,NA,NA,NA,Intron,FALSE,FALSE,FALSE,FALSE,5,3,2,3_2,d4907a1b-8b06-47c5-8bca-c781d9cddaf8,NA
1,245144358,245144358,1,snv_mnv,NA,NA,"broad,dkfz,muse,sanger",4,COSN7213738,NA,AluSx1,FALSE,0.377,NA,23,38,NA,NA,NA,Intron,FALSE,FALSE,FALSE,FALSE,5,3,2,3_2,d4907a1b-8b06-47c5-8bca-c781d9cddaf8,NA
1,247899982,247899982,1,snv_mnv,NA,NA,"broad,dkfz,muse,sanger",4,COSN7214756,NA,NA,FALSE,0.1321,NA,14,92,NA,NA,NA,5'Flank,FALSE,FALSE,TRUE,FALSE,5,3,2,3_2,d4907a1b-8b06-47c5-8bca-c781d9cddaf8,OR14K1
1,248382692,248382692,1,snv_mnv,NA,NA,"broad,dkfz,muse,sanger",4,COSN7215110,NA,L1P3,FALSE,0.2083,NA,20,76,NA,NA,NA,IGR,FALSE,FALSE,FALSE,FALSE,5,3,2,3_2,d4907a1b-8b06-47c5-8bca-c781d9cddaf8,NA
1,248537604,248537604,1,snv_mnv,NA,NA,"broad,dkfz,muse,sanger",4,COSN7215213,NA,NA,FALSE,0.1538,NA,16,88,NA,NA,NA,IGR,FALSE,FALSE,TRUE,FALSE,5,3,2,3_2,d4907a1b-8b06-47c5-8bca-c781d9cddaf8,OR2T6
1,249074593,249074593,1,snv_mnv,NA,NA,"broad,dkfz,muse,sanger",4,COSN7215356,NA,MLT1D,FALSE,0.2424,NA,24,75,NA,NA,NA,IGR,FALSE,FALSE,FALSE,FALSE,5,3,2,3_2,d4907a1b-8b06-47c5-8bca-c781d9cddaf8,NA
10,1260370,1260370,1,snv_mnv,NA,NA,"broad,dkfz,muse,sanger",4,COSN6945200,NA,NA,FALSE,0.3696,NA,17,29,NA,NA,NA,Intron,FALSE,FALSE,FALSE,FALSE,4,2,2,2_2,d4907a1b-8b06-47c5-8bca-c781d9cddaf8,ADARB2
10,1530052,1530052,1,snv_mnv,NA,NA,"broad,dkfz,muse",3,COSN6950359,rs765530772,NA,FALSE,0.2949,NA,23,55,NA,NA,NA,Intron,FALSE,FALSE,FALSE,FALSE,4,2,2,2_2,d4907a1b-8b06-47c5-8bca-c781d9cddaf8,NA
10,1598329,1598329,1,snv_mnv,NA,NA,"broad,dkfz,muse,sanger",4,COSN6950627,NA,NA,FALSE,0.1176,NA,10,75,NA,NA,NA,Intron,FALSE,FALSE,FALSE,FALSE,4,2,2,2_2,d4907a1b-8b06-47c5-8bca-c781d9cddaf8,NA
10,1634249,1634249,1,snv_mnv,1.9968e-4,rs562970476,"broad,dkfz,muse,sanger",4,COSN6950837,rs562970476,NA,FALSE,0.2597,NA,20,57,NA,NA,NA,Intron,FALSE,FALSE,FALSE,FALSE,4,2,2,2_2,d4907a1b-8b06-47c5-8bca-c781d9cddaf8,NA
10,1959265,1959265,1,snv_mnv,NA,NA,"broad,dkfz,muse,sanger",4,COSN6962321,NA,NA,FALSE,0.092,NA,8,79,NA,NA,NA,IGR,FALSE,FALSE,FALSE,FALSE,4,2,2,2_2,d4907a1b-8b06-47c5-8bca-c781d9cddaf8,NA
10,2488013,2488013,1,snv_mnv,1.9968e-4,rs138606144,"broad,dkfz,muse,sanger",4,COSN6964580,rs138606144,NA,FALSE,0.1717,NA,17,82,NA,NA,NA,lincRNA,FALSE,FALSE,FALSE,FALSE,4,2,2,2_2,d4907a1b-8b06-47c5-8bca-c781d9cddaf8,AC024908.1
10,2688255,2688255,1,snv_mnv,NA,NA,"broad,dkfz,muse,sanger",4,COSN6965389,NA,NA,FALSE,0.2772,NA,28,73,NA,NA,NA,IGR,FALSE,FALSE,FALSE,FALSE,4,2,2,2_2,d4907a1b-8b06-47c5-8bca-c781d9cddaf8,NA
10,2784232,2784232,1,snv_mnv,NA,NA,"broad,dkfz,muse,sanger",4,COSN6965658,NA,L1PB4,FALSE,0.17,NA,17,83,NA,NA,NA,IGR,FALSE,FALSE,FALSE,FALSE,4,2,2,2_2,d4907a1b-8b06-47c5-8bca-c781d9cddaf8,NA
10,2805560,2805560,1,snv_mnv,NA,NA,"broad,dkfz,muse,sanger",4,COSN6965736,NA,L2a,FALSE,0.2027,NA,15,59,NA,NA,NA,IGR,FALSE,FALSE,FALSE,FALSE,4,2,2,2_2,d4907a1b-8b06-47c5-8bca-c781d9cddaf8,NA
10,3062721,3062721,1,snv_mnv,NA,NA,"broad,dkfz,muse,sanger",4,COSN6966522,NA,NA,FALSE,0.175,NA,14,66,NA,NA,NA,IGR,FALSE,FALSE,FALSE,FALSE,4,2,2,2_2,d4907a1b-8b06-47c5-8bca-c781d9cddaf8,NA
10,3374531,3374531,1,snv_mnv,NA,NA,"broad,muse,sanger",3,COSN6967402,NA,AluY,FALSE,0.1875,NA,15,65,NA,NA,NA,IGR,FALSE,FALSE,FALSE,FALSE,4,2,2,2_2,d4907a1b-8b06-47c5-8bca-c781d9cddaf8,NA
10,3622657,3622657,1,snv_mnv,NA,NA,"broad,dkfz,muse,sanger",4,COSN6968104,NA,NA,FALSE,0.1735,NA,17,81,NA,NA,NA,IGR,FALSE,FALSE,TRUE,FALSE,4,2,2,2_2,d4907a1b-8b06-47c5-8bca-c781d9cddaf8,NA
10,3659524,3659524,1,snv_mnv,3.9936e-4,rs538105191,"broad,dkfz,muse,sanger",4,COSN6968307,rs538105191,NA,FALSE,0.253,NA,21,62,NA,NA,NA,IGR,FALSE,FALSE,FALSE,FALSE,4,2,2,2_2,d4907a1b-8b06-47c5-8bca-c781d9cddaf8,NA
10,4650755,4650755,1,snv_mnv,NA,NA,"broad,dkfz,muse,sanger",4,COSN6971601,NA,NA,FALSE,0.3,NA,27,63,NA,NA,NA,IGR,FALSE,FALSE,FALSE,FALSE,4,2,2,2_2,d4907a1b-8b06-47c5-8bca-c781d9cddaf8,NA
10,6211691,6211691,1,snv_mnv,0.0031949,rs192336395,"broad,dkfz,muse,sanger",4,COSN6977792,rs192336395,NA,FALSE,0.1667,NA,14,70,NA,NA,NA,Intron,FALSE,FALSE,FALSE,FALSE,4,2,2,2_2,d4907a1b-8b06-47c5-8bca-c781d9cddaf8,NA
10,7702977,7702977,1,snv_mnv,NA,NA,"broad,dkfz,muse,sanger",4,COSN7068699,NA,MER1B,FALSE,0.1899,NA,15,64,NA,NA,NA,Intron,FALSE,FALSE,FALSE,FALSE,4,2,2,2_2,d4907a1b-8b06-47c5-8bca-c781d9cddaf8,NA
10,8205494,8205494,1,snv_mnv,NA,NA,"broad,dkfz,muse,sanger",4,COSN7070222,NA,NA,FALSE,0.3077,NA,24,54,NA,NA,NA,IGR,FALSE,FALSE,FALSE,FALSE,4,2,2,2_2,d4907a1b-8b06-47c5-8bca-c781d9cddaf8,PRPF38AP1
10,8479279,8479279,1,snv_mnv,NA,NA,"broad,dkfz,muse,sanger",4,COSN7071780,NA,NA,FALSE,0.1807,NA,15,68,NA,NA,NA,lincRNA,FALSE,FALSE,FALSE,FALSE,4,2,2,2_2,d4907a1b-8b06-47c5-8bca-c781d9cddaf8,NA
10,8702550,8702550,1,snv_mnv,NA,NA,"broad,dkfz,muse,sanger",4,COSN7073061,NA,NA,FALSE,0.2639,NA,19,53,NA,NA,NA,IGR,FALSE,FALSE,FALSE,FALSE,4,2,2,2_2,d4907a1b-8b06-47c5-8bca-c781d9cddaf8,RNA5SP299
10,9178625,9178625,1,snv_mnv,NA,NA,"broad,dkfz,muse,sanger",4,COSN7074433,NA,MLT1B,FALSE,0.1667,NA,14,70,NA,NA,NA,IGR,FALSE,FALSE,FALSE,FALSE,4,2,2,2_2,d4907a1b-8b06-47c5-8bca-c781d9cddaf8,NA
10,9745685,9745685,1,snv_mnv,NA,NA,"broad,dkfz,muse,sanger",4,COSN7076215,NA,L2a,FALSE,0.1795,NA,14,64,NA,NA,NA,IGR,FALSE,FALSE,FALSE,FALSE,4,2,2,2_2,d4907a1b-8b06-47c5-8bca-c781d9cddaf8,NA
10,10337881,10337881,1,snv_mnv,NA,NA,"broad,dkfz,muse,sanger",4,COSN6955792,NA,NA,FALSE,0.3636,NA,24,42,NA,NA,NA,IGR,FALSE,FALSE,FALSE,FALSE,4,2,2,2_2,d4907a1b-8b06-47c5-8bca-c781d9cddaf8,NA
10,10418940,10418940,1,snv_mnv,NA,NA,"broad,dkfz,muse,sanger",4,COSN6956020,NA,NA,FALSE,0.1176,NA,10,75,NA,NA,NA,IGR,FALSE,FALSE,FALSE,FALSE,4,2,2,2_2,d4907a1b-8b06-47c5-8bca-c781d9cddaf8,NA
10,10547032,10547032,1,snv_mnv,NA,NA,"broad,dkfz,muse,sanger",4,COSN6956347,NA,L1MD1,FALSE,0.2957,NA,34,81,NA,NA,NA,IGR,FALSE,FALSE,FALSE,FALSE,4,2,2,2_2,d4907a1b-8b06-47c5-8bca-c781d9cddaf8,NA
10,12357143,12357143,1,snv_mnv,NA,NA,"broad,dkfz,muse,sanger",4,COSN6944322,NA,NA,FALSE,0.1316,NA,10,66,NA,NA,NA,IGR,FALSE,FALSE,FALSE,FALSE,4,2,2,2_2,d4907a1b-8b06-47c5-8bca-c781d9cddaf8,NA
10,13891251,13891251,1,snv_mnv,NA,NA,"broad,dkfz,muse,sanger",4,COSN6949885,rs867074672,NA,FALSE,0.1585,NA,13,69,NA,NA,NA,Intron,FALSE,FALSE,FALSE,FALSE,4,2,2,2_2,d4907a1b-8b06-47c5-8bca-c781d9cddaf8,NA
10,14347468,14347468,1,snv_mnv,NA,NA,"broad,dkfz,muse,sanger",4,COSN6950117,NA,NA,FALSE,0.101,NA,10,89,NA,NA,NA,Intron,FALSE,FALSE,FALSE,FALSE,4,2,2,2_2,d4907a1b-8b06-47c5-8bca-c781d9cddaf8,NA
10,15663391,15663391,1,snv_mnv,NA,NA,"broad,dkfz,muse,sanger",4,COSN6950490,NA,NA,FALSE,0.3056,NA,33,75,NA,NA,NA,Intron,FALSE,FALSE,FALSE,FALSE,4,2,2,2_2,d4907a1b-8b06-47c5-8bca-c781d9cddaf8,NA
10,15696398,15696398,1,snv_mnv,NA,NA,"broad,dkfz,muse,sanger",4,COSN6950509,NA,L2a,FALSE,0.2812,NA,27,69,NA,NA,NA,Intron,FALSE,FALSE,FALSE,FALSE,4,2,2,2_2,d4907a1b-8b06-47c5-8bca-c781d9cddaf8,NA
10,15963759,15963759,1,snv_mnv,NA,NA,"broad,dkfz,muse,sanger",4,COSN6950616,NA,NA,FALSE,0.3065,NA,19,43,NA,NA,NA,IGR,FALSE,FALSE,FALSE,FALSE,4,2,2,2_2,d4907a1b-8b06-47c5-8bca-c781d9cddaf8,NA
10,16916866,16916866,1,snv_mnv,NA,NA,"broad,dkfz,muse,sanger",4,COSN6951032,rs771302433,NA,FALSE,0.2418,NA,22,69,NA,NA,NA,Intron,FALSE,FALSE,FALSE,FALSE,4,2,2,2_2,d4907a1b-8b06-47c5-8bca-c781d9cddaf8,NA
10,16966722,16966722,1,snv_mnv,NA,NA,"broad,dkfz,muse,sanger",4,COSN6951056,NA,NA,FALSE,0.2737,NA,26,69,NA,NA,NA,Intron,FALSE,FALSE,FALSE,FALSE,4,2,2,2_2,d4907a1b-8b06-47c5-8bca-c781d9cddaf8,NA
10,18584667,18584667,1,snv_mnv,NA,NA,"broad,dkfz,muse,sanger",4,COSN6961696,NA,NA,FALSE,0.1224,NA,12,86,NA,NA,NA,Intron,FALSE,FALSE,FALSE,FALSE,4,2,2,2_2,d4907a1b-8b06-47c5-8bca-c781d9cddaf8,NA
10,19104784,19104784,1,snv_mnv,NA,NA,"broad,dkfz,muse,sanger",4,COSN6961969,NA,NA,FALSE,0.25,NA,29,87,NA,NA,NA,IGR,FALSE,FALSE,FALSE,FALSE,4,2,2,2_2,d4907a1b-8b06-47c5-8bca-c781d9cddaf8,NA
10,19604065,19604065,1,snv_mnv,NA,NA,"broad,muse",2,COSN6962334,NA,(TA)n,FALSE,0.1765,NA,6,28,NA,NA,NA,Intron,FALSE,FALSE,FALSE,FALSE,4,2,2,2_2,d4907a1b-8b06-47c5-8bca-c781d9cddaf8,NA
10,19757364,19757364,1,snv_mnv,NA,NA,"broad,dkfz,muse,sanger",4,COSN6962443,NA,NA,FALSE,0.1089,NA,11,90,NA,NA,NA,Intron,FALSE,FALSE,FALSE,FALSE,4,2,2,2_2,d4907a1b-8b06-47c5-8bca-c781d9cddaf8,NA
10,19758809,19758809,1,snv_mnv,NA,NA,"broad,dkfz,muse,sanger",4,COSN6962445,NA,L1MA10,FALSE,0.1461,NA,13,76,NA,NA,NA,Intron,FALSE,FALSE,FALSE,FALSE,4,2,2,2_2,d4907a1b-8b06-47c5-8bca-c781d9cddaf8,NA
10,19824808,19824808,1,snv_mnv,NA,NA,"broad,dkfz,muse,sanger",4,COSN6962500,NA,NA,FALSE,0.1188,NA,12,89,NA,NA,NA,Intron,FALSE,FALSE,FALSE,FALSE,4,2,2,2_2,d4907a1b-8b06-47c5-8bca-c781d9cddaf8,MALRD1
10,20047627,20047627,1,snv_mnv,NA,NA,"broad,dkfz,muse,sanger",4,COSN6962655,NA,L1MEf,FALSE,0.1047,NA,9,77,NA,NA,NA,IGR,FALSE,FALSE,FALSE,FALSE,4,2,2,2_2,d4907a1b-8b06-47c5-8bca-c781d9cddaf8,NA
10,20459338,20459338,1,snv_mnv,5.9904e-4,rs150892281,"broad,dkfz,muse,sanger",4,COSN6962929,rs150892281,AluSz,FALSE,0.2,NA,18,72,NA,NA,NA,Intron,FALSE,FALSE,FALSE,FALSE,4,2,2,2_2,d4907a1b-8b06-47c5-8bca-c781d9cddaf8,NA
10,21714698,21714698,1,snv_mnv,NA,NA,"broad,dkfz,muse,sanger",4,COSN6963532,NA,AluJr,FALSE,0.1714,NA,12,58,NA,NA,NA,IGR,FALSE,FALSE,FALSE,FALSE,4,2,2,2_2,d4907a1b-8b06-47c5-8bca-c781d9cddaf8,NA
10,22775825,22775825,1,snv_mnv,NA,NA,"broad,dkfz,muse,sanger",4,COSN6963865,NA,NA,FALSE,0.2809,NA,25,64,NA,NA,NA,IGR,FALSE,FALSE,FALSE,FALSE,4,2,2,2_2,d4907a1b-8b06-47c5-8bca-c781d9cddaf8,NA
10,23803345,23803345,1,snv_mnv,NA,NA,"broad,dkfz,muse,sanger",4,COSN6964187,NA,NA,FALSE,0.2973,NA,22,52,NA,NA,NA,IGR,FALSE,FALSE,FALSE,FALSE,4,2,2,2_2,d4907a1b-8b06-47c5-8bca-c781d9cddaf8,NA
10,23856013,23856013,1,snv_mnv,3.9936e-4,rs139486056,"broad,dkfz,muse,sanger",4,COSN6964207,rs139486056,L1MD1,FALSE,0.1646,NA,13,66,NA,NA,NA,IGR,FALSE,FALSE,FALSE,FALSE,4,2,2,2_2,d4907a1b-8b06-47c5-8bca-c781d9cddaf8,NA
10,24170425,24170425,1,snv_mnv,NA,NA,"broad,dkfz,muse,sanger",4,COSN6964354,rs555311606,NA,FALSE,0.236,NA,21,68,NA,NA,NA,Intron,FALSE,FALSE,FALSE,FALSE,4,2,2,2_2,d4907a1b-8b06-47c5-8bca-c781d9cddaf8,KIAA1217
10,24210871,24210871,1,snv_mnv,NA,NA,"broad,dkfz,muse,sanger",4,COSN6964372,NA,MER21C,FALSE,0.2468,NA,19,58,NA,NA,NA,Intron,FALSE,FALSE,FALSE,FALSE,4,2,2,2_2,d4907a1b-8b06-47c5-8bca-c781d9cddaf8,NA
10,24234477,24234477,1,snv_mnv,1.9968e-4,rs188273182,"broad,dkfz,muse,sanger",4,COSN6964385,rs188273182,L1ME2,FALSE,0.3448,NA,30,57,NA,NA,NA,Intron,FALSE,FALSE,FALSE,FALSE,4,2,2,2_2,d4907a1b-8b06-47c5-8bca-c781d9cddaf8,NA
10,24399856,24399856,1,snv_mnv,1.9968e-4,rs541463046,"broad,dkfz,muse,sanger",4,COSN6964447,rs541463046,NA,FALSE,0.1414,NA,14,85,NA,NA,NA,Intron,FALSE,FALSE,FALSE,FALSE,4,2,2,2_2,d4907a1b-8b06-47c5-8bca-c781d9cddaf8,NA
10,25382520,25382520,1,snv_mnv,NA,NA,"broad,dkfz,muse,sanger",4,COSN6964712,NA,L1MA2,FALSE,0.2933,NA,22,53,NA,NA,NA,RNA,FALSE,FALSE,FALSE,FALSE,4,2,2,2_2,d4907a1b-8b06-47c5-8bca-c781d9cddaf8,NA
10,25470202,25470202,1,snv_mnv,NA,NA,"broad,dkfz,muse,sanger",4,COSN6964739,NA,NA,FALSE,0.3667,NA,33,57,NA,NA,NA,Intron,FALSE,FALSE,FALSE,FALSE,4,2,2,2_2,d4907a1b-8b06-47c5-8bca-c781d9cddaf8,GPR158-AS1
10,26071188,26071188,1,snv_mnv,NA,NA,"broad,dkfz,muse,sanger",4,COSN6964997,NA,L1ME4a,FALSE,0.2472,NA,22,67,NA,NA,NA,IGR,FALSE,FALSE,FALSE,FALSE,4,2,2,2_2,d4907a1b-8b06-47c5-8bca-c781d9cddaf8,NA
10,26238226,26238226,1,snv_mnv,NA,NA,"broad,dkfz,muse,sanger",4,COSN6965090,NA,NA,FALSE,0.0976,NA,8,74,NA,NA,NA,Intron,FALSE,FALSE,FALSE,FALSE,4,2,2,2_2,d4907a1b-8b06-47c5-8bca-c781d9cddaf8,MYO3A
10,26318198,26318198,1,snv_mnv,NA,NA,"broad,dkfz,muse,sanger",4,COSN6965138,NA,L1MEd,FALSE,0.3333,NA,32,64,NA,NA,NA,Intron,FALSE,FALSE,FALSE,FALSE,4,2,2,2_2,d4907a1b-8b06-47c5-8bca-c781d9cddaf8,NA
10,29070568,29070568,1,snv_mnv,NA,NA,"broad,dkfz,muse,sanger",4,COSN6966074,NA,NA,FALSE,0.1529,NA,13,72,NA,NA,NA,IGR,FALSE,FALSE,FALSE,FALSE,4,2,2,2_2,d4907a1b-8b06-47c5-8bca-c781d9cddaf8,NA
10,29106785,29106785,1,snv_mnv,NA,NA,"broad,dkfz,muse,sanger",4,COSN6966091,NA,NA,FALSE,0.1899,NA,15,64,NA,NA,NA,IGR,FALSE,FALSE,FALSE,FALSE,4,2,2,2_2,d4907a1b-8b06-47c5-8bca-c781d9cddaf8,"AL355376.2,LINC01517"
10,29554057,29554057,1,snv_mnv,NA,NA,"broad,dkfz,muse,sanger",4,COSN6966248,NA,L1PA13,FALSE,0.1346,NA,14,90,NA,NA,NA,IGR,FALSE,FALSE,FALSE,FALSE,4,2,2,2_2,d4907a1b-8b06-47c5-8bca-c781d9cddaf8,NA
10,29621390,29621390,1,snv_mnv,NA,NA,"broad,dkfz,muse,sanger",4,COSN6966262,NA,NA,FALSE,0.32,NA,24,51,NA,NA,NA,IGR,FALSE,FALSE,FALSE,FALSE,4,2,2,2_2,d4907a1b-8b06-47c5-8bca-c781d9cddaf8,NA
10,31079141,31079141,1,snv_mnv,NA,NA,"broad,muse,sanger",3,COSN6966660,NA,AluSq2,FALSE,0.1316,NA,5,33,NA,NA,NA,IGR,FALSE,FALSE,FALSE,FALSE,4,2,2,2_2,d4907a1b-8b06-47c5-8bca-c781d9cddaf8,NA
10,31498338,31498338,1,snv_mnv,NA,NA,"broad,dkfz,muse,sanger",4,COSN6966774,NA,NA,FALSE,0.2235,NA,19,66,NA,NA,NA,lincRNA,FALSE,FALSE,FALSE,FALSE,4,2,2,2_2,d4907a1b-8b06-47c5-8bca-c781d9cddaf8,NA
10,34251824,34251824,1,snv_mnv,NA,NA,"broad,dkfz,muse,sanger",4,COSN6967567,NA,AluSz,FALSE,0.3134,NA,21,46,NA,NA,NA,IGR,FALSE,FALSE,FALSE,FALSE,4,2,2,2_2,d4907a1b-8b06-47c5-8bca-c781d9cddaf8,NA
10,34328002,34328002,1,snv_mnv,NA,NA,"broad,dkfz,muse,sanger",4,COSN6967588,NA,AluJr,FALSE,0.2069,NA,12,46,NA,NA,NA,IGR,FALSE,FALSE,FALSE,FALSE,4,2,2,2_2,d4907a1b-8b06-47c5-8bca-c781d9cddaf8,NA
10,34690815,34690815,1,snv_mnv,NA,NA,"broad,dkfz,muse,sanger",4,COSM1955885,rs752134259,NA,FALSE,0.1458,NA,14,82,NA,NA,NA,Missense_Mutation,FALSE,FALSE,FALSE,FALSE,4,2,2,2_2,d4907a1b-8b06-47c5-8bca-c781d9cddaf8,NA
10,34915086,34915086,1,snv_mnv,NA,NA,"broad,dkfz,muse,sanger",4,COSN6967760,NA,MamRep137,FALSE,0.2796,NA,26,67,NA,NA,NA,Intron,FALSE,FALSE,FALSE,FALSE,4,2,2,2_2,d4907a1b-8b06-47c5-8bca-c781d9cddaf8,NA
10,35327107,35327107,1,snv_mnv,NA,NA,"broad,dkfz,muse,sanger",4,COSN6967863,NA,AT_rich,FALSE,0.1034,NA,9,78,NA,NA,NA,Intron,FALSE,FALSE,FALSE,FALSE,4,2,2,2_2,d4907a1b-8b06-47c5-8bca-c781d9cddaf8,NA
10,35623076,35623076,1,snv_mnv,NA,NA,"broad,dkfz,muse,sanger",4,COSN6967922,NA,NA,FALSE,0.3208,NA,17,36,NA,NA,NA,5'Flank,FALSE,FALSE,FALSE,FALSE,4,2,2,2_2,d4907a1b-8b06-47c5-8bca-c781d9cddaf8,CCNY
10,35936827,35936827,1,snv_mnv,NA,NA,"broad,dkfz,muse,sanger",4,COSN6968001,NA,NA,FALSE,0.268,NA,26,71,NA,NA,NA,IGR,FALSE,FALSE,FALSE,FALSE,4,2,2,2_2,d4907a1b-8b06-47c5-8bca-c781d9cddaf8,NA
10,36731422,36731422,1,snv_mnv,NA,NA,"broad,dkfz,muse,sanger",4,COSN6968395,NA,NA,FALSE,0.1647,NA,14,71,NA,NA,NA,IGR,FALSE,FALSE,FALSE,FALSE,4,2,2,2_2,d4907a1b-8b06-47c5-8bca-c781d9cddaf8,"AL590730.1,RF00561"
10,36834000,36834000,1,snv_mnv,NA,NA,"broad,dkfz,muse,sanger",4,COSN6968445,NA,NA,FALSE,0.1566,NA,13,70,NA,NA,NA,IGR,FALSE,FALSE,TRUE,FALSE,4,2,2,2_2,d4907a1b-8b06-47c5-8bca-c781d9cddaf8,NA
10,37219239,37219239,1,snv_mnv,NA,NA,"broad,dkfz,muse,sanger",4,COSN6968715,NA,NA,FALSE,0.2239,NA,15,52,NA,NA,NA,IGR,FALSE,FALSE,FALSE,FALSE,4,2,2,2_2,d4907a1b-8b06-47c5-8bca-c781d9cddaf8,NA
10,38181081,38181081,1,snv_mnv,NA,NA,"broad,dkfz,muse,sanger",4,COSN6969413,NA,NA,FALSE,0.2473,NA,23,70,NA,NA,NA,IGR,FALSE,FALSE,FALSE,FALSE,4,2,2,2_2,d4907a1b-8b06-47c5-8bca-c781d9cddaf8,ZNF33CP
10,42997527,42997527,1,snv_mnv,NA,NA,"broad,muse,sanger",3,COSN6970488,NA,MER9a1,FALSE,0.2644,NA,23,64,NA,NA,NA,IGR,FALSE,FALSE,FALSE,FALSE,4,2,2,2_2,d4907a1b-8b06-47c5-8bca-c781d9cddaf8,NA
10,43406976,43406976,1,snv_mnv,NA,NA,"broad,dkfz,muse",3,COSN6970623,NA,NA,FALSE,0.3281,NA,21,43,NA,NA,NA,IGR,FALSE,FALSE,FALSE,FALSE,4,2,2,2_2,d4907a1b-8b06-47c5-8bca-c781d9cddaf8,NA
10,44192159,44192159,1,snv_mnv,NA,NA,"broad,muse",2,COSN6970909,NA,(TG)n,FALSE,0.2727,NA,24,64,NA,NA,NA,IGR,FALSE,FALSE,FALSE,FALSE,4,2,2,2_2,d4907a1b-8b06-47c5-8bca-c781d9cddaf8,NA
10,44691454,44691454,1,snv_mnv,NA,NA,"broad,dkfz,muse,sanger",4,COSN6971071,NA,NA,FALSE,0.2464,NA,17,52,NA,NA,NA,IGR,FALSE,FALSE,FALSE,FALSE,4,2,2,2_2,d4907a1b-8b06-47c5-8bca-c781d9cddaf8,NA
10,44911395,44911395,1,snv_mnv,NA,NA,"broad,dkfz,muse,sanger",4,COSN6971149,NA,MER65B,FALSE,0.2619,NA,22,62,NA,NA,NA,IGR,FALSE,FALSE,FALSE,FALSE,4,2,2,2_2,d4907a1b-8b06-47c5-8bca-c781d9cddaf8,RPL9P21
10,44945079,44945079,1,snv_mnv,NA,NA,"broad,dkfz,muse,sanger",4,COSN6971158,NA,L1PA7,FALSE,0.3294,NA,28,57,NA,NA,NA,IGR,FALSE,FALSE,TRUE,FALSE,4,2,2,2_2,d4907a1b-8b06-47c5-8bca-c781d9cddaf8,NA
10,45071664,45071664,1,snv_mnv,NA,NA,"broad,dkfz,muse,sanger",4,COSN6971224,NA,NA,FALSE,0.1951,NA,16,66,NA,NA,NA,IGR,FALSE,FALSE,FALSE,FALSE,4,2,2,2_2,d4907a1b-8b06-47c5-8bca-c781d9cddaf8,NA
10,45200292,45200292,1,snv_mnv,NA,NA,"broad,dkfz,muse,sanger",4,COSN6971276,NA,L1M4b,FALSE,0.2921,NA,26,63,NA,NA,NA,IGR,FALSE,FALSE,FALSE,FALSE,4,2,2,2_2,d4907a1b-8b06-47c5-8bca-c781d9cddaf8,NA
10,45234265,45234265,1,snv_mnv,NA,NA,"broad,muse",2,COSN6971284,rs868369762,AluY,FALSE,0.3125,NA,15,33,NA,NA,NA,IGR,FALSE,FALSE,FALSE,FALSE,4,2,2,2_2,d4907a1b-8b06-47c5-8bca-c781d9cddaf8,NA
10,47034973,47034973,1,snv_mnv,NA,NA,"broad,dkfz,muse",3,COSN6971655,NA,NA,FALSE,0.0901,NA,21,212,NA,NA,NA,IGR,FALSE,FALSE,FALSE,FALSE,4,2,2,2_2,d4907a1b-8b06-47c5-8bca-c781d9cddaf8,NA
10,49437644,49437644,1,snv_mnv,NA,NA,"broad,dkfz,muse,sanger",4,COSN6971952,NA,MER34B-int,FALSE,0.2333,NA,21,69,NA,NA,NA,Intron,FALSE,FALSE,FALSE,FALSE,4,2,2,2_2,d4907a1b-8b06-47c5-8bca-c781d9cddaf8,NA
10,49535979,49535979,1,snv_mnv,NA,NA,"broad,dkfz,muse,sanger",4,COSN6971975,NA,L1MC3,FALSE,0.2604,NA,25,71,NA,NA,NA,Intron,FALSE,FALSE,FALSE,FALSE,4,2,2,2_2,d4907a1b-8b06-47c5-8bca-c781d9cddaf8,NA
10,50183357,50183357,1,snv_mnv,NA,NA,"broad,dkfz,muse",3,COSN6972210,NA,NA,FALSE,0.1585,NA,13,69,NA,NA,NA,Intron,FALSE,FALSE,FALSE,FALSE,4,2,2,2_2,d4907a1b-8b06-47c5-8bca-c781d9cddaf8,"AC060234.2,WDFY4"
10,50261500,50261500,1,snv_mnv,NA,NA,"broad,dkfz,muse,sanger",4,COSN6972237,NA,MIRc,FALSE,0.1667,NA,15,75,NA,NA,NA,Intron,FALSE,FALSE,FALSE,FALSE,4,2,2,2_2,d4907a1b-8b06-47c5-8bca-c781d9cddaf8,NA
10,50414534,50414534,1,snv_mnv,NA,NA,"broad,dkfz,muse,sanger",4,COSN6972309,NA,NA,FALSE,0.1529,NA,13,72,NA,NA,NA,IGR,FALSE,FALSE,FALSE,FALSE,4,2,2,2_2,d4907a1b-8b06-47c5-8bca-c781d9cddaf8,NA
10,50789261,50789261,1,snv_mnv,NA,NA,"broad,dkfz,muse,sanger",4,COSN6972443,NA,L1MEc,FALSE,0.3173,NA,33,71,NA,NA,NA,IGR,FALSE,FALSE,FALSE,FALSE,4,2,2,2_2,d4907a1b-8b06-47c5-8bca-c781d9cddaf8,NA
10,52591761,52591761,1,snv_mnv,NA,NA,"broad,dkfz,muse,sanger",4,COSN6972774,NA,L1M2,FALSE,0.094,NA,11,106,NA,NA,NA,Intron,FALSE,FALSE,FALSE,FALSE,4,2,2,2_2,d4907a1b-8b06-47c5-8bca-c781d9cddaf8,A1CF
10,52965299,52965299,1,snv_mnv,NA,NA,"broad,dkfz,muse,sanger",4,COSN6972872,NA,NA,FALSE,0.2821,NA,22,56,NA,NA,NA,Intron,FALSE,FALSE,FALSE,FALSE,4,2,2,2_2,d4907a1b-8b06-47c5-8bca-c781d9cddaf8,NA
10,53506074,53506074,1,snv_mnv,7.9872e-4,rs192991287,"broad,dkfz,muse,sanger",4,COSN6973061,rs192991287,NA,FALSE,0.127,NA,8,55,NA,NA,NA,Intron,FALSE,FALSE,FALSE,FALSE,4,2,2,2_2,d4907a1b-8b06-47c5-8bca-c781d9cddaf8,NA
10,54257135,54257135,1,snv_mnv,NA,NA,"broad,dkfz,muse,sanger",4,COSN6973296,NA,L1PB1,FALSE,0.2897,NA,31,76,NA,NA,NA,IGR,FALSE,FALSE,TRUE,FALSE,4,2,2,2_2,d4907a1b-8b06-47c5-8bca-c781d9cddaf8,NA
10,54887041,54887041,1,snv_mnv,NA,NA,"broad,dkfz,muse,sanger",4,COSN6973541,NA,NA,FALSE,0.1161,NA,13,99,NA,NA,NA,IGR,FALSE,FALSE,FALSE,FALSE,4,2,2,2_2,d4907a1b-8b06-47c5-8bca-c781d9cddaf8,NA
10,54916522,54916522,1,snv_mnv,NA,NA,"broad,dkfz,muse,sanger",4,COSN6973552,NA,L1MC4a,FALSE,0.3049,NA,25,57,NA,NA,NA,IGR,FALSE,FALSE,FALSE,FALSE,4,2,2,2_2,d4907a1b-8b06-47c5-8bca-c781d9cddaf8,NA
10,55454434,55454434,1,snv_mnv,NA,NA,"broad,dkfz,muse,sanger",4,COSN6973793,NA,MER1B,FALSE,0.1981,NA,21,85,NA,NA,NA,IGR,FALSE,FALSE,FALSE,FALSE,4,2,2,2_2,d4907a1b-8b06-47c5-8bca-c781d9cddaf8,NA
10,55454446,55454446,1,snv_mnv,NA,NA,"broad,dkfz,muse,sanger",4,COSN6973794,NA,MER1B,FALSE,0.2308,NA,24,80,NA,NA,NA,IGR,FALSE,FALSE,FALSE,FALSE,4,2,2,2_2,d4907a1b-8b06-47c5-8bca-c781d9cddaf8,NA
10,55634142,55634142,1,snv_mnv,NA,NA,"broad,dkfz,muse,sanger",4,COSN6973895,NA,NA,FALSE,0.1753,NA,17,80,NA,NA,NA,Intron,FALSE,FALSE,FALSE,FALSE,4,2,2,2_2,d4907a1b-8b06-47c5-8bca-c781d9cddaf8,NA
10,55652541,55652541,1,snv_mnv,NA,NA,"broad,dkfz,muse,sanger",4,COSN6973906,NA,L1MA8,FALSE,0.2647,NA,27,75,NA,NA,NA,Intron,FALSE,FALSE,FALSE,FALSE,4,2,2,2_2,d4907a1b-8b06-47c5-8bca-c781d9cddaf8,NA
10,55807207,55807207,1,snv_mnv,NA,NA,"broad,dkfz,muse,sanger",4,COSN6974016,NA,L1PA16,FALSE,0.2841,NA,25,63,NA,NA,NA,Intron,FALSE,FALSE,FALSE,FALSE,4,2,2,2_2,d4907a1b-8b06-47c5-8bca-c781d9cddaf8,NA
10,56208837,56208837,1,snv_mnv,1.9968e-4,rs566986132,"broad,dkfz,muse,sanger",4,COSN6974377,rs566986132,LTR52,FALSE,0.1154,NA,9,69,NA,NA,NA,Intron,FALSE,FALSE,FALSE,FALSE,4,2,2,2_2,d4907a1b-8b06-47c5-8bca-c781d9cddaf8,RNU6-687P
10,56967115,56967115,1,snv_mnv,1.9968e-4,rs577073995,"broad,dkfz,muse,sanger",4,COSN6974985,rs577073995,NA,FALSE,0.2857,NA,26,65,NA,NA,NA,Intron,FALSE,FALSE,FALSE,FALSE,4,2,2,2_2,d4907a1b-8b06-47c5-8bca-c781d9cddaf8,NA
10,57019877,57019877,1,snv_mnv,NA,NA,"broad,muse,sanger",3,COSN6975028,NA,L2,FALSE,0.1169,NA,9,68,NA,NA,NA,Intron,FALSE,FALSE,FALSE,FALSE,4,2,2,2_2,d4907a1b-8b06-47c5-8bca-c781d9cddaf8,NA
10,57075680,57075680,1,snv_mnv,NA,NA,"broad,dkfz,muse,sanger",4,COSN6975066,NA,AluSg,FALSE,0.3243,NA,24,50,NA,NA,NA,Intron,FALSE,FALSE,FALSE,FALSE,4,2,2,2_2,d4907a1b-8b06-47c5-8bca-c781d9cddaf8,NA
10,57165505,57165505,1,snv_mnv,1.9968e-4,rs535083145,"broad,dkfz,muse,sanger",4,COSN6975146,rs535083145,L2a,FALSE,0.3671,NA,29,50,NA,NA,NA,Intron,FALSE,FALSE,FALSE,FALSE,4,2,2,2_2,d4907a1b-8b06-47c5-8bca-c781d9cddaf8,NA
10,57371769,57371769,1,snv_mnv,NA,NA,"broad,muse,sanger",3,COSN6975305,NA,L1MA7,FALSE,0.1889,NA,17,73,NA,NA,NA,Intron,FALSE,FALSE,FALSE,FALSE,4,2,2,2_2,d4907a1b-8b06-47c5-8bca-c781d9cddaf8,NA
10,57400973,57400973,1,snv_mnv,NA,NA,"broad,muse,sanger",3,COSN17845059,NA,AluSg,FALSE,0.2791,NA,24,62,NA,NA,NA,IGR,FALSE,FALSE,FALSE,FALSE,4,2,2,2_2,d4907a1b-8b06-47c5-8bca-c781d9cddaf8,NA
10,57470390,57470390,1,snv_mnv,NA,NA,"broad,dkfz,muse,sanger",4,COSN6975383,NA,MLT1E2,FALSE,0.253,NA,21,62,NA,NA,NA,IGR,FALSE,FALSE,FALSE,FALSE,4,2,2,2_2,d4907a1b-8b06-47c5-8bca-c781d9cddaf8,NA
10,57848252,57848252,1,snv_mnv,NA,NA,"broad,dkfz,muse,sanger",4,COSN6975727,NA,L1PA8,FALSE,0.3333,NA,31,62,NA,NA,NA,IGR,FALSE,FALSE,FALSE,FALSE,4,2,2,2_2,d4907a1b-8b06-47c5-8bca-c781d9cddaf8,NA
10,57914508,57914508,1,snv_mnv,NA,NA,"broad,dkfz,muse,sanger",4,COSN6975804,NA,T-rich,FALSE,0.3067,NA,23,52,NA,NA,NA,IGR,FALSE,FALSE,FALSE,FALSE,4,2,2,2_2,d4907a1b-8b06-47c5-8bca-c781d9cddaf8,NA
10,58310907,58310907,1,snv_mnv,NA,NA,"broad,dkfz,muse,sanger",4,COSN6976150,NA,NA,FALSE,0.2537,NA,17,50,NA,NA,NA,IGR,FALSE,FALSE,FALSE,FALSE,4,2,2,2_2,d4907a1b-8b06-47c5-8bca-c781d9cddaf8,NA
10,58311559,58311559,1,snv_mnv,NA,NA,"broad,dkfz,muse,sanger",4,COSN6976152,NA,NA,FALSE,0.3125,NA,30,66,NA,NA,NA,IGR,FALSE,FALSE,FALSE,FALSE,4,2,2,2_2,d4907a1b-8b06-47c5-8bca-c781d9cddaf8,NA
10,58531709,58531709,1,snv_mnv,NA,NA,"broad,dkfz,muse,sanger",4,COSN6976354,NA,MER4B,FALSE,0.2809,NA,25,64,NA,NA,NA,IGR,FALSE,FALSE,FALSE,FALSE,4,2,2,2_2,d4907a1b-8b06-47c5-8bca-c781d9cddaf8,NA
10,58793197,58793197,1,snv_mnv,NA,NA,"broad,dkfz,muse,sanger",4,COSN6976572,NA,NA,FALSE,0.0952,NA,8,76,NA,NA,NA,IGR,FALSE,FALSE,FALSE,FALSE,4,2,2,2_2,d4907a1b-8b06-47c5-8bca-c781d9cddaf8,NA
10,59592039,59592039,1,snv_mnv,1.9968e-4,rs575162822,"broad,dkfz,muse,sanger",4,COSN6977028,rs575162822,MIR,FALSE,0.2889,NA,26,64,NA,NA,NA,IGR,FALSE,FALSE,FALSE,FALSE,4,2,2,2_2,d4907a1b-8b06-47c5-8bca-c781d9cddaf8,NA
10,60488409,60488409,1,snv_mnv,NA,NA,"broad,dkfz,muse,sanger",4,COSN6977291,rs200211122,Tigger1,FALSE,0.3196,NA,31,66,NA,NA,NA,Intron,FALSE,FALSE,FALSE,FALSE,4,2,2,2_2,d4907a1b-8b06-47c5-8bca-c781d9cddaf8,NA
10,60900636,60900636,1,snv_mnv,NA,NA,"broad,dkfz,muse,sanger",4,COSN6977428,NA,NA,FALSE,0.1494,NA,13,74,NA,NA,NA,IGR,FALSE,FALSE,FALSE,FALSE,4,2,2,2_2,d4907a1b-8b06-47c5-8bca-c781d9cddaf8,TRAF6P1
10,62547864,62547864,1,snv_mnv,NA,NA,"broad,dkfz,muse,sanger",4,COSM3769150,NA,NA,FALSE,0.275,NA,22,58,NA,NA,NA,Missense_Mutation,FALSE,FALSE,FALSE,FALSE,4,2,2,2_2,d4907a1b-8b06-47c5-8bca-c781d9cddaf8,CDK1
10,63262093,63262093,1,snv_mnv,NA,NA,"broad,dkfz,muse,sanger",4,COSN6978045,NA,MIRc,FALSE,0.2222,NA,20,70,NA,NA,NA,IGR,FALSE,FALSE,FALSE,FALSE,4,2,2,2_2,d4907a1b-8b06-47c5-8bca-c781d9cddaf8,NA
10,63330579,63330579,1,snv_mnv,NA,NA,"broad,dkfz,muse,sanger",4,COSN6978063,NA,HERVL-int,FALSE,0.3182,NA,28,60,NA,NA,NA,IGR,FALSE,FALSE,FALSE,FALSE,4,2,2,2_2,d4907a1b-8b06-47c5-8bca-c781d9cddaf8,NA
10,65094664,65094664,1,snv_mnv,1.9968e-4,rs563700918,"broad,dkfz,muse,sanger",4,COSN6978576,rs563700918,AluSx,FALSE,0.1579,NA,9,48,NA,NA,NA,Intron,FALSE,FALSE,FALSE,FALSE,4,2,2,2_2,d4907a1b-8b06-47c5-8bca-c781d9cddaf8,NA
10,65871592,65871592,1,snv_mnv,NA,NA,"broad,dkfz,muse,sanger",4,COSN6978820,NA,NA,FALSE,0.1489,NA,14,80,NA,NA,NA,IGR,FALSE,FALSE,FALSE,FALSE,4,2,2,2_2,d4907a1b-8b06-47c5-8bca-c781d9cddaf8,NA
10,66311452,66311452,1,snv_mnv,NA,NA,"broad,dkfz,muse,sanger",4,COSN6978990,NA,L2,FALSE,0.2385,NA,26,83,NA,NA,NA,IGR,FALSE,FALSE,FALSE,FALSE,4,2,2,2_2,d4907a1b-8b06-47c5-8bca-c781d9cddaf8,NA
10,67103461,67103461,1,snv_mnv,3.9936e-4,rs548087045,"broad,dkfz,muse,sanger",4,COSN6979343,rs548087045,NA,FALSE,0.1149,NA,10,77,NA,NA,NA,IGR,FALSE,FALSE,FALSE,FALSE,4,2,2,2_2,d4907a1b-8b06-47c5-8bca-c781d9cddaf8,NA
10,67115670,67115670,1,snv_mnv,NA,NA,"broad,dkfz,muse,sanger",4,COSN6979350,NA,NA,FALSE,0.1204,NA,13,95,NA,NA,NA,IGR,FALSE,FALSE,FALSE,FALSE,4,2,2,2_2,d4907a1b-8b06-47c5-8bca-c781d9cddaf8,NA
10,67355560,67355560,1,snv_mnv,NA,NA,"broad,dkfz,muse,sanger",4,COSN6979496,NA,NA,FALSE,0.1852,NA,15,66,NA,NA,NA,lincRNA,FALSE,FALSE,FALSE,FALSE,4,2,2,2_2,d4907a1b-8b06-47c5-8bca-c781d9cddaf8,NA
10,67426936,67426936,1,snv_mnv,NA,NA,"broad,dkfz,muse,sanger",4,COSN6979528,NA,MER49,FALSE,0.2697,NA,24,65,NA,NA,NA,lincRNA,FALSE,FALSE,FALSE,FALSE,4,2,2,2_2,d4907a1b-8b06-47c5-8bca-c781d9cddaf8,NA
10,67644029,67644029,1,snv_mnv,NA,NA,"broad,dkfz,muse,sanger",4,COSN6979639,NA,L1MA5,FALSE,0.236,NA,21,68,NA,NA,NA,IGR,FALSE,FALSE,FALSE,FALSE,4,2,2,2_2,d4907a1b-8b06-47c5-8bca-c781d9cddaf8,NA
10,67770100,67770100,1,snv_mnv,NA,NA,"broad,dkfz,muse,sanger",4,COSN6979722,NA,NA,FALSE,0.1562,NA,15,81,NA,NA,NA,Intron,FALSE,FALSE,FALSE,FALSE,4,2,2,2_2,d4907a1b-8b06-47c5-8bca-c781d9cddaf8,NA
10,67818505,67818505,1,snv_mnv,NA,NA,"broad,dkfz,muse,sanger",4,COSN6979740,NA,NA,FALSE,0.1205,NA,10,73,NA,NA,NA,Intron,FALSE,FALSE,TRUE,FALSE,4,2,2,2_2,d4907a1b-8b06-47c5-8bca-c781d9cddaf8,NA
10,68315942,68315942,1,snv_mnv,NA,NA,"broad,dkfz,muse,sanger",4,COSN6980053,NA,L1MA9,FALSE,0.1839,NA,16,71,NA,NA,NA,Intron,FALSE,FALSE,TRUE,FALSE,4,2,2,2_2,d4907a1b-8b06-47c5-8bca-c781d9cddaf8,NA
10,69018003,69018003,1,snv_mnv,NA,NA,"broad,dkfz,muse,sanger",4,COSN6980373,NA,AluSx,FALSE,0.2286,NA,16,54,NA,NA,NA,Intron,FALSE,FALSE,FALSE,FALSE,4,2,2,2_2,d4907a1b-8b06-47c5-8bca-c781d9cddaf8,NA
10,69239502,69239502,1,snv_mnv,NA,NA,"broad,dkfz,muse,sanger",4,COSN6980468,NA,L1PA16,FALSE,0.2581,NA,24,69,NA,NA,NA,Intron,FALSE,FALSE,FALSE,FALSE,4,2,2,2_2,d4907a1b-8b06-47c5-8bca-c781d9cddaf8,NA
10,69363360,69363360,1,snv_mnv,NA,NA,"broad,dkfz,muse,sanger",4,COSN6980515,NA,Tigger3b,FALSE,0.2588,NA,22,63,NA,NA,NA,Intron,FALSE,FALSE,FALSE,FALSE,4,2,2,2_2,d4907a1b-8b06-47c5-8bca-c781d9cddaf8,NA
10,70126882,70126882,1,snv_mnv,1.9968e-4,rs546607241,"broad,dkfz,muse,sanger",4,COSN6980728,rs546607241,AluSg,FALSE,0.2951,NA,18,43,NA,NA,NA,Intron,FALSE,FALSE,FALSE,FALSE,4,2,2,2_2,d4907a1b-8b06-47c5-8bca-c781d9cddaf8,RUFY2
10,71254360,71254360,1,snv_mnv,NA,NA,"broad,dkfz,muse,sanger",4,COSN6981038,NA,MIR3,FALSE,0.3143,NA,22,48,NA,NA,NA,Intron,FALSE,FALSE,FALSE,FALSE,4,2,2,2_2,d4907a1b-8b06-47c5-8bca-c781d9cddaf8,TSPAN15
10,71707900,71707900,1,snv_mnv,NA,NA,"broad,dkfz,muse,sanger",4,COSN6981219,rs777687726,NA,FALSE,0.4304,NA,34,45,NA,NA,NA,Intron,FALSE,FALSE,FALSE,FALSE,4,2,2,2_2,d4907a1b-8b06-47c5-8bca-c781d9cddaf8,NA
10,72119686,72119686,1,snv_mnv,NA,NA,"broad,dkfz,muse",3,COSN6981336,NA,AluSg7,FALSE,0.3,NA,18,42,NA,NA,NA,Intron,FALSE,FALSE,FALSE,FALSE,4,2,2,2_2,d4907a1b-8b06-47c5-8bca-c781d9cddaf8,NA
10,72754496,72754496,1,snv_mnv,NA,NA,"broad,dkfz,muse,sanger",4,COSN7067615,NA,NA,FALSE,0.3099,NA,22,49,NA,NA,NA,IGR,FALSE,FALSE,FALSE,FALSE,4,2,2,2_2,d4907a1b-8b06-47c5-8bca-c781d9cddaf8,NA
10,73019630,73019630,1,snv_mnv,NA,NA,"broad,dkfz,muse,sanger",4,COSN7067695,NA,NA,FALSE,0.1294,NA,11,74,NA,NA,NA,Intron,FALSE,FALSE,FALSE,FALSE,4,2,2,2_2,d4907a1b-8b06-47c5-8bca-c781d9cddaf8,NA
10,79503914,79503914,1,snv_mnv,NA,NA,"broad,dkfz,muse,sanger",4,COSN7069530,NA,AluSc8,FALSE,0.2105,NA,12,45,NA,NA,NA,IGR,FALSE,FALSE,FALSE,FALSE,4,2,2,2_2,d4907a1b-8b06-47c5-8bca-c781d9cddaf8,NA
10,80462554,80462554,1,snv_mnv,NA,NA,"broad,dkfz,muse,sanger",4,COSN7069813,NA,NA,FALSE,0.3117,NA,24,53,NA,NA,NA,IGR,FALSE,FALSE,FALSE,FALSE,4,2,2,2_2,d4907a1b-8b06-47c5-8bca-c781d9cddaf8,NA
10,83122970,83122970,1,snv_mnv,NA,NA,"broad,dkfz,muse,sanger",4,COSN7070708,NA,NA,FALSE,0.4186,NA,36,50,NA,NA,NA,IGR,FALSE,FALSE,FALSE,FALSE,4,2,2,2_2,d4907a1b-8b06-47c5-8bca-c781d9cddaf8,NA
10,83763220,83763220,1,snv_mnv,NA,NA,"broad,dkfz,muse,sanger",4,COSN7071161,NA,L2,FALSE,0.2727,NA,24,64,NA,NA,NA,Intron,FALSE,FALSE,FALSE,FALSE,4,2,2,2_2,d4907a1b-8b06-47c5-8bca-c781d9cddaf8,NA
10,84073310,84073310,1,snv_mnv,NA,NA,"broad,dkfz,muse,sanger",4,COSN7071323,NA,NA,FALSE,0.274,NA,20,53,NA,NA,NA,Intron,FALSE,FALSE,FALSE,FALSE,4,2,2,2_2,d4907a1b-8b06-47c5-8bca-c781d9cddaf8,NA
10,85004102,85004102,1,snv_mnv,NA,NA,"broad,dkfz,muse,sanger",4,COSN7071923,NA,L1PA8,FALSE,0.1753,NA,17,80,NA,NA,NA,IGR,FALSE,FALSE,FALSE,FALSE,4,2,2,2_2,d4907a1b-8b06-47c5-8bca-c781d9cddaf8,NA
10,85270871,85270871,1,snv_mnv,NA,NA,"broad,dkfz,muse,sanger",4,COSN7072119,NA,L1MD1,FALSE,0.1481,NA,16,92,NA,NA,NA,IGR,FALSE,FALSE,FALSE,FALSE,4,2,2,2_2,d4907a1b-8b06-47c5-8bca-c781d9cddaf8,NA
10,85327394,85327394,1,snv_mnv,NA,NA,"broad,dkfz,muse,sanger",4,COSN7072167,NA,NA,FALSE,0.18,NA,18,82,NA,NA,NA,IGR,FALSE,FALSE,FALSE,FALSE,4,2,2,2_2,d4907a1b-8b06-47c5-8bca-c781d9cddaf8,NA
10,85525037,85525037,1,snv_mnv,NA,NA,"broad,dkfz,muse,sanger",4,COSN7072280,NA,NA,FALSE,0.2925,NA,31,75,NA,NA,NA,RNA,FALSE,FALSE,TRUE,FALSE,4,2,2,2_2,d4907a1b-8b06-47c5-8bca-c781d9cddaf8,RNU6-129P
10,85791338,85791338,1,snv_mnv,NA,NA,"broad,dkfz,muse,sanger",4,COSN7072419,NA,L2c,FALSE,0.2099,NA,17,64,NA,NA,NA,IGR,FALSE,FALSE,FALSE,FALSE,4,2,2,2_2,d4907a1b-8b06-47c5-8bca-c781d9cddaf8,NA
10,86885567,86885567,1,snv_mnv,NA,NA,"broad,dkfz,muse,sanger",4,COSN7072963,rs371117818,L1PA3,FALSE,0.169,NA,12,59,NA,NA,NA,IGR,FALSE,FALSE,FALSE,FALSE,4,2,2,2_2,d4907a1b-8b06-47c5-8bca-c781d9cddaf8,NA
10,86897191,86897191,1,snv_mnv,NA,NA,"broad,dkfz,muse,sanger",4,COSN7072971,NA,NA,FALSE,0.2683,NA,22,60,NA,NA,NA,IGR,FALSE,FALSE,FALSE,FALSE,4,2,2,2_2,d4907a1b-8b06-47c5-8bca-c781d9cddaf8,NA
10,87760384,87760384,1,snv_mnv,NA,NA,"broad,dkfz,muse,sanger",4,COSN7073399,NA,L1MEf,FALSE,0.2222,NA,22,77,NA,NA,NA,Intron,FALSE,FALSE,FALSE,FALSE,4,2,2,2_2,d4907a1b-8b06-47c5-8bca-c781d9cddaf8,NA
10,87826010,87826010,1,snv_mnv,1.9968e-4,rs559097359,"broad,dkfz,muse,sanger",4,COSN14547177,rs559097359,NA,FALSE,0.2857,NA,18,45,NA,NA,NA,Intron,FALSE,FALSE,FALSE,FALSE,4,2,2,2_2,d4907a1b-8b06-47c5-8bca-c781d9cddaf8,NA
10,87910477,87910477,1,snv_mnv,NA,NA,"broad,dkfz,muse,sanger",4,COSN7073455,NA,MLT1A0,FALSE,0.2857,NA,24,60,NA,NA,NA,Intron,FALSE,FALSE,FALSE,FALSE,4,2,2,2_2,d4907a1b-8b06-47c5-8bca-c781d9cddaf8,NA
10,87999669,87999669,1,snv_mnv,1.9968e-4,rs553699674,"broad,dkfz,muse,sanger",4,COSN7073497,rs553699674,MLT1B,FALSE,0.325,NA,26,54,NA,NA,NA,Intron,FALSE,FALSE,FALSE,FALSE,4,2,2,2_2,d4907a1b-8b06-47c5-8bca-c781d9cddaf8,NA
10,88123918,88123918,1,snv_mnv,NA,NA,"broad,dkfz,muse,sanger",4,COSN7073545,NA,NA,FALSE,0.3971,NA,27,41,NA,NA,NA,Intron,FALSE,FALSE,FALSE,FALSE,4,2,2,2_2,d4907a1b-8b06-47c5-8bca-c781d9cddaf8,NA
10,89156012,89156012,1,snv_mnv,NA,NA,"broad,muse,sanger",3,COSN7073777,NA,L3,FALSE,0.1087,NA,10,82,NA,NA,NA,lincRNA,FALSE,FALSE,FALSE,FALSE,4,2,2,2_2,d4907a1b-8b06-47c5-8bca-c781d9cddaf8,LINC00864
10,89392742,89392742,1,snv_mnv,NA,NA,"broad,dkfz,muse",3,COSN7073824,NA,MER81,FALSE,0.125,NA,10,70,NA,NA,NA,RNA,FALSE,FALSE,FALSE,FALSE,4,2,2,2_2,d4907a1b-8b06-47c5-8bca-c781d9cddaf8,NA
10,89943397,89943397,1,snv_mnv,NA,NA,"broad,dkfz,muse,sanger",4,COSN7073957,NA,NA,FALSE,0.1429,NA,16,96,NA,NA,NA,IGR,FALSE,FALSE,FALSE,FALSE,4,2,2,2_2,d4907a1b-8b06-47c5-8bca-c781d9cddaf8,NA
10,90676245,90676245,1,snv_mnv,NA,NA,"broad,dkfz,muse,sanger",4,COSN7074122,NA,Tigger16a,FALSE,0.0851,NA,8,86,NA,NA,NA,Intron,FALSE,FALSE,FALSE,FALSE,4,2,2,2_2,d4907a1b-8b06-47c5-8bca-c781d9cddaf8,NA
10,91633165,91633165,1,snv_mnv,NA,NA,"broad,dkfz,muse,sanger",4,COSN7074359,NA,LTR43,FALSE,0.1714,NA,18,87,NA,NA,NA,IGR,FALSE,FALSE,FALSE,FALSE,4,2,2,2_2,d4907a1b-8b06-47c5-8bca-c781d9cddaf8,NA
10,92572504,92572504,1,snv_mnv,NA,NA,"broad,muse,sanger",3,COSN7074904,NA,HERVH-int,FALSE,0.3016,NA,19,44,NA,NA,NA,Intron,FALSE,FALSE,FALSE,FALSE,4,2,2,2_2,d4907a1b-8b06-47c5-8bca-c781d9cddaf8,NA
10,92769913,92769913,1,snv_mnv,NA,NA,"broad,dkfz,muse,sanger",4,COSN7074979,NA,L2b,FALSE,0.284,NA,23,58,NA,NA,NA,IGR,FALSE,FALSE,FALSE,FALSE,4,2,2,2_2,d4907a1b-8b06-47c5-8bca-c781d9cddaf8,AL365434.1
10,93089222,93089222,1,snv_mnv,NA,NA,"broad,dkfz,muse,sanger",4,COSN7075076,NA,L1M4,FALSE,0.1458,NA,14,82,NA,NA,NA,IGR,FALSE,FALSE,FALSE,FALSE,4,2,2,2_2,d4907a1b-8b06-47c5-8bca-c781d9cddaf8,NA
10,93536919,93536919,1,snv_mnv,NA,NA,"broad,dkfz,muse,sanger",4,COSN7075199,NA,L1M5,FALSE,0.24,NA,18,57,NA,NA,NA,IGR,FALSE,FALSE,FALSE,FALSE,4,2,2,2_2,d4907a1b-8b06-47c5-8bca-c781d9cddaf8,NA
10,95565743,95565743,1,snv_mnv,NA,NA,"broad,dkfz,muse,sanger",4,COSN7075732,NA,NA,FALSE,0.1324,NA,9,59,NA,NA,NA,IGR,FALSE,FALSE,FALSE,FALSE,4,2,2,2_2,d4907a1b-8b06-47c5-8bca-c781d9cddaf8,NA
10,96069985,96069985,1,snv_mnv,NA,NA,"broad,dkfz,muse,sanger",4,COSN7075864,NA,NA,FALSE,0.3514,NA,26,48,NA,NA,NA,Intron,FALSE,FALSE,FALSE,FALSE,4,2,2,2_2,d4907a1b-8b06-47c5-8bca-c781d9cddaf8,AL139124.1
10,96194647,96194647,1,snv_mnv,NA,NA,"broad,dkfz,muse,sanger",4,COSN7075898,NA,MSTD,FALSE,0.2921,NA,26,63,NA,NA,NA,Intron,FALSE,FALSE,FALSE,FALSE,4,2,2,2_2,d4907a1b-8b06-47c5-8bca-c781d9cddaf8,NA
10,96337454,96337454,1,snv_mnv,NA,NA,"broad,dkfz,muse,sanger",4,COSN7075931,NA,AluSx,FALSE,0.3404,NA,32,62,NA,NA,NA,Intron,FALSE,FALSE,FALSE,FALSE,4,2,2,2_2,d4907a1b-8b06-47c5-8bca-c781d9cddaf8,HELLS
10,98051321,98051321,1,snv_mnv,NA,NA,"broad,dkfz,muse,sanger",4,COSN7076351,NA,L1P1,FALSE,0.1975,NA,16,65,NA,NA,NA,RNA,FALSE,FALSE,FALSE,FALSE,4,2,2,2_2,d4907a1b-8b06-47c5-8bca-c781d9cddaf8,AL136181.1
10,98351069,98351069,1,snv_mnv,1.9968e-4,rs185873998,"broad,dkfz,muse,sanger",4,COSN7076428,rs185873998,LTR66,FALSE,0.1143,NA,12,93,NA,NA,NA,IGR,FALSE,FALSE,FALSE,FALSE,4,2,2,2_2,d4907a1b-8b06-47c5-8bca-c781d9cddaf8,"PIK3AP1,TM9SF3"
10,100440708,100440708,1,snv_mnv,NA,NA,"broad,dkfz,muse,sanger",4,COSN6954857,NA,AluSz,FALSE,0.2208,NA,17,60,NA,NA,NA,Intron,FALSE,FALSE,FALSE,FALSE,4,2,2,2_2,d4907a1b-8b06-47c5-8bca-c781d9cddaf8,NA
10,100893928,100893928,1,snv_mnv,NA,NA,"broad,dkfz,muse,sanger",4,COSN6955065,NA,L1PA7,FALSE,0.1458,NA,14,82,NA,NA,NA,Intron,FALSE,FALSE,FALSE,FALSE,4,2,2,2_2,d4907a1b-8b06-47c5-8bca-c781d9cddaf8,NA
10,101201569,101201569,1,snv_mnv,NA,NA,"broad,dkfz,muse,sanger",4,COSN6955174,NA,NA,FALSE,0.1395,NA,12,74,NA,NA,NA,IGR,FALSE,FALSE,FALSE,FALSE,4,2,2,2_2,d4907a1b-8b06-47c5-8bca-c781d9cddaf8,AL391684.1
10,102453949,102453949,1,snv_mnv,NA,NA,"broad,dkfz,muse,sanger",4,COSN6955521,NA,MIRb,FALSE,0.3093,NA,30,67,NA,NA,NA,IGR,FALSE,FALSE,FALSE,FALSE,4,2,2,2_2,d4907a1b-8b06-47c5-8bca-c781d9cddaf8,NA
10,103464386,103464386,1,snv_mnv,NA,NA,"broad,dkfz,muse,sanger",4,COSN6955822,NA,NA,FALSE,0.1828,NA,17,76,NA,NA,NA,lincRNA,FALSE,FALSE,FALSE,FALSE,4,2,2,2_2,d4907a1b-8b06-47c5-8bca-c781d9cddaf8,AC010789.1
10,106323129,106323129,1,snv_mnv,NA,NA,"broad,dkfz,muse,sanger",4,COSN6956588,NA,NA,FALSE,0.2105,NA,20,75,NA,NA,NA,IGR,FALSE,FALSE,FALSE,FALSE,4,2,2,2_2,d4907a1b-8b06-47c5-8bca-c781d9cddaf8,NA
10,106415561,106415561,1,snv_mnv,NA,NA,"broad,dkfz,muse,sanger",4,COSN6956637,NA,MSTA,FALSE,0.1364,NA,9,57,NA,NA,NA,Intron,FALSE,FALSE,FALSE,FALSE,4,2,2,2_2,d4907a1b-8b06-47c5-8bca-c781d9cddaf8,NA
10,106495799,106495799,1,snv_mnv,NA,NA,"broad,dkfz,muse,sanger",4,COSN6956681,NA,NA,FALSE,0.2099,NA,17,64,NA,NA,NA,Intron,FALSE,FALSE,FALSE,FALSE,4,2,2,2_2,d4907a1b-8b06-47c5-8bca-c781d9cddaf8,NA
10,106717033,106717033,1,snv_mnv,NA,NA,"broad,dkfz,muse,sanger",4,COSN6956808,NA,NA,FALSE,0.2234,NA,21,73,NA,NA,NA,Intron,FALSE,FALSE,FALSE,FALSE,4,2,2,2_2,d4907a1b-8b06-47c5-8bca-c781d9cddaf8,NA
10,107038893,107038893,1,snv_mnv,NA,NA,"broad,dkfz,muse",3,COSN6957035,NA,(TCCC)n,FALSE,0.2805,NA,23,59,NA,NA,NA,IGR,FALSE,FALSE,FALSE,FALSE,4,2,2,2_2,d4907a1b-8b06-47c5-8bca-c781d9cddaf8,NA
10,107085905,107085905,1,snv_mnv,NA,NA,"broad,dkfz,muse,sanger",4,COSN6957073,NA,MER5A1,FALSE,0.1566,NA,13,70,NA,NA,NA,IGR,FALSE,FALSE,FALSE,FALSE,4,2,2,2_2,d4907a1b-8b06-47c5-8bca-c781d9cddaf8,NA
10,107477112,107477112,1,snv_mnv,NA,NA,"broad,dkfz,muse,sanger",4,COSN6957396,NA,AluY,FALSE,0.1727,NA,19,91,NA,NA,NA,IGR,FALSE,FALSE,FALSE,FALSE,4,2,2,2_2,d4907a1b-8b06-47c5-8bca-c781d9cddaf8,NA
10,107544831,107544831,1,snv_mnv,NA,NA,"broad,dkfz,muse,sanger",4,COSN6957448,NA,LTR33,FALSE,0.1087,NA,10,82,NA,NA,NA,IGR,FALSE,FALSE,TRUE,FALSE,4,2,2,2_2,d4907a1b-8b06-47c5-8bca-c781d9cddaf8,NA
10,108069949,108069949,1,snv_mnv,NA,NA,"broad,dkfz,muse,sanger",4,COSN6957877,NA,NA,FALSE,0.3486,NA,38,71,NA,NA,NA,IGR,FALSE,FALSE,FALSE,FALSE,4,2,2,2_2,d4907a1b-8b06-47c5-8bca-c781d9cddaf8,NA
10,108508057,108508057,1,snv_mnv,NA,NA,"broad,dkfz,muse,sanger",4,COSN6958134,NA,Tigger1,FALSE,0.234,NA,22,72,NA,NA,NA,Intron,FALSE,FALSE,TRUE,FALSE,4,2,2,2_2,d4907a1b-8b06-47c5-8bca-c781d9cddaf8,NA
10,108652188,108652188,1,snv_mnv,NA,NA,"broad,dkfz,muse,sanger",4,COSN6958258,NA,NA,FALSE,0.1625,NA,13,67,NA,NA,NA,Intron,FALSE,FALSE,TRUE,FALSE,4,2,2,2_2,d4907a1b-8b06-47c5-8bca-c781d9cddaf8,NA
10,108785909,108785909,1,snv_mnv,NA,NA,"broad,dkfz,muse,sanger",4,COSN6958351,NA,NA,FALSE,0.2655,NA,30,83,NA,NA,NA,Intron,FALSE,FALSE,FALSE,FALSE,4,2,2,2_2,d4907a1b-8b06-47c5-8bca-c781d9cddaf8,NA
10,108922020,108922020,1,snv_mnv,NA,NA,"broad,dkfz,muse,sanger",4,COSN6958450,NA,NA,FALSE,0.1509,NA,16,90,NA,NA,NA,Intron,FALSE,FALSE,FALSE,FALSE,4,2,2,2_2,d4907a1b-8b06-47c5-8bca-c781d9cddaf8,NA
10,109309070,109309070,1,snv_mnv,NA,NA,"broad,dkfz,muse,sanger",4,COSN6958740,NA,NA,FALSE,0.375,NA,30,50,NA,NA,NA,IGR,FALSE,FALSE,FALSE,FALSE,4,2,2,2_2,d4907a1b-8b06-47c5-8bca-c781d9cddaf8,NA
10,110164474,110164474,1,snv_mnv,NA,NA,"broad,dkfz,muse,sanger",4,COSN6959366,NA,L1MCa,FALSE,0.1413,NA,13,79,NA,NA,NA,IGR,FALSE,FALSE,FALSE,FALSE,4,2,2,2_2,d4907a1b-8b06-47c5-8bca-c781d9cddaf8,NA
10,110256694,110256694,1,snv_mnv,NA,NA,"broad,dkfz,muse,sanger",4,COSN6959461,NA,NA,FALSE,0.1184,NA,9,67,NA,NA,NA,IGR,FALSE,FALSE,FALSE,FALSE,4,2,2,2_2,d4907a1b-8b06-47c5-8bca-c781d9cddaf8,NA
10,110631347,110631347,1,snv_mnv,NA,NA,"broad,dkfz,muse,sanger",4,COSN6959740,NA,MLT1G-int,FALSE,0.1277,NA,12,82,NA,NA,NA,IGR,FALSE,FALSE,FALSE,FALSE,4,2,2,2_2,d4907a1b-8b06-47c5-8bca-c781d9cddaf8,NA
10,111203952,111203952,1,snv_mnv,NA,NA,"broad,dkfz,muse,sanger",4,COSN6960077,NA,MIR,FALSE,0.3146,NA,28,61,NA,NA,NA,IGR,FALSE,FALSE,FALSE,FALSE,4,2,2,2_2,d4907a1b-8b06-47c5-8bca-c781d9cddaf8,NA
10,111358985,111358985,1,snv_mnv,NA,NA,"broad,dkfz,muse,sanger",4,COSN6960169,NA,L1PA11,FALSE,0.1477,NA,13,75,NA,NA,NA,IGR,FALSE,FALSE,FALSE,FALSE,4,2,2,2_2,d4907a1b-8b06-47c5-8bca-c781d9cddaf8,NA
10,111709956,111709956,1,snv_mnv,NA,NA,"broad,dkfz,muse,sanger",4,COSN6960298,NA,NA,FALSE,0.2533,NA,19,56,NA,NA,NA,Intron,FALSE,FALSE,FALSE,FALSE,4,2,2,2_2,d4907a1b-8b06-47c5-8bca-c781d9cddaf8,NA
10,112124812,112124812,1,snv_mnv,NA,NA,"broad,dkfz,muse,sanger",4,COSN6960402,NA,NA,FALSE,0.2113,NA,15,56,NA,NA,NA,IGR,FALSE,FALSE,FALSE,FALSE,4,2,2,2_2,d4907a1b-8b06-47c5-8bca-c781d9cddaf8,NA
10,112173608,112173608,1,snv_mnv,NA,NA,"broad,dkfz,muse,sanger",4,COSN6960418,NA,NA,FALSE,0.3402,NA,33,64,NA,NA,NA,IGR,FALSE,FALSE,FALSE,FALSE,4,2,2,2_2,d4907a1b-8b06-47c5-8bca-c781d9cddaf8,NA
10,113565391,113565391,1,snv_mnv,NA,NA,"broad,dkfz,muse,sanger",4,COSN6960933,NA,MIR3,FALSE,0.2679,NA,30,82,NA,NA,NA,IGR,FALSE,FALSE,FALSE,FALSE,5,3,2,3_2,d4907a1b-8b06-47c5-8bca-c781d9cddaf8,NA
10,113881082,113881082,1,snv_mnv,NA,NA,"broad,dkfz,muse,sanger",4,COSN6961068,NA,NA,FALSE,0.2418,NA,22,69,NA,NA,NA,IGR,FALSE,FALSE,FALSE,FALSE,5,3,2,3_2,d4907a1b-8b06-47c5-8bca-c781d9cddaf8,NA
10,116236880,116236880,1,snv_mnv,NA,NA,"broad,dkfz,muse,sanger",4,COSN6941676,NA,MIR,FALSE,0.2619,NA,22,62,NA,NA,NA,Intron,FALSE,FALSE,FALSE,FALSE,5,3,2,3_2,d4907a1b-8b06-47c5-8bca-c781d9cddaf8,NA
10,117317617,117317617,1,snv_mnv,NA,NA,"broad,dkfz,muse,sanger",4,COSN6942052,NA,L1M4b,FALSE,0.1009,NA,11,98,NA,NA,NA,Intron,FALSE,FALSE,FALSE,FALSE,5,3,2,3_2,d4907a1b-8b06-47c5-8bca-c781d9cddaf8,NA
10,117348533,117348533,1,snv_mnv,NA,NA,"broad,dkfz,muse,sanger",4,COSN6942071,NA,NA,FALSE,0.1442,NA,15,89,NA,NA,NA,Intron,FALSE,FALSE,TRUE,FALSE,5,3,2,3_2,d4907a1b-8b06-47c5-8bca-c781d9cddaf8,NA
10,117501101,117501101,1,snv_mnv,NA,NA,"broad,dkfz,muse,sanger",4,COSN6942155,NA,L2,FALSE,0.3469,NA,34,64,NA,NA,NA,Intron,FALSE,FALSE,FALSE,FALSE,5,3,2,3_2,d4907a1b-8b06-47c5-8bca-c781d9cddaf8,NA
10,117607946,117607946,1,snv_mnv,NA,NA,"broad,dkfz,muse,sanger",4,COSN6942212,NA,MamRep605,FALSE,0.1379,NA,16,100,NA,NA,NA,Intron,FALSE,FALSE,FALSE,FALSE,5,3,2,3_2,d4907a1b-8b06-47c5-8bca-c781d9cddaf8,NA
10,117641244,117641244,1,snv_mnv,NA,NA,"broad,dkfz,muse,sanger",4,COSN6942229,NA,MIRb,FALSE,0.2843,NA,29,73,NA,NA,NA,Intron,FALSE,FALSE,FALSE,FALSE,5,3,2,3_2,d4907a1b-8b06-47c5-8bca-c781d9cddaf8,NA
10,119348169,119348169,1,snv_mnv,NA,NA,"broad,dkfz,muse,sanger",4,COSN6942990,rs574958490,NA,FALSE,0.3191,NA,30,64,NA,NA,NA,IGR,FALSE,FALSE,FALSE,FALSE,5,3,2,3_2,d4907a1b-8b06-47c5-8bca-c781d9cddaf8,NA
10,120640481,120640481,1,snv_mnv,NA,NA,"broad,dkfz,muse,sanger",4,COSN6943461,rs537101819,L1MA4,FALSE,0.3308,NA,44,89,NA,NA,NA,IGR,FALSE,FALSE,FALSE,FALSE,5,3,2,3_2,d4907a1b-8b06-47c5-8bca-c781d9cddaf8,NA
10,121837316,121837316,1,snv_mnv,NA,NA,"broad,dkfz,muse,sanger",4,COSN6943768,NA,MER45B,FALSE,0.2826,NA,26,66,NA,NA,NA,IGR,FALSE,FALSE,FALSE,FALSE,5,3,2,3_2,d4907a1b-8b06-47c5-8bca-c781d9cddaf8,NA
10,124536337,124536337,1,snv_mnv,NA,NA,"broad,dkfz,muse,sanger",4,COSN6944555,NA,NA,FALSE,0.1695,NA,20,98,NA,NA,NA,RNA,FALSE,FALSE,FALSE,FALSE,5,3,2,3_2,d4907a1b-8b06-47c5-8bca-c781d9cddaf8,NA
10,124887794,124887794,1,snv_mnv,NA,NA,"broad,dkfz,muse,sanger",4,COSN6944675,NA,NA,FALSE,0.115,NA,13,100,NA,NA,NA,IGR,FALSE,FALSE,FALSE,FALSE,5,3,2,3_2,d4907a1b-8b06-47c5-8bca-c781d9cddaf8,NA
10,125102436,125102436,1,snv_mnv,NA,NA,"broad,dkfz,muse,sanger",4,COSN6944764,NA,NA,FALSE,0.2178,NA,22,79,NA,NA,NA,IGR,FALSE,FALSE,FALSE,FALSE,5,3,2,3_2,d4907a1b-8b06-47c5-8bca-c781d9cddaf8,NA
10,125170875,125170875,1,snv_mnv,NA,NA,"broad,dkfz,muse,sanger",4,COSN6944799,NA,MamRep137,FALSE,0.2661,NA,29,80,NA,NA,NA,lincRNA,FALSE,FALSE,FALSE,FALSE,5,3,2,3_2,d4907a1b-8b06-47c5-8bca-c781d9cddaf8,NA
10,127566981,127566981,1,snv_mnv,NA,NA,"broad,dkfz,muse,sanger",4,COSN6945632,NA,MER34C_,FALSE,0.1296,NA,14,94,NA,NA,NA,Intron,FALSE,FALSE,FALSE,FALSE,5,3,2,3_2,d4907a1b-8b06-47c5-8bca-c781d9cddaf8,NA
10,127622572,127622572,1,snv_mnv,NA,NA,"broad,dkfz,muse,sanger",4,COSN6945657,NA,L1PB1,FALSE,0.3367,NA,33,65,NA,NA,NA,Intron,FALSE,FALSE,FALSE,FALSE,5,3,2,3_2,d4907a1b-8b06-47c5-8bca-c781d9cddaf8,NA
10,127763136,127763136,1,snv_mnv,NA,NA,"broad,dkfz,muse",3,COSN6945716,NA,NA,FALSE,0.1538,NA,18,99,NA,NA,NA,Intron,FALSE,FALSE,FALSE,FALSE,5,3,2,3_2,d4907a1b-8b06-47c5-8bca-c781d9cddaf8,ADAM12
10,128062442,128062442,1,snv_mnv,NA,NA,"broad,dkfz,muse,sanger",4,COSN6945902,NA,NA,FALSE,0.3721,NA,48,81,NA,NA,NA,Intron,FALSE,FALSE,FALSE,FALSE,5,3,2,3_2,d4907a1b-8b06-47c5-8bca-c781d9cddaf8,NA
10,129215307,129215307,1,snv_mnv,NA,NA,"broad,dkfz,muse,sanger",4,COSN6946359,NA,NA,FALSE,0.2472,NA,22,67,NA,NA,NA,Intron,FALSE,FALSE,FALSE,FALSE,5,3,2,3_2,d4907a1b-8b06-47c5-8bca-c781d9cddaf8,NA
10,129342609,129342609,1,snv_mnv,NA,NA,"broad,dkfz,muse,sanger",4,COSN6946404,NA,NA,FALSE,0.2,NA,21,84,NA,NA,NA,IGR,FALSE,FALSE,FALSE,FALSE,5,3,2,3_2,d4907a1b-8b06-47c5-8bca-c781d9cddaf8,NA
10,130222408,130222408,1,snv_mnv,NA,NA,"broad,dkfz,muse,sanger",4,COSN6946764,NA,AluSx1,FALSE,0.2375,NA,19,61,NA,NA,NA,IGR,FALSE,FALSE,FALSE,FALSE,5,3,2,3_2,d4907a1b-8b06-47c5-8bca-c781d9cddaf8,NA
10,130247752,130247752,1,snv_mnv,NA,NA,"broad,dkfz,muse,sanger",4,COSN6946787,NA,L1ME3C,FALSE,0.2061,NA,27,104,NA,NA,NA,IGR,FALSE,FALSE,FALSE,FALSE,5,3,2,3_2,d4907a1b-8b06-47c5-8bca-c781d9cddaf8,NA
10,130295662,130295662,1,snv_mnv,NA,NA,"broad,dkfz,muse,sanger",4,COSN6946830,NA,MLT1B,FALSE,0.3421,NA,39,75,NA,NA,NA,IGR,FALSE,FALSE,FALSE,FALSE,5,3,2,3_2,d4907a1b-8b06-47c5-8bca-c781d9cddaf8,NA
10,130490590,130490590,1,snv_mnv,NA,NA,"broad,dkfz,muse,sanger",4,COSN6946932,NA,NA,FALSE,0.2844,NA,31,78,NA,NA,NA,IGR,FALSE,FALSE,FALSE,FALSE,5,3,2,3_2,d4907a1b-8b06-47c5-8bca-c781d9cddaf8,NA
10,130599727,130599727,1,snv_mnv,5.9904e-4,rs138808939,"broad,dkfz,muse,sanger",4,COSN6947011,rs138808939,NA,FALSE,0.1143,NA,12,93,NA,NA,NA,IGR,FALSE,FALSE,FALSE,FALSE,5,3,2,3_2,d4907a1b-8b06-47c5-8bca-c781d9cddaf8,NA
10,130636279,130636279,1,snv_mnv,NA,NA,"broad,dkfz,muse,sanger",4,COSN6947037,NA,NA,FALSE,0.1034,NA,9,78,NA,NA,NA,IGR,FALSE,FALSE,FALSE,FALSE,5,3,2,3_2,d4907a1b-8b06-47c5-8bca-c781d9cddaf8,NA
10,130731562,130731562,1,snv_mnv,0.0013978,rs547862112,"broad,dkfz,muse,sanger",4,COSN6947105,rs547862112,NA,FALSE,0.3462,NA,27,51,NA,NA,NA,IGR,FALSE,FALSE,FALSE,FALSE,5,3,2,3_2,d4907a1b-8b06-47c5-8bca-c781d9cddaf8,NA
10,130870901,130870901,1,snv_mnv,NA,NA,"broad,dkfz,muse,sanger",4,COSN6947200,NA,NA,FALSE,0.1562,NA,15,81,NA,NA,NA,IGR,FALSE,FALSE,FALSE,FALSE,5,3,2,3_2,d4907a1b-8b06-47c5-8bca-c781d9cddaf8,NA
10,131057094,131057094,1,snv_mnv,NA,NA,"broad,dkfz,muse,sanger",4,COSN6947335,NA,NA,FALSE,0.2586,NA,30,86,NA,NA,NA,IGR,FALSE,FALSE,FALSE,FALSE,5,3,2,3_2,d4907a1b-8b06-47c5-8bca-c781d9cddaf8,NA
10,131191167,131191167,1,snv_mnv,NA,NA,"broad,dkfz,muse,sanger",4,COSN6947434,NA,NA,FALSE,0.1121,NA,12,95,NA,NA,NA,IGR,FALSE,FALSE,FALSE,FALSE,5,3,2,3_2,d4907a1b-8b06-47c5-8bca-c781d9cddaf8,NA
10,131696974,131696974,1,snv_mnv,NA,NA,"broad,dkfz,muse,sanger",4,COSN6947679,NA,NA,FALSE,0.2366,NA,22,71,NA,NA,NA,Intron,FALSE,FALSE,FALSE,FALSE,5,3,2,3_2,d4907a1b-8b06-47c5-8bca-c781d9cddaf8,NA
10,131712332,131712332,1,snv_mnv,NA,NA,"broad,dkfz,muse,sanger",4,COSN6947690,NA,NA,FALSE,0.1633,NA,16,82,NA,NA,NA,Intron,FALSE,FALSE,FALSE,FALSE,5,3,2,3_2,d4907a1b-8b06-47c5-8bca-c781d9cddaf8,NA
10,131718919,131718919,1,snv_mnv,1.9968e-4,rs565971811,"broad,dkfz,muse,sanger",4,COSN6947697,rs565971811,NA,FALSE,0.3165,NA,25,54,NA,NA,NA,Intron,FALSE,FALSE,FALSE,FALSE,5,3,2,3_2,d4907a1b-8b06-47c5-8bca-c781d9cddaf8,NA
10,132682722,132682722,1,snv_mnv,NA,NA,"broad,dkfz,muse,sanger",4,COSN6948367,NA,NA,FALSE,0.1809,NA,17,77,NA,NA,NA,IGR,FALSE,FALSE,FALSE,FALSE,5,3,2,3_2,d4907a1b-8b06-47c5-8bca-c781d9cddaf8,NA
10,132956325,132956325,1,snv_mnv,NA,NA,"broad,dkfz,muse,sanger",4,COSN6948635,NA,NA,FALSE,0.3854,NA,37,59,NA,NA,NA,Intron,FALSE,FALSE,FALSE,FALSE,5,3,2,3_2,d4907a1b-8b06-47c5-8bca-c781d9cddaf8,NA
10,133065490,133065490,1,snv_mnv,NA,NA,"broad,dkfz,muse,sanger",4,COSN6948754,NA,MER52D,FALSE,0.3176,NA,27,58,NA,NA,NA,Intron,FALSE,FALSE,FALSE,FALSE,5,3,2,3_2,d4907a1b-8b06-47c5-8bca-c781d9cddaf8,NA
10,133065766,133065766,1,snv_mnv,NA,NA,"broad,dkfz,muse,sanger",4,COSN6948755,NA,MER52D,FALSE,0.125,NA,10,70,NA,NA,NA,Intron,FALSE,FALSE,FALSE,FALSE,5,3,2,3_2,d4907a1b-8b06-47c5-8bca-c781d9cddaf8,NA
10,133088692,133088692,1,snv_mnv,NA,NA,"broad,dkfz,muse,sanger",4,COSN6948777,NA,AluSp,FALSE,0.1915,NA,18,76,NA,NA,NA,Intron,FALSE,FALSE,FALSE,FALSE,5,3,2,3_2,d4907a1b-8b06-47c5-8bca-c781d9cddaf8,NA
10,133128777,133128777,1,snv_mnv,NA,NA,"broad,dkfz,muse,sanger",4,COSN6948803,NA,AluY,FALSE,0.3678,NA,32,55,NA,NA,NA,IGR,FALSE,FALSE,FALSE,FALSE,5,3,2,3_2,d4907a1b-8b06-47c5-8bca-c781d9cddaf8,NA
10,133143717,133143717,1,snv_mnv,NA,NA,"broad,dkfz,muse,sanger",4,COSN6948813,NA,AluSx,FALSE,0.1538,NA,10,55,NA,NA,NA,IGR,FALSE,FALSE,FALSE,FALSE,5,3,2,3_2,d4907a1b-8b06-47c5-8bca-c781d9cddaf8,NA
10,133182410,133182410,1,snv_mnv,NA,NA,"broad,dkfz,muse,sanger",4,COSN6948844,NA,NA,FALSE,0.1667,NA,17,85,NA,NA,NA,IGR,FALSE,FALSE,FALSE,FALSE,5,3,2,3_2,d4907a1b-8b06-47c5-8bca-c781d9cddaf8,NA
10,133216936,133216936,1,snv_mnv,NA,NA,"broad,dkfz,muse,sanger",4,COSN6948877,NA,L1M,FALSE,0.2752,NA,30,79,NA,NA,NA,IGR,FALSE,FALSE,FALSE,FALSE,5,3,2,3_2,d4907a1b-8b06-47c5-8bca-c781d9cddaf8,NA
10,133376361,133376361,1,snv_mnv,NA,NA,"broad,dkfz,muse,sanger",4,COSN6949010,NA,NA,FALSE,0.2165,NA,21,76,NA,NA,NA,IGR,FALSE,FALSE,FALSE,FALSE,5,3,2,3_2,d4907a1b-8b06-47c5-8bca-c781d9cddaf8,NA
10,133504005,133504005,1,snv_mnv,NA,NA,"broad,dkfz,muse,sanger",4,COSN6949067,NA,L1MEc,FALSE,0.2083,NA,25,95,NA,NA,NA,IGR,FALSE,FALSE,FALSE,FALSE,5,3,2,3_2,d4907a1b-8b06-47c5-8bca-c781d9cddaf8,NA
10,134058271,134058271,1,snv_mnv,NA,NA,"broad,dkfz,muse,sanger",4,COSN6949307,NA,NA,FALSE,0.2609,NA,18,51,NA,NA,NA,Intron,FALSE,FALSE,FALSE,FALSE,5,3,2,3_2,d4907a1b-8b06-47c5-8bca-c781d9cddaf8,NA
10,134869126,134869126,1,snv_mnv,NA,NA,"broad,dkfz,muse",3,COSN6949560,NA,NA,FALSE,0.15,NA,12,68,NA,NA,NA,IGR,FALSE,FALSE,FALSE,FALSE,5,3,2,3_2,d4907a1b-8b06-47c5-8bca-c781d9cddaf8,NA
10,134917808,134917808,1,snv_mnv,NA,NA,"broad,dkfz,muse,sanger",4,COSN6949583,NA,NA,FALSE,0.321,NA,26,55,NA,NA,NA,Intron,FALSE,FALSE,FALSE,FALSE,5,3,2,3_2,d4907a1b-8b06-47c5-8bca-c781d9cddaf8,NA
11,1060214,1060214,1,snv_mnv,NA,NA,"broad,dkfz,muse,sanger",4,COSN6983054,NA,AluJo,FALSE,0.1791,NA,12,55,NA,NA,NA,IGR,FALSE,FALSE,FALSE,FALSE,3,2,1,2_1,d4907a1b-8b06-47c5-8bca-c781d9cddaf8,AC139749.1
11,2258360,2258360,1,snv_mnv,NA,NA,"broad,dkfz,muse,sanger",4,COSN6998549,NA,ERVL-B4-int,FALSE,0.1667,NA,10,50,NA,NA,NA,IGR,FALSE,FALSE,FALSE,FALSE,3,2,1,2_1,d4907a1b-8b06-47c5-8bca-c781d9cddaf8,NA
11,2934766,2934766,1,snv_mnv,NA,NA,"broad,dkfz,muse,sanger",4,COSN7001393,NA,NA,FALSE,0.1733,NA,13,62,NA,NA,NA,Intron,FALSE,FALSE,FALSE,FALSE,3,2,1,2_1,d4907a1b-8b06-47c5-8bca-c781d9cddaf8,SLC22A18
11,3899819,3899819,1,snv_mnv,NA,NA,"broad,dkfz,muse,sanger",4,COSN7005601,NA,MIRb,FALSE,0.3151,NA,23,50,NA,NA,NA,Intron,FALSE,FALSE,FALSE,FALSE,3,2,1,2_1,d4907a1b-8b06-47c5-8bca-c781d9cddaf8,NA
11,3982748,3982748,1,snv_mnv,7.9872e-4,rs547790868,"broad,dkfz,muse,sanger",4,COSN7006052,rs547790868,AluSg,FALSE,0.1867,NA,14,61,NA,NA,NA,Intron,FALSE,FALSE,TRUE,FALSE,3,2,1,2_1,d4907a1b-8b06-47c5-8bca-c781d9cddaf8,NA
11,5600054,5600054,1,snv_mnv,NA,NA,"dkfz,sanger",2,COSN7014132,NA,AluSx1,FALSE,0.1444,NA,13,77,NA,NA,NA,Intron,FALSE,FALSE,TRUE,FALSE,3,2,1,2_1,d4907a1b-8b06-47c5-8bca-c781d9cddaf8,OR52B6
11,5923330,5923330,1,snv_mnv,NA,NA,"broad,dkfz,muse,sanger",4,COSN7015378,NA,NA,FALSE,0.1053,NA,8,68,NA,NA,NA,IGR,FALSE,FALSE,FALSE,FALSE,3,2,1,2_1,d4907a1b-8b06-47c5-8bca-c781d9cddaf8,OR52Q1P
11,6758651,6758651,1,snv_mnv,NA,NA,"broad,dkfz,muse,sanger",4,COSN7017619,NA,NA,FALSE,0.1122,NA,11,87,NA,NA,NA,RNA,FALSE,FALSE,FALSE,FALSE,3,2,1,2_1,d4907a1b-8b06-47c5-8bca-c781d9cddaf8,NA
11,8950887,8950887,1,snv_mnv,NA,NA,"dkfz,muse,sanger",3,COSN7290841,NA,NA,FALSE,0.1231,NA,8,57,NA,NA,NA,Intron,FALSE,FALSE,FALSE,FALSE,3,2,1,2_1,d4907a1b-8b06-47c5-8bca-c781d9cddaf8,NA
11,9029651,9029651,1,snv_mnv,NA,NA,"broad,dkfz,muse,sanger",4,COSN7291206,NA,NA,FALSE,0.2419,NA,15,47,NA,NA,NA,RNA,FALSE,FALSE,FALSE,FALSE,3,2,1,2_1,d4907a1b-8b06-47c5-8bca-c781d9cddaf8,NRIP3
11,9254903,9254903,1,snv_mnv,NA,NA,"broad,dkfz,muse,sanger",4,COSN7292494,NA,AluSg,FALSE,0.234,NA,11,36,NA,NA,NA,Intron,FALSE,FALSE,FALSE,FALSE,3,2,1,2_1,d4907a1b-8b06-47c5-8bca-c781d9cddaf8,NA
11,9873742,9873742,1,snv_mnv,NA,NA,"broad,dkfz,muse,sanger",4,COSN7295706,NA,MER5A,FALSE,0.0968,NA,12,112,NA,NA,NA,Intron,FALSE,FALSE,FALSE,FALSE,7,5,2,5_2,d4907a1b-8b06-47c5-8bca-c781d9cddaf8,SBF2
11,10158670,10158670,1,snv_mnv,NA,NA,"broad,dkfz,muse,sanger",4,COSN6981471,NA,L1MD2,FALSE,0.1355,NA,21,134,NA,NA,NA,Intron,FALSE,FALSE,FALSE,FALSE,7,5,2,5_2,d4907a1b-8b06-47c5-8bca-c781d9cddaf8,NA
11,10592379,10592379,1,snv_mnv,NA,NA,"broad,dkfz,muse,sanger",4,COSN6983010,rs779938796,AluY,FALSE,0.1875,NA,18,78,NA,NA,NA,5'Flank,FALSE,FALSE,FALSE,FALSE,7,5,2,5_2,d4907a1b-8b06-47c5-8bca-c781d9cddaf8,"LYVE1,MRVI1"
11,13100403,13100403,1,snv_mnv,NA,NA,"broad,dkfz,muse,sanger",4,COSN6992773,NA,NA,FALSE,0.1304,NA,18,120,NA,NA,NA,lincRNA,FALSE,FALSE,FALSE,FALSE,8,6,2,6_2,d4907a1b-8b06-47c5-8bca-c781d9cddaf8,NA
11,14121033,14121033,1,snv_mnv,NA,NA,"broad,dkfz,muse,sanger",4,COSN6995565,NA,L1MD,FALSE,0.1181,NA,17,127,NA,NA,NA,RNA,FALSE,FALSE,FALSE,FALSE,6,4,2,4_2,d4907a1b-8b06-47c5-8bca-c781d9cddaf8,NA
11,14286669,14286669,1,snv_mnv,NA,NA,"broad,dkfz,muse,sanger",4,COSN6995618,rs11023167,MLT1H,FALSE,0.3762,NA,38,63,NA,NA,NA,RNA,FALSE,FALSE,FALSE,FALSE,5,3,2,3_2,d4907a1b-8b06-47c5-8bca-c781d9cddaf8,NA
11,14480131,14480131,1,snv_mnv,NA,NA,"broad,dkfz,muse,sanger",4,COSM3769253,NA,NA,FALSE,0.2062,NA,20,77,NA,NA,NA,Nonsense_Mutation,FALSE,FALSE,FALSE,FALSE,5,3,2,3_2,d4907a1b-8b06-47c5-8bca-c781d9cddaf8,COPB1
11,14978092,14978092,1,snv_mnv,NA,NA,"broad,dkfz,muse,sanger",4,COSN6995800,NA,L1ME2,FALSE,0.1864,NA,22,96,NA,NA,NA,Intron,FALSE,FALSE,FALSE,FALSE,5,3,2,3_2,d4907a1b-8b06-47c5-8bca-c781d9cddaf8,NA
11,15026515,15026515,1,snv_mnv,NA,NA,"broad,dkfz,muse,sanger",4,COSN6995808,NA,MIRb,FALSE,0.224,NA,28,97,NA,NA,NA,Intron,FALSE,FALSE,FALSE,FALSE,5,3,2,3_2,d4907a1b-8b06-47c5-8bca-c781d9cddaf8,NA
11,15149860,15149860,1,snv_mnv,NA,NA,"broad,dkfz,muse,sanger",4,COSN6995847,NA,NA,FALSE,0.3538,NA,23,42,NA,NA,NA,Intron,FALSE,FALSE,FALSE,FALSE,3,2,1,2_1,d4907a1b-8b06-47c5-8bca-c781d9cddaf8,NA
11,16607207,16607207,1,snv_mnv,NA,NA,"broad,dkfz,muse,sanger",4,COSN6996267,NA,NA,FALSE,0.4,NA,26,39,NA,NA,NA,Intron,FALSE,FALSE,FALSE,FALSE,3,2,1,2_1,d4907a1b-8b06-47c5-8bca-c781d9cddaf8,NA
11,16862663,16862663,1,snv_mnv,NA,NA,"broad,dkfz,muse,sanger",4,COSN6996343,NA,NA,FALSE,0.2619,NA,22,62,NA,NA,NA,Intron,FALSE,FALSE,FALSE,FALSE,3,2,1,2_1,d4907a1b-8b06-47c5-8bca-c781d9cddaf8,RN7SKP90
11,18799347,18799347,1,snv_mnv,NA,NA,"broad,dkfz,muse,sanger",4,COSN6996884,NA,AluJr,FALSE,0.1579,NA,9,48,NA,NA,NA,Intron,FALSE,FALSE,FALSE,FALSE,3,2,1,2_1,d4907a1b-8b06-47c5-8bca-c781d9cddaf8,NA
11,20944950,20944950,1,snv_mnv,NA,NA,"broad,dkfz,muse,sanger",4,COSN6997635,NA,NA,FALSE,0.131,NA,11,73,NA,NA,NA,Intron,FALSE,FALSE,FALSE,FALSE,3,2,1,2_1,d4907a1b-8b06-47c5-8bca-c781d9cddaf8,NELL1
11,21274029,21274029,1,snv_mnv,NA,NA,"broad,dkfz,muse,sanger",4,COSN6997874,NA,NA,FALSE,0.1379,NA,12,75,NA,NA,NA,Intron,FALSE,FALSE,FALSE,FALSE,3,2,1,2_1,d4907a1b-8b06-47c5-8bca-c781d9cddaf8,NA
11,21275055,21275055,1,snv_mnv,NA,NA,"broad,dkfz,muse,sanger",4,COSN6997876,NA,MIR,FALSE,0.2308,NA,21,70,NA,NA,NA,Intron,FALSE,FALSE,FALSE,FALSE,3,2,1,2_1,d4907a1b-8b06-47c5-8bca-c781d9cddaf8,NA
11,21276150,21276150,1,snv_mnv,NA,NA,"broad,dkfz,muse,sanger",4,COSN6997877,NA,NA,FALSE,0.1972,NA,14,57,NA,NA,NA,Intron,FALSE,FALSE,FALSE,FALSE,3,2,1,2_1,d4907a1b-8b06-47c5-8bca-c781d9cddaf8,NA
11,23067003,23067003,1,snv_mnv,NA,NA,"broad,muse,sanger",3,COSN6998699,NA,L1MB8,FALSE,0.1556,NA,7,38,NA,NA,NA,IGR,FALSE,FALSE,FALSE,FALSE,2,1,1,1_1,d4907a1b-8b06-47c5-8bca-c781d9cddaf8,NA
11,23695174,23695174,1,snv_mnv,NA,NA,"broad,dkfz,muse,sanger",4,COSN6998919,NA,NA,FALSE,0.2241,NA,13,45,NA,NA,NA,IGR,FALSE,FALSE,FALSE,FALSE,2,1,1,1_1,d4907a1b-8b06-47c5-8bca-c781d9cddaf8,NA
11,24297726,24297726,1,snv_mnv,NA,NA,"broad,dkfz,muse,sanger",4,COSN6999155,NA,NA,FALSE,0.137,NA,10,63,NA,NA,NA,IGR,FALSE,FALSE,FALSE,FALSE,2,1,1,1_1,d4907a1b-8b06-47c5-8bca-c781d9cddaf8,NA
11,24628821,24628821,1,snv_mnv,NA,NA,"broad,dkfz,muse,sanger",4,COSN6999296,NA,L1MA9,FALSE,0.2222,NA,12,42,NA,NA,NA,Intron,FALSE,FALSE,FALSE,FALSE,2,1,1,1_1,d4907a1b-8b06-47c5-8bca-c781d9cddaf8,NA
11,24903590,24903590,1,snv_mnv,NA,NA,"broad,dkfz,muse,sanger",4,COSN6999399,NA,NA,FALSE,0.2368,NA,18,58,NA,NA,NA,Intron,FALSE,FALSE,FALSE,FALSE,2,1,1,1_1,d4907a1b-8b06-47c5-8bca-c781d9cddaf8,NA
11,25300070,25300070,1,snv_mnv,NA,NA,"broad,dkfz,muse,sanger",4,COSN6999624,NA,L1PA3,FALSE,0.2297,NA,17,57,NA,NA,NA,IGR,FALSE,FALSE,FALSE,FALSE,2,1,1,1_1,d4907a1b-8b06-47c5-8bca-c781d9cddaf8,NA
11,25684414,25684414,1,snv_mnv,NA,NA,"broad,dkfz,muse,sanger",4,COSN6999882,NA,AluJb,FALSE,0.0652,NA,3,43,NA,NA,NA,IGR,FALSE,FALSE,FALSE,FALSE,2,1,1,1_1,d4907a1b-8b06-47c5-8bca-c781d9cddaf8,NA
11,26274759,26274759,1,snv_mnv,NA,NA,"broad,dkfz,muse,sanger",4,COSN7000234,NA,NA,FALSE,0.016129,NA,1,61,NA,NA,NA,Intron,FALSE,FALSE,FALSE,FALSE,3,2,1,2_1,d4907a1b-8b06-47c5-8bca-c781d9cddaf8,NA
11,26543560,26543560,1,snv_mnv,NA,NA,"broad,muse,sanger",3,COSN7000355,NA,AluY,FALSE,0.125,NA,5,35,NA,NA,NA,Intron,FALSE,FALSE,FALSE,FALSE,3,2,1,2_1,d4907a1b-8b06-47c5-8bca-c781d9cddaf8,NA
11,28187685,28187685,1,snv_mnv,5.9904e-4,rs548614754,"broad,dkfz,muse,sanger",4,COSN7000856,rs548614754,L1MA7,FALSE,0.3765,NA,32,53,NA,NA,NA,Intron,FALSE,FALSE,FALSE,FALSE,3,2,1,2_1,d4907a1b-8b06-47c5-8bca-c781d9cddaf8,METTL15
11,28957994,28957994,1,snv_mnv,NA,NA,"broad,dkfz,muse,sanger",4,COSN7001157,NA,L3b,FALSE,0.2561,NA,21,61,NA,NA,NA,lincRNA,FALSE,FALSE,FALSE,FALSE,3,2,1,2_1,d4907a1b-8b06-47c5-8bca-c781d9cddaf8,NA
11,29514349,29514349,1,snv_mnv,NA,NA,"broad,dkfz,muse,sanger",4,COSN7001474,NA,NA,FALSE,0.1644,NA,12,61,NA,NA,NA,lincRNA,FALSE,FALSE,FALSE,FALSE,3,2,1,2_1,d4907a1b-8b06-47c5-8bca-c781d9cddaf8,NA
11,29842214,29842214,1,snv_mnv,NA,NA,"broad,dkfz,muse,sanger",4,COSN7001674,NA,LTR84a,FALSE,0.1452,NA,9,53,NA,NA,NA,lincRNA,FALSE,FALSE,FALSE,FALSE,3,2,1,2_1,d4907a1b-8b06-47c5-8bca-c781d9cddaf8,NA
11,29896223,29896223,1,snv_mnv,NA,NA,"broad,dkfz,muse",3,COSN7001705,NA,NA,FALSE,0.1351,NA,10,64,NA,NA,NA,lincRNA,FALSE,FALSE,FALSE,FALSE,3,2,1,2_1,d4907a1b-8b06-47c5-8bca-c781d9cddaf8,NA
11,30860824,30860824,1,snv_mnv,NA,NA,"broad,dkfz,muse,sanger",4,COSN7002244,NA,NA,FALSE,0.2597,NA,20,57,NA,NA,NA,IGR,FALSE,FALSE,FALSE,FALSE,3,2,1,2_1,d4907a1b-8b06-47c5-8bca-c781d9cddaf8,NA
11,30874759,30874759,1,snv_mnv,NA,NA,"broad,dkfz,muse,sanger",4,COSN7002259,NA,NA,FALSE,0.1059,NA,9,76,NA,NA,NA,IGR,FALSE,FALSE,FALSE,FALSE,3,2,1,2_1,d4907a1b-8b06-47c5-8bca-c781d9cddaf8,NA
11,30891735,30891735,1,snv_mnv,NA,NA,"broad,dkfz,muse,sanger",4,COSN7002273,NA,NA,FALSE,0.1605,NA,13,68,NA,NA,NA,IGR,FALSE,FALSE,FALSE,FALSE,3,2,1,2_1,d4907a1b-8b06-47c5-8bca-c781d9cddaf8,NA
11,31005720,31005720,1,snv_mnv,NA,NA,"broad,dkfz,muse,sanger",4,COSN7002344,NA,NA,FALSE,0.2667,NA,20,55,NA,NA,NA,Intron,FALSE,FALSE,FALSE,FALSE,3,2,1,2_1,d4907a1b-8b06-47c5-8bca-c781d9cddaf8,NA
11,32400365,32400365,1,snv_mnv,NA,NA,"broad,dkfz,muse,sanger",4,COSN7002968,NA,MSTA,FALSE,0.1739,NA,12,57,NA,NA,NA,IGR,FALSE,FALSE,FALSE,FALSE,3,2,1,2_1,d4907a1b-8b06-47c5-8bca-c781d9cddaf8,NA
11,32559313,32559313,1,snv_mnv,NA,NA,"broad,dkfz,muse,sanger",4,COSN7003045,NA,AluY,FALSE,0.2623,NA,16,45,NA,NA,NA,IGR,FALSE,FALSE,FALSE,FALSE,3,2,1,2_1,d4907a1b-8b06-47c5-8bca-c781d9cddaf8,NA
11,34778691,34778691,1,snv_mnv,NA,NA,"broad,dkfz,muse,sanger",4,COSN7003659,NA,Tigger3a,FALSE,0.2479,NA,29,88,NA,NA,NA,IGR,FALSE,FALSE,FALSE,FALSE,5,3,2,3_2,d4907a1b-8b06-47c5-8bca-c781d9cddaf8,NA
11,35092638,35092638,1,snv_mnv,NA,NA,"broad,dkfz,muse,sanger",4,COSN7003721,rs551841004,AluY,FALSE,0.1263,NA,12,83,NA,NA,NA,IGR,FALSE,FALSE,FALSE,FALSE,5,3,2,3_2,d4907a1b-8b06-47c5-8bca-c781d9cddaf8,NA
11,35580805,35580805,1,snv_mnv,NA,NA,"broad,dkfz,muse,sanger",4,COSN7003823,NA,LTR85c,FALSE,0.1121,NA,12,95,NA,NA,NA,IGR,FALSE,FALSE,TRUE,FALSE,5,3,2,3_2,d4907a1b-8b06-47c5-8bca-c781d9cddaf8,NA
11,35750082,35750082,1,snv_mnv,NA,NA,"broad,dkfz,muse,sanger",4,COSN7003875,NA,NA,FALSE,0.2556,NA,23,67,NA,NA,NA,Intron,FALSE,FALSE,FALSE,FALSE,5,3,2,3_2,d4907a1b-8b06-47c5-8bca-c781d9cddaf8,NA
11,35882970,35882970,1,snv_mnv,NA,NA,"broad,dkfz,muse,sanger",4,COSN7003919,rs866517992,NA,FALSE,0.481,NA,38,41,NA,NA,NA,RNA,FALSE,FALSE,FALSE,FALSE,5,3,2,3_2,d4907a1b-8b06-47c5-8bca-c781d9cddaf8,NA
11,36138485,36138485,1,snv_mnv,NA,NA,"broad,dkfz,muse,sanger",4,COSN7004023,rs768915355,AluSx,FALSE,0.1467,NA,11,64,NA,NA,NA,Intron,FALSE,FALSE,FALSE,FALSE,5,3,2,3_2,d4907a1b-8b06-47c5-8bca-c781d9cddaf8,NA
11,36546607,36546607,1,snv_mnv,NA,NA,"broad,dkfz,muse,sanger",4,COSN7004145,NA,CT-rich,FALSE,0.2247,NA,20,69,NA,NA,NA,Intron,FALSE,FALSE,FALSE,FALSE,4,2,2,2_2,d4907a1b-8b06-47c5-8bca-c781d9cddaf8,NA
11,37011402,37011402,1,snv_mnv,NA,NA,"broad,muse",2,COSN7004418,NA,NA,FALSE,0.1333,NA,10,65,NA,NA,NA,IGR,FALSE,FALSE,FALSE,FALSE,4,2,2,2_2,d4907a1b-8b06-47c5-8bca-c781d9cddaf8,NA
11,37011431,37011431,1,snv_mnv,NA,NA,"broad,muse",2,COSN7004419,NA,NA,FALSE,0.1125,NA,9,71,NA,NA,NA,IGR,FALSE,FALSE,FALSE,FALSE,4,2,2,2_2,d4907a1b-8b06-47c5-8bca-c781d9cddaf8,NA
11,37572445,37572445,1,snv_mnv,NA,NA,"broad,dkfz,muse,sanger",4,COSN7004845,NA,NA,FALSE,0.2698,NA,17,46,NA,NA,NA,IGR,FALSE,FALSE,FALSE,FALSE,3,2,1,2_1,d4907a1b-8b06-47c5-8bca-c781d9cddaf8,NA
11,37720709,37720709,1,snv_mnv,NA,NA,"broad,dkfz,muse,sanger",4,COSN7004944,NA,NA,FALSE,0.1605,NA,13,68,NA,NA,NA,RNA,FALSE,FALSE,FALSE,FALSE,3,2,1,2_1,d4907a1b-8b06-47c5-8bca-c781d9cddaf8,RF00322
11,38318090,38318090,1,snv_mnv,NA,NA,"broad,dkfz,muse,sanger",4,COSN7005243,NA,LTR12C,FALSE,0.2791,NA,12,31,NA,NA,NA,IGR,FALSE,FALSE,FALSE,FALSE,4,2,2,2_2,d4907a1b-8b06-47c5-8bca-c781d9cddaf8,NA
11,38364471,38364471,1,snv_mnv,NA,NA,"broad,dkfz,muse,sanger",4,COSN7005264,NA,NA,FALSE,0.253,NA,21,62,NA,NA,NA,IGR,FALSE,FALSE,FALSE,FALSE,4,2,2,2_2,d4907a1b-8b06-47c5-8bca-c781d9cddaf8,NA
11,38738172,38738172,1,snv_mnv,NA,NA,"broad,dkfz,muse,sanger",4,COSN7005472,NA,L1ME3A,FALSE,0.1327,NA,13,85,NA,NA,NA,IGR,FALSE,FALSE,FALSE,FALSE,4,2,2,2_2,d4907a1b-8b06-47c5-8bca-c781d9cddaf8,NA
11,39308626,39308626,1,snv_mnv,NA,NA,"broad,dkfz,muse",3,COSN7005773,NA,NA,FALSE,0.1341,NA,11,71,NA,NA,NA,IGR,FALSE,FALSE,FALSE,FALSE,4,2,2,2_2,d4907a1b-8b06-47c5-8bca-c781d9cddaf8,NA
11,39365251,39365251,1,snv_mnv,NA,NA,"broad,dkfz,muse,sanger",4,COSN7005809,NA,HERVL18-int,FALSE,0.1809,NA,17,77,NA,NA,NA,IGR,FALSE,FALSE,FALSE,FALSE,4,2,2,2_2,d4907a1b-8b06-47c5-8bca-c781d9cddaf8,NA
11,39832153,39832153,1,snv_mnv,NA,NA,"broad,dkfz,muse,sanger",4,COSN7006054,NA,L1PA10,FALSE,0.2319,NA,16,53,NA,NA,NA,IGR,FALSE,FALSE,FALSE,FALSE,4,2,2,2_2,d4907a1b-8b06-47c5-8bca-c781d9cddaf8,NA
11,39888434,39888434,1,snv_mnv,NA,NA,"broad,dkfz,muse,sanger",4,COSN7006084,NA,L1M4b,FALSE,0.1237,NA,12,85,NA,NA,NA,IGR,FALSE,FALSE,FALSE,FALSE,4,2,2,2_2,d4907a1b-8b06-47c5-8bca-c781d9cddaf8,NA
11,40455945,40455945,1,snv_mnv,NA,NA,"broad,dkfz,muse,sanger",4,COSN7006371,NA,NA,FALSE,0.2368,NA,18,58,NA,NA,NA,Intron,FALSE,FALSE,FALSE,FALSE,3,2,1,2_1,d4907a1b-8b06-47c5-8bca-c781d9cddaf8,NA
11,40940480,40940480,1,snv_mnv,NA,NA,"broad,dkfz,muse,sanger",4,COSN7006781,NA,NA,FALSE,0.1111,NA,9,72,NA,NA,NA,Intron,FALSE,FALSE,FALSE,FALSE,3,2,1,2_1,d4907a1b-8b06-47c5-8bca-c781d9cddaf8,NA
11,41147036,41147036,1,snv_mnv,NA,NA,"broad,dkfz,muse,sanger",4,COSN7006974,NA,NA,FALSE,0.1558,NA,12,65,NA,NA,NA,Intron,FALSE,FALSE,FALSE,FALSE,3,2,1,2_1,d4907a1b-8b06-47c5-8bca-c781d9cddaf8,RNU6-365P
11,41385116,41385116,1,snv_mnv,NA,NA,"broad,dkfz,muse,sanger",4,COSN7007164,NA,NA,FALSE,0.2093,NA,18,68,NA,NA,NA,Intron,FALSE,FALSE,FALSE,FALSE,3,2,1,2_1,d4907a1b-8b06-47c5-8bca-c781d9cddaf8,NA
11,41762580,41762580,1,snv_mnv,NA,NA,"broad,dkfz,muse,sanger",4,COSN7007490,NA,L1MB2,FALSE,0.266,NA,25,69,NA,NA,NA,lincRNA,FALSE,FALSE,FALSE,FALSE,4,2,2,2_2,d4907a1b-8b06-47c5-8bca-c781d9cddaf8,NA
11,41960935,41960935,1,snv_mnv,NA,NA,"broad,dkfz,muse,sanger",4,COSN7007680,NA,MIR3,FALSE,0.1905,NA,16,68,NA,NA,NA,IGR,FALSE,FALSE,FALSE,FALSE,4,2,2,2_2,d4907a1b-8b06-47c5-8bca-c781d9cddaf8,NA
11,42205442,42205442,1,snv_mnv,NA,NA,"broad,dkfz,muse,sanger",4,COSN7007932,NA,MIR,FALSE,0.3063,NA,34,77,NA,NA,NA,IGR,FALSE,FALSE,FALSE,FALSE,4,2,2,2_2,d4907a1b-8b06-47c5-8bca-c781d9cddaf8,NA
11,42407658,42407658,1,snv_mnv,NA,NA,"broad,dkfz,muse,sanger",4,COSN7008134,NA,HERVL-int,FALSE,0.2973,NA,22,52,NA,NA,NA,IGR,FALSE,FALSE,FALSE,FALSE,4,2,2,2_2,d4907a1b-8b06-47c5-8bca-c781d9cddaf8,NA
11,42422966,42422966,1,snv_mnv,NA,NA,"broad,dkfz,muse,sanger",4,COSN7008150,NA,L1PA15,FALSE,0.2135,NA,19,70,NA,NA,NA,IGR,FALSE,FALSE,TRUE,FALSE,4,2,2,2_2,d4907a1b-8b06-47c5-8bca-c781d9cddaf8,NA
11,42435627,42435627,1,snv_mnv,NA,NA,"broad,dkfz,muse,sanger",4,COSN7008159,NA,NA,FALSE,0.2111,NA,19,71,NA,NA,NA,IGR,FALSE,FALSE,FALSE,FALSE,4,2,2,2_2,d4907a1b-8b06-47c5-8bca-c781d9cddaf8,NA
11,42495837,42495837,1,snv_mnv,NA,NA,"broad,dkfz,muse,sanger",4,COSN7008218,NA,AluY,FALSE,0.1667,NA,11,55,NA,NA,NA,IGR,FALSE,FALSE,FALSE,FALSE,4,2,2,2_2,d4907a1b-8b06-47c5-8bca-c781d9cddaf8,NA
11,42610327,42610327,1,snv_mnv,NA,NA,"broad,dkfz,muse,sanger",4,COSN7008306,NA,NA,FALSE,0.2424,NA,24,75,NA,NA,NA,IGR,FALSE,FALSE,TRUE,FALSE,4,2,2,2_2,d4907a1b-8b06-47c5-8bca-c781d9cddaf8,NA
11,42934202,42934202,1,snv_mnv,NA,NA,"broad,dkfz,muse,sanger",4,COSN7008594,NA,L3,FALSE,0.32,NA,24,51,NA,NA,NA,IGR,FALSE,FALSE,FALSE,FALSE,4,2,2,2_2,d4907a1b-8b06-47c5-8bca-c781d9cddaf8,NA
11,43044174,43044174,1,snv_mnv,NA,NA,"broad,dkfz,muse,sanger",4,COSN7008686,NA,NA,FALSE,0.266,NA,25,69,NA,NA,NA,IGR,FALSE,FALSE,FALSE,FALSE,4,2,2,2_2,d4907a1b-8b06-47c5-8bca-c781d9cddaf8,NA
11,43116001,43116001,1,snv_mnv,NA,NA,"broad,dkfz,muse,sanger",4,COSN7008729,NA,NA,FALSE,0.1299,NA,10,67,NA,NA,NA,IGR,FALSE,FALSE,FALSE,FALSE,4,2,2,2_2,d4907a1b-8b06-47c5-8bca-c781d9cddaf8,NA
11,43205694,43205694,1,snv_mnv,NA,NA,"broad,dkfz,muse,sanger",4,COSN7008783,NA,THE1D,FALSE,0.375,NA,33,55,NA,NA,NA,IGR,FALSE,FALSE,TRUE,FALSE,4,2,2,2_2,d4907a1b-8b06-47c5-8bca-c781d9cddaf8,NA
11,43264888,43264888,1,snv_mnv,NA,NA,"broad,dkfz,muse,sanger",4,COSN7008819,NA,NA,FALSE,0.4324,NA,32,42,NA,NA,NA,IGR,FALSE,FALSE,FALSE,FALSE,4,2,2,2_2,d4907a1b-8b06-47c5-8bca-c781d9cddaf8,NA
11,43608177,43608177,1,snv_mnv,NA,NA,"broad,dkfz,muse,sanger",4,COSN7008952,NA,NA,FALSE,0.2529,NA,22,65,NA,NA,NA,IGR,FALSE,FALSE,FALSE,FALSE,4,2,2,2_2,d4907a1b-8b06-47c5-8bca-c781d9cddaf8,AC068205.1
11,43719455,43719455,1,snv_mnv,NA,NA,"broad,dkfz,muse,sanger",4,COSN7008997,NA,L2b,FALSE,0.2674,NA,23,63,NA,NA,NA,Intron,FALSE,FALSE,FALSE,FALSE,4,2,2,2_2,d4907a1b-8b06-47c5-8bca-c781d9cddaf8,NA
11,44900943,44900943,1,snv_mnv,3.9936e-4,rs534136976,"broad,dkfz,muse,sanger",4,COSN7009380,rs534136976,L2a,FALSE,0.2875,NA,23,57,NA,NA,NA,Intron,FALSE,FALSE,FALSE,FALSE,4,2,2,2_2,d4907a1b-8b06-47c5-8bca-c781d9cddaf8,NA
11,45171963,45171963,1,snv_mnv,NA,NA,"broad,dkfz,muse,sanger",4,COSN7009464,NA,NA,FALSE,0.2895,NA,22,54,NA,NA,NA,Intron,FALSE,FALSE,FALSE,FALSE,4,2,2,2_2,d4907a1b-8b06-47c5-8bca-c781d9cddaf8,NA
11,48827698,48827698,1,snv_mnv,NA,NA,"broad,muse",2,COSN7010678,NA,ALR/Alpha,FALSE,0.2632,NA,25,70,NA,NA,NA,IGR,FALSE,FALSE,FALSE,FALSE,4,2,2,2_2,d4907a1b-8b06-47c5-8bca-c781d9cddaf8,NA
11,49686912,49686912,1,snv_mnv,NA,NA,"broad,dkfz,muse,sanger",4,COSN7011428,NA,NA,FALSE,0.2955,NA,26,62,NA,NA,NA,RNA,FALSE,FALSE,FALSE,FALSE,4,2,2,2_2,d4907a1b-8b06-47c5-8bca-c781d9cddaf8,NA
11,50229586,50229586,1,snv_mnv,NA,NA,"broad,dkfz,muse,sanger",4,COSN7011943,NA,AluJo,FALSE,0.1268,NA,9,62,NA,NA,NA,IGR,FALSE,FALSE,FALSE,FALSE,4,2,2,2_2,d4907a1b-8b06-47c5-8bca-c781d9cddaf8,AC109635.6
11,50266004,50266004,1,snv_mnv,NA,NA,"broad,muse,sanger",3,COSN7012003,NA,AluSq,FALSE,0.3,NA,21,49,NA,NA,NA,RNA,FALSE,FALSE,FALSE,FALSE,4,2,2,2_2,d4907a1b-8b06-47c5-8bca-c781d9cddaf8,"AC024405.2,AC109635.2"
11,50410343,50410343,1,snv_mnv,NA,NA,"broad,muse",2,COSN7012126,NA,ALR/Alpha,FALSE,0.3158,NA,30,65,NA,NA,NA,IGR,FALSE,FALSE,FALSE,FALSE,4,2,2,2_2,d4907a1b-8b06-47c5-8bca-c781d9cddaf8,NA
11,51199768,51199768,1,snv_mnv,NA,NA,"broad,muse",2,COSN7012538,NA,ALR/Alpha,FALSE,0.1892,NA,21,90,NA,NA,NA,IGR,FALSE,FALSE,FALSE,FALSE,4,2,2,2_2,d4907a1b-8b06-47c5-8bca-c781d9cddaf8,NA
11,51200561,51200561,1,snv_mnv,NA,NA,"broad,muse",2,COSN7012540,NA,ALR/Alpha,FALSE,0.3068,NA,27,61,NA,NA,NA,IGR,FALSE,FALSE,FALSE,FALSE,4,2,2,2_2,d4907a1b-8b06-47c5-8bca-c781d9cddaf8,NA
11,51200724,51200724,1,snv_mnv,NA,NA,"broad,muse",2,COSN7012541,NA,ALR/Alpha,FALSE,0.15,NA,15,85,NA,NA,NA,IGR,FALSE,FALSE,FALSE,FALSE,4,2,2,2_2,d4907a1b-8b06-47c5-8bca-c781d9cddaf8,NA
11,51236701,51236701,1,snv_mnv,NA,NA,"broad,muse",2,COSN7012575,NA,ALR/Alpha,FALSE,0.1444,NA,13,77,NA,NA,NA,IGR,FALSE,FALSE,FALSE,FALSE,4,2,2,2_2,d4907a1b-8b06-47c5-8bca-c781d9cddaf8,NA
11,51284646,51284646,1,snv_mnv,NA,NA,"broad,muse,sanger",3,COSN7012619,NA,L1PA4,FALSE,0.1412,NA,12,73,NA,NA,NA,IGR,FALSE,FALSE,FALSE,FALSE,4,2,2,2_2,d4907a1b-8b06-47c5-8bca-c781d9cddaf8,NA
11,51299039,51299039,1,snv_mnv,NA,NA,"broad,muse",2,COSN7012631,NA,ALR/Alpha,FALSE,0.3404,NA,32,62,NA,NA,NA,IGR,FALSE,FALSE,TRUE,FALSE,4,2,2,2_2,d4907a1b-8b06-47c5-8bca-c781d9cddaf8,NA
11,54828982,54828982,1,snv_mnv,NA,NA,"broad,muse",2,COSN7013061,NA,ALR/Alpha,FALSE,0.0761,NA,7,85,NA,NA,NA,IGR,FALSE,FALSE,FALSE,FALSE,4,2,2,2_2,d4907a1b-8b06-47c5-8bca-c781d9cddaf8,NA
11,54856535,54856535,1,snv_mnv,NA,NA,"broad,muse,sanger",3,COSN7013086,NA,L1PA3,FALSE,0.3636,NA,36,63,NA,NA,NA,IGR,FALSE,FALSE,FALSE,FALSE,4,2,2,2_2,d4907a1b-8b06-47c5-8bca-c781d9cddaf8,NA
11,55075062,55075062,1,snv_mnv,NA,NA,"broad,muse,sanger",3,COSN7013311,NA,AluJr,FALSE,0.271,NA,29,78,NA,NA,NA,IGR,FALSE,FALSE,FALSE,FALSE,4,2,2,2_2,d4907a1b-8b06-47c5-8bca-c781d9cddaf8,AP005597.1
11,56022672,56022672,1,snv_mnv,NA,NA,"broad,dkfz,muse,sanger",4,COSN7014152,NA,L2a,FALSE,0.1165,NA,12,91,NA,NA,NA,IGR,FALSE,FALSE,FALSE,FALSE,4,2,2,2_2,d4907a1b-8b06-47c5-8bca-c781d9cddaf8,OR5T3
11,56029335,56029335,1,snv_mnv,NA,NA,"broad,dkfz,muse,sanger",4,COSN7014164,NA,L1PB,FALSE,0.3333,NA,37,74,NA,NA,NA,IGR,FALSE,FALSE,FALSE,FALSE,4,2,2,2_2,d4907a1b-8b06-47c5-8bca-c781d9cddaf8,NA
11,56345984,56345984,1,snv_mnv,1.9968e-4,rs191895368,"broad,dkfz,muse",3,COSN7014379,rs191895368,AluY,FALSE,0.3333,NA,25,50,NA,NA,NA,5'Flank,FALSE,FALSE,FALSE,FALSE,4,2,2,2_2,d4907a1b-8b06-47c5-8bca-c781d9cddaf8,OR5M10
11,56438154,56438154,1,snv_mnv,NA,NA,"broad,dkfz,muse,sanger",4,COSN7014434,NA,MIR,FALSE,0.0968,NA,9,84,NA,NA,NA,IGR,FALSE,FALSE,FALSE,FALSE,4,2,2,2_2,d4907a1b-8b06-47c5-8bca-c781d9cddaf8,OR2AH1P
11,57011922,57011922,1,snv_mnv,3.9936e-4,rs573719123,"broad,dkfz,muse,sanger",4,COSN7014634,rs573719123,NA,FALSE,0.1733,NA,13,62,NA,NA,NA,IGR,FALSE,FALSE,FALSE,FALSE,4,2,2,2_2,d4907a1b-8b06-47c5-8bca-c781d9cddaf8,NA
11,57750107,57750107,1,snv_mnv,NA,NA,"broad,dkfz,muse,sanger",4,COSN7014865,NA,HAL1,FALSE,0.1633,NA,16,82,NA,NA,NA,IGR,FALSE,FALSE,FALSE,FALSE,4,2,2,2_2,d4907a1b-8b06-47c5-8bca-c781d9cddaf8,NA
11,58264767,58264767,1,snv_mnv,NA,NA,"broad,dkfz,muse,sanger",4,COSN7015071,NA,L1PA15,FALSE,0.1628,NA,14,72,NA,NA,NA,lincRNA,FALSE,FALSE,FALSE,FALSE,4,2,2,2_2,d4907a1b-8b06-47c5-8bca-c781d9cddaf8,AP003557.1
11,58906397,58906397,1,snv_mnv,NA,NA,"broad,dkfz,muse",3,COSN7015296,NA,NA,FALSE,0.1579,NA,15,80,NA,NA,NA,lincRNA,FALSE,FALSE,FALSE,FALSE,4,2,2,2_2,d4907a1b-8b06-47c5-8bca-c781d9cddaf8,"FAM111A,AP001258.1,FAM111A-DT"
11,58999023,58999023,1,snv_mnv,5.9904e-4,rs532034737,"broad,dkfz,muse",3,COSN7015316,rs532034737,AluSx3,FALSE,0.1341,NA,11,71,NA,NA,NA,IGR,FALSE,FALSE,FALSE,FALSE,4,2,2,2_2,d4907a1b-8b06-47c5-8bca-c781d9cddaf8,NA
11,62357859,62357859,1,snv_mnv,NA,NA,"broad,dkfz,muse,sanger",4,COSN7016261,NA,AluY,FALSE,0.2875,NA,23,57,NA,NA,NA,Intron,FALSE,FALSE,FALSE,FALSE,4,2,2,2_2,d4907a1b-8b06-47c5-8bca-c781d9cddaf8,MTA2
11,62883463,62883463,1,snv_mnv,NA,NA,"broad,dkfz,muse,sanger",4,COSN7016417,rs771767611,NA,FALSE,0.1408,NA,10,61,NA,NA,NA,Intron,FALSE,FALSE,FALSE,FALSE,4,2,2,2_2,d4907a1b-8b06-47c5-8bca-c781d9cddaf8,SLC22A24
11,62992585,62992585,1,snv_mnv,NA,NA,"broad,dkfz,muse",3,COSN7016446,NA,AluY,FALSE,0.1209,NA,11,80,NA,NA,NA,Intron,FALSE,FALSE,FALSE,FALSE,4,2,2,2_2,d4907a1b-8b06-47c5-8bca-c781d9cddaf8,NA
11,63139654,63139654,1,snv_mnv,NA,NA,"broad,dkfz,muse,sanger",4,COSN7016494,NA,NA,FALSE,0.3564,NA,36,65,NA,NA,NA,Intron,FALSE,FALSE,FALSE,FALSE,4,2,2,2_2,d4907a1b-8b06-47c5-8bca-c781d9cddaf8,SLC22A10
11,63313212,63313212,1,snv_mnv,NA,NA,"broad,dkfz,muse,sanger",4,COSN7016531,NA,NA,FALSE,0.2174,NA,15,54,NA,NA,NA,Intron,FALSE,FALSE,FALSE,FALSE,4,2,2,2_2,d4907a1b-8b06-47c5-8bca-c781d9cddaf8,RARRES3
11,63355407,63355407,1,snv_mnv,NA,NA,"broad,dkfz,muse,sanger",4,COSN7016537,NA,FLAM_C,FALSE,0.2466,NA,18,55,NA,NA,NA,Intron,FALSE,FALSE,FALSE,FALSE,4,2,2,2_2,d4907a1b-8b06-47c5-8bca-c781d9cddaf8,PLA2G16
11,64580946,64580946,1,snv_mnv,NA,NA,"broad,dkfz,muse,sanger",4,COSN7016886,NA,AluJr,FALSE,0.1515,NA,10,56,NA,NA,NA,5'Flank,FALSE,FALSE,FALSE,FALSE,4,2,2,2_2,d4907a1b-8b06-47c5-8bca-c781d9cddaf8,MEN1
11,66974300,66974300,1,snv_mnv,NA,NA,"broad,dkfz,muse,sanger",4,COSN7017455,NA,NA,FALSE,0.1477,NA,13,75,NA,NA,NA,Intron,FALSE,FALSE,FALSE,FALSE,4,2,2,2_2,d4907a1b-8b06-47c5-8bca-c781d9cddaf8,KDM2A
11,67005838,67005838,1,snv_mnv,NA,NA,"broad,dkfz,muse,sanger",4,COSN7017460,NA,NA,FALSE,0.2195,NA,27,96,NA,NA,NA,Intron,FALSE,FALSE,FALSE,FALSE,4,2,2,2_2,d4907a1b-8b06-47c5-8bca-c781d9cddaf8,KDM2A
11,67901878,67901878,1,snv_mnv,NA,NA,"broad,dkfz,muse,sanger",4,COSN7017699,NA,AluSz6,FALSE,0.1549,NA,11,60,NA,NA,NA,IGR,FALSE,FALSE,FALSE,FALSE,4,2,2,2_2,d4907a1b-8b06-47c5-8bca-c781d9cddaf8,AP002992.1
11,69621618,69621618,1,snv_mnv,NA,NA,"broad,dkfz,muse,sanger",4,COSN7018161,NA,MLT2A1,FALSE,0.1467,NA,11,64,NA,NA,NA,IGR,FALSE,FALSE,FALSE,FALSE,4,2,2,2_2,d4907a1b-8b06-47c5-8bca-c781d9cddaf8,FGF3
11,71079734,71079734,1,snv_mnv,NA,NA,"broad,dkfz,muse,sanger",4,COSN7018560,NA,NA,FALSE,0.1194,NA,8,59,NA,NA,NA,IGR,FALSE,FALSE,FALSE,FALSE,4,2,2,2_2,d4907a1b-8b06-47c5-8bca-c781d9cddaf8,NA
11,72168407,72168407,1,snv_mnv,NA,NA,"broad,dkfz,muse,sanger",4,COSN7018901,NA,AluSq2,FALSE,0.1286,NA,9,61,NA,NA,NA,IGR,FALSE,FALSE,FALSE,FALSE,4,2,2,2_2,d4907a1b-8b06-47c5-8bca-c781d9cddaf8,NA
11,73590825,73590825,1,snv_mnv,NA,NA,"broad,dkfz,muse,sanger",4,COSN7019232,NA,AluJb,FALSE,0.1169,NA,9,68,NA,NA,NA,Intron,FALSE,FALSE,FALSE,FALSE,4,2,2,2_2,d4907a1b-8b06-47c5-8bca-c781d9cddaf8,COA4
11,74401039,74401039,1,snv_mnv,NA,NA,"broad,dkfz,muse,sanger",4,COSN7019443,rs569608019,MER115,FALSE,0.2209,NA,19,67,NA,NA,NA,IGR,FALSE,FALSE,FALSE,FALSE,4,2,2,2_2,d4907a1b-8b06-47c5-8bca-c781d9cddaf8,RN7SKP297
11,74769742,74769742,1,snv_mnv,NA,NA,"broad,dkfz,muse,sanger",4,COSN7019517,NA,NA,FALSE,0.2688,NA,25,68,NA,NA,NA,IGR,FALSE,FALSE,FALSE,FALSE,4,2,2,2_2,d4907a1b-8b06-47c5-8bca-c781d9cddaf8,NA
11,74945580,74945580,1,snv_mnv,NA,NA,"broad,dkfz,muse,sanger",4,COSN7019565,NA,MLT1H2,FALSE,0.2222,NA,18,63,NA,NA,NA,IGR,FALSE,FALSE,FALSE,FALSE,4,2,2,2_2,d4907a1b-8b06-47c5-8bca-c781d9cddaf8,NA
11,75865822,75865822,1,snv_mnv,NA,NA,"broad,dkfz,muse,sanger",4,COSN7019784,NA,NA,FALSE,0.3012,NA,25,58,NA,NA,NA,IGR,FALSE,FALSE,FALSE,FALSE,4,2,2,2_2,d4907a1b-8b06-47c5-8bca-c781d9cddaf8,NA
11,76040245,76040245,1,snv_mnv,NA,NA,"broad,dkfz,muse,sanger",4,COSN7019839,NA,NA,FALSE,0.1728,NA,14,67,NA,NA,NA,IGR,FALSE,FALSE,FALSE,FALSE,4,2,2,2_2,d4907a1b-8b06-47c5-8bca-c781d9cddaf8,NA
11,76768783,76768783,1,snv_mnv,NA,NA,"broad,dkfz,muse,sanger",4,COSN7020000,NA,LTR8,FALSE,0.2895,NA,22,54,NA,NA,NA,IGR,FALSE,FALSE,FALSE,FALSE,4,2,2,2_2,d4907a1b-8b06-47c5-8bca-c781d9cddaf8,NA
11,77948305,77948305,1,snv_mnv,NA,NA,"broad,dkfz,muse,sanger",4,COSN7020314,NA,L1ME1,FALSE,0.1667,NA,19,95,NA,NA,NA,Intron,FALSE,FALSE,FALSE,FALSE,4,2,2,2_2,d4907a1b-8b06-47c5-8bca-c781d9cddaf8,NA
11,78793526,78793526,1,snv_mnv,NA,NA,"broad,dkfz,muse,sanger",4,COSN7020616,NA,MIRb,FALSE,0.1341,NA,11,71,NA,NA,NA,Intron,FALSE,FALSE,FALSE,FALSE,4,2,2,2_2,d4907a1b-8b06-47c5-8bca-c781d9cddaf8,NA
11,79606427,79606427,1,snv_mnv,NA,NA,"broad,dkfz,muse,sanger",4,COSN7021048,NA,MSTD-int,FALSE,0.1562,NA,15,81,NA,NA,NA,IGR,FALSE,FALSE,FALSE,FALSE,4,2,2,2_2,d4907a1b-8b06-47c5-8bca-c781d9cddaf8,NA
11,79985236,79985236,1,snv_mnv,NA,NA,"broad,dkfz,muse,sanger",4,COSN7286294,NA,L1MA9,FALSE,0.2929,NA,29,70,NA,NA,NA,IGR,FALSE,FALSE,FALSE,FALSE,4,2,2,2_2,d4907a1b-8b06-47c5-8bca-c781d9cddaf8,NA
11,80138134,80138134,1,snv_mnv,NA,NA,"broad,dkfz,muse,sanger",4,COSN7286367,NA,NA,FALSE,0.1505,NA,14,79,NA,NA,NA,IGR,FALSE,FALSE,FALSE,FALSE,4,2,2,2_2,d4907a1b-8b06-47c5-8bca-c781d9cddaf8,NA
11,80786929,80786929,1,snv_mnv,NA,NA,"broad,dkfz,muse,sanger",4,COSN7286652,NA,L1MA9,FALSE,0.1553,NA,16,87,NA,NA,NA,IGR,FALSE,FALSE,FALSE,FALSE,4,2,2,2_2,d4907a1b-8b06-47c5-8bca-c781d9cddaf8,NA
11,80950198,80950198,1,snv_mnv,NA,NA,"broad,dkfz,muse,sanger",4,COSN7286733,NA,NA,FALSE,0.1928,NA,16,67,NA,NA,NA,IGR,FALSE,FALSE,FALSE,FALSE,4,2,2,2_2,d4907a1b-8b06-47c5-8bca-c781d9cddaf8,NA
11,81626904,81626904,1,snv_mnv,NA,NA,"broad,dkfz,muse",3,COSN7287241,NA,HAL1,FALSE,0.3171,NA,26,56,NA,NA,NA,lincRNA,FALSE,FALSE,TRUE,FALSE,4,2,2,2_2,d4907a1b-8b06-47c5-8bca-c781d9cddaf8,NA
11,81768884,81768884,1,snv_mnv,NA,NA,"broad,dkfz,muse,sanger",4,COSN7287352,NA,NA,FALSE,0.2581,NA,24,69,NA,NA,NA,lincRNA,FALSE,FALSE,FALSE,FALSE,4,2,2,2_2,d4907a1b-8b06-47c5-8bca-c781d9cddaf8,NA
11,81784382,81784382,1,snv_mnv,NA,NA,"broad,dkfz,muse,sanger",4,COSN7287358,NA,L2c,FALSE,0.2667,NA,20,55,NA,NA,NA,lincRNA,FALSE,FALSE,TRUE,FALSE,4,2,2,2_2,d4907a1b-8b06-47c5-8bca-c781d9cddaf8,NA
11,82043277,82043277,1,snv_mnv,NA,NA,"broad,dkfz,muse,sanger",4,COSN7287495,NA,L1MD1,FALSE,0.1339,NA,15,97,NA,NA,NA,lincRNA,FALSE,FALSE,FALSE,FALSE,4,2,2,2_2,d4907a1b-8b06-47c5-8bca-c781d9cddaf8,NA
11,82264504,82264504,1,snv_mnv,NA,NA,"broad,dkfz,muse,sanger",4,COSN7287615,NA,LTR81C,FALSE,0.4235,NA,36,49,NA,NA,NA,IGR,FALSE,FALSE,FALSE,FALSE,4,2,2,2_2,d4907a1b-8b06-47c5-8bca-c781d9cddaf8,NA
11,82272917,82272917,1,snv_mnv,NA,NA,"broad,dkfz,muse,sanger",4,COSN7287620,NA,MER8,FALSE,0.3111,NA,28,62,NA,NA,NA,IGR,FALSE,FALSE,FALSE,FALSE,4,2,2,2_2,d4907a1b-8b06-47c5-8bca-c781d9cddaf8,NA
11,83719103,83719103,1,snv_mnv,NA,NA,"broad,dkfz,muse,sanger",4,COSN7288205,NA,NA,FALSE,0.2526,NA,24,71,NA,NA,NA,Intron,FALSE,FALSE,TRUE,FALSE,4,2,2,2_2,d4907a1b-8b06-47c5-8bca-c781d9cddaf8,NA
11,83824977,83824977,1,snv_mnv,NA,NA,"broad,dkfz,muse,sanger",4,COSN7288296,NA,Charlie1a,FALSE,0.3879,NA,45,71,NA,NA,NA,Intron,FALSE,FALSE,FALSE,FALSE,4,2,2,2_2,d4907a1b-8b06-47c5-8bca-c781d9cddaf8,NA
11,84211567,84211567,1,snv_mnv,NA,NA,"broad,dkfz,muse,sanger",4,COSN7288579,NA,NA,FALSE,0.3,NA,27,63,NA,NA,NA,Intron,FALSE,FALSE,FALSE,FALSE,4,2,2,2_2,d4907a1b-8b06-47c5-8bca-c781d9cddaf8,NA
11,84240436,84240436,1,snv_mnv,NA,NA,"broad,dkfz,muse,sanger",4,COSN7288594,NA,L1PA15,FALSE,0.1827,NA,19,85,NA,NA,NA,Intron,FALSE,FALSE,FALSE,FALSE,4,2,2,2_2,d4907a1b-8b06-47c5-8bca-c781d9cddaf8,NA
11,84336001,84336001,1,snv_mnv,NA,NA,"broad,dkfz,muse,sanger",4,COSN7288641,NA,AluYa5,FALSE,0.3721,NA,16,27,NA,NA,NA,Intron,FALSE,FALSE,FALSE,FALSE,4,2,2,2_2,d4907a1b-8b06-47c5-8bca-c781d9cddaf8,NA
11,84408981,84408981,1,snv_mnv,NA,NA,"broad,dkfz,muse,sanger",4,COSN7288686,NA,NA,FALSE,0.25,NA,25,75,NA,NA,NA,Intron,FALSE,FALSE,FALSE,FALSE,4,2,2,2_2,d4907a1b-8b06-47c5-8bca-c781d9cddaf8,NA
11,84457246,84457246,1,snv_mnv,NA,NA,"broad,dkfz,muse,sanger",4,COSN7288715,NA,NA,FALSE,0.2987,NA,23,54,NA,NA,NA,Intron,FALSE,FALSE,FALSE,FALSE,4,2,2,2_2,d4907a1b-8b06-47c5-8bca-c781d9cddaf8,NA
11,84501143,84501143,1,snv_mnv,NA,NA,"broad,dkfz,muse,sanger",4,COSN7288745,NA,L1MA2,FALSE,0.2479,NA,29,88,NA,NA,NA,Intron,FALSE,FALSE,FALSE,FALSE,4,2,2,2_2,d4907a1b-8b06-47c5-8bca-c781d9cddaf8,NA
11,84854951,84854951,1,snv_mnv,NA,NA,"dkfz,muse,sanger",3,COSN7288968,NA,L1MA3,FALSE,0.1059,NA,9,76,NA,NA,NA,Intron,FALSE,FALSE,FALSE,FALSE,4,2,2,2_2,d4907a1b-8b06-47c5-8bca-c781d9cddaf8,NA
11,85735806,85735806,1,snv_mnv,NA,NA,"broad,dkfz,muse,sanger",4,COSN7289301,NA,NA,FALSE,0.1456,NA,15,88,NA,NA,NA,Intron,FALSE,FALSE,FALSE,FALSE,4,2,2,2_2,d4907a1b-8b06-47c5-8bca-c781d9cddaf8,PICALM
11,87148423,87148423,1,snv_mnv,NA,NA,"broad,dkfz,muse,sanger",4,COSN7289668,NA,NA,FALSE,0.1646,NA,13,66,NA,NA,NA,IGR,FALSE,FALSE,FALSE,FALSE,4,2,2,2_2,d4907a1b-8b06-47c5-8bca-c781d9cddaf8,NA
11,88387475,88387475,1,snv_mnv,NA,NA,"broad,dkfz,muse,sanger",4,COSN7290111,NA,NA,FALSE,0.2366,NA,22,71,NA,NA,NA,Intron,FALSE,FALSE,FALSE,FALSE,4,2,2,2_2,d4907a1b-8b06-47c5-8bca-c781d9cddaf8,NA
11,88651173,88651173,1,snv_mnv,NA,NA,"broad,muse,sanger",3,COSN7290272,NA,L1MA3,FALSE,0.3333,NA,32,64,NA,NA,NA,Intron,FALSE,FALSE,FALSE,FALSE,4,2,2,2_2,d4907a1b-8b06-47c5-8bca-c781d9cddaf8,NA
11,88668849,88668849,1,snv_mnv,NA,NA,"broad,dkfz,muse,sanger",4,COSN7290281,rs754256801,NA,FALSE,0.1753,NA,17,80,NA,NA,NA,Intron,FALSE,FALSE,FALSE,FALSE,4,2,2,2_2,d4907a1b-8b06-47c5-8bca-c781d9cddaf8,NA
11,88689713,88689713,1,snv_mnv,NA,NA,"broad,muse,sanger",3,COSN7290292,NA,AluYk4,FALSE,0.1757,NA,13,61,NA,NA,NA,Intron,FALSE,FALSE,FALSE,FALSE,4,2,2,2_2,d4907a1b-8b06-47c5-8bca-c781d9cddaf8,NA
11,89060860,89060860,1,snv_mnv,NA,NA,"broad,dkfz,muse,sanger",4,COSN7290573,NA,NA,FALSE,0.1712,NA,19,92,NA,NA,NA,Intron,FALSE,FALSE,FALSE,FALSE,4,2,2,2_2,d4907a1b-8b06-47c5-8bca-c781d9cddaf8,NA
11,89420024,89420024,1,snv_mnv,NA,NA,"broad,muse,sanger",3,COSN7290775,NA,L1PA13,FALSE,0.1845,NA,19,84,NA,NA,NA,RNA,FALSE,FALSE,FALSE,FALSE,4,2,2,2_2,d4907a1b-8b06-47c5-8bca-c781d9cddaf8,NA
11,89690119,89690119,1,snv_mnv,NA,NA,"broad,dkfz,muse,sanger",4,COSN7290890,NA,NA,FALSE,0.2833,NA,17,43,NA,NA,NA,IGR,FALSE,FALSE,TRUE,FALSE,4,2,2,2_2,d4907a1b-8b06-47c5-8bca-c781d9cddaf8,"AP004607.9,AP004607.1"
11,90050714,90050714,1,snv_mnv,7.9872e-4,rs537120193,"broad,dkfz,muse,sanger",4,COSN7291050,rs537120193,L2a,FALSE,0.2048,NA,17,66,NA,NA,NA,IGR,FALSE,FALSE,FALSE,FALSE,4,2,2,2_2,d4907a1b-8b06-47c5-8bca-c781d9cddaf8,NA
11,90257535,90257535,1,snv_mnv,NA,NA,"broad,dkfz,muse,sanger",4,COSN7291175,NA,NA,FALSE,0.1957,NA,18,74,NA,NA,NA,RNA,FALSE,FALSE,FALSE,FALSE,4,2,2,2_2,d4907a1b-8b06-47c5-8bca-c781d9cddaf8,NA
11,90377549,90377549,1,snv_mnv,NA,NA,"broad,dkfz,muse,sanger",4,COSN7291263,NA,MER1B,FALSE,0.2877,NA,21,52,NA,NA,NA,RNA,FALSE,FALSE,FALSE,FALSE,4,2,2,2_2,d4907a1b-8b06-47c5-8bca-c781d9cddaf8,NA
11,90696399,90696399,1,snv_mnv,NA,NA,"broad,dkfz,muse,sanger",4,COSN7291508,NA,L1MA7,FALSE,0.2437,NA,29,90,NA,NA,NA,IGR,FALSE,FALSE,FALSE,FALSE,4,2,2,2_2,d4907a1b-8b06-47c5-8bca-c781d9cddaf8,NA
11,90881356,90881356,1,snv_mnv,NA,NA,"broad,dkfz,muse,sanger",4,COSN7291639,NA,NA,FALSE,0.1364,NA,12,76,NA,NA,NA,IGR,FALSE,FALSE,TRUE,FALSE,4,2,2,2_2,d4907a1b-8b06-47c5-8bca-c781d9cddaf8,NA
11,91353018,91353018,1,snv_mnv,NA,NA,"broad,dkfz,muse,sanger",4,COSN7291883,NA,L1M1,FALSE,0.2762,NA,29,76,NA,NA,NA,IGR,FALSE,FALSE,FALSE,FALSE,4,2,2,2_2,d4907a1b-8b06-47c5-8bca-c781d9cddaf8,NA
11,91621674,91621674,1,snv_mnv,NA,NA,"broad,dkfz,muse,sanger",4,COSN7291980,NA,NA,FALSE,0.1562,NA,15,81,NA,NA,NA,IGR,FALSE,FALSE,TRUE,FALSE,4,2,2,2_2,d4907a1b-8b06-47c5-8bca-c781d9cddaf8,NA
11,91682977,91682977,1,snv_mnv,NA,NA,"broad,dkfz,muse,sanger",4,COSN7292016,NA,NA,FALSE,0.2609,NA,18,51,NA,NA,NA,IGR,FALSE,FALSE,FALSE,FALSE,4,2,2,2_2,d4907a1b-8b06-47c5-8bca-c781d9cddaf8,NA
11,91748633,91748633,1,snv_mnv,NA,NA,"broad,dkfz,muse,sanger",4,COSN7292052,NA,L1PA6,FALSE,0.1625,NA,13,67,NA,NA,NA,IGR,FALSE,FALSE,FALSE,FALSE,4,2,2,2_2,d4907a1b-8b06-47c5-8bca-c781d9cddaf8,NA
11,91822158,91822158,1,snv_mnv,NA,NA,"broad,dkfz,muse,sanger",4,COSN7292087,NA,NA,FALSE,0.2245,NA,22,76,NA,NA,NA,IGR,FALSE,FALSE,FALSE,FALSE,4,2,2,2_2,d4907a1b-8b06-47c5-8bca-c781d9cddaf8,NA
11,91833189,91833189,1,snv_mnv,NA,NA,"broad,dkfz,muse,sanger",4,COSN7292092,NA,NA,FALSE,0.2,NA,17,68,NA,NA,NA,IGR,FALSE,FALSE,FALSE,FALSE,4,2,2,2_2,d4907a1b-8b06-47c5-8bca-c781d9cddaf8,NA
11,91967542,91967542,1,snv_mnv,NA,NA,"broad,dkfz,muse,sanger",4,COSN7292153,NA,NA,FALSE,0.2022,NA,18,71,NA,NA,NA,IGR,FALSE,FALSE,FALSE,FALSE,4,2,2,2_2,d4907a1b-8b06-47c5-8bca-c781d9cddaf8,NA
11,92201155,92201155,1,snv_mnv,NA,NA,"broad,dkfz,muse,sanger",4,COSN7292272,NA,MER46C,FALSE,0.165,NA,17,86,NA,NA,NA,Intron,FALSE,FALSE,TRUE,FALSE,4,2,2,2_2,d4907a1b-8b06-47c5-8bca-c781d9cddaf8,NA
11,92372689,92372689,1,snv_mnv,NA,NA,"broad,dkfz,muse,sanger",4,COSN7292384,NA,NA,FALSE,0.1013,NA,8,71,NA,NA,NA,Intron,FALSE,FALSE,FALSE,FALSE,4,2,2,2_2,d4907a1b-8b06-47c5-8bca-c781d9cddaf8,NA
11,92442183,92442183,1,snv_mnv,NA,NA,"broad,dkfz,muse,sanger",4,COSN7292415,NA,NA,FALSE,0.1154,NA,12,92,NA,NA,NA,Intron,FALSE,FALSE,FALSE,FALSE,4,2,2,2_2,d4907a1b-8b06-47c5-8bca-c781d9cddaf8,NA
11,92951253,92951253,1,snv_mnv,NA,NA,"broad,dkfz,muse,sanger",4,COSN7292645,NA,L2c,FALSE,0.3418,NA,27,52,NA,NA,NA,IGR,FALSE,FALSE,FALSE,FALSE,4,2,2,2_2,d4907a1b-8b06-47c5-8bca-c781d9cddaf8,AP003072.1
11,93725680,93725680,1,snv_mnv,NA,NA,"broad,dkfz,muse,sanger",4,COSN7292837,NA,NA,FALSE,0.21,NA,21,79,NA,NA,NA,IGR,FALSE,FALSE,TRUE,FALSE,4,2,2,2_2,d4907a1b-8b06-47c5-8bca-c781d9cddaf8,AP002795.1
11,94666658,94666658,1,snv_mnv,NA,NA,"broad,dkfz,muse,sanger",4,COSN7293101,NA,NA,FALSE,0.3267,NA,33,68,NA,NA,NA,IGR,FALSE,FALSE,FALSE,FALSE,4,2,2,2_2,d4907a1b-8b06-47c5-8bca-c781d9cddaf8,NA
11,95227763,95227763,1,snv_mnv,NA,NA,"broad,dkfz,muse,sanger",4,COSN7293274,NA,L1ME1,FALSE,0.2,NA,15,60,NA,NA,NA,lincRNA,FALSE,FALSE,FALSE,FALSE,4,2,2,2_2,d4907a1b-8b06-47c5-8bca-c781d9cddaf8,NA
11,95449170,95449170,1,snv_mnv,NA,NA,"broad,dkfz,muse,sanger",4,COSN7293361,NA,NA,FALSE,0.2317,NA,19,63,NA,NA,NA,IGR,FALSE,FALSE,FALSE,FALSE,4,2,2,2_2,d4907a1b-8b06-47c5-8bca-c781d9cddaf8,NA
11,96765957,96765957,1,snv_mnv,NA,NA,"broad,dkfz,muse,sanger",4,COSN7293742,NA,NA,FALSE,0.1429,NA,12,72,NA,NA,NA,IGR,FALSE,FALSE,FALSE,FALSE,4,2,2,2_2,d4907a1b-8b06-47c5-8bca-c781d9cddaf8,NA
11,96769749,96769749,1,snv_mnv,NA,NA,"broad,dkfz,muse,sanger",4,COSN7293747,NA,L1MC3,FALSE,0.2778,NA,30,78,NA,NA,NA,IGR,FALSE,FALSE,TRUE,FALSE,4,2,2,2_2,d4907a1b-8b06-47c5-8bca-c781d9cddaf8,NA
11,97008440,97008440,1,snv_mnv,NA,NA,"broad,dkfz,muse,sanger",4,COSN7293930,NA,L1M1,FALSE,0.232,NA,29,96,NA,NA,NA,IGR,FALSE,FALSE,FALSE,FALSE,4,2,2,2_2,d4907a1b-8b06-47c5-8bca-c781d9cddaf8,NA
11,97190021,97190021,1,snv_mnv,NA,NA,"broad,dkfz,muse,sanger",4,COSN7294073,NA,HERVL-int,FALSE,0.2927,NA,24,58,NA,NA,NA,IGR,FALSE,FALSE,FALSE,FALSE,4,2,2,2_2,d4907a1b-8b06-47c5-8bca-c781d9cddaf8,NA
11,97422685,97422685,1,snv_mnv,NA,NA,"broad,dkfz,muse,sanger",4,COSN7294305,NA,L1M5,FALSE,0.1443,NA,14,83,NA,NA,NA,IGR,FALSE,FALSE,FALSE,FALSE,4,2,2,2_2,d4907a1b-8b06-47c5-8bca-c781d9cddaf8,NA
11,97463227,97463227,1,snv_mnv,NA,NA,"broad,dkfz,muse,sanger",4,COSN7294342,NA,L1PB1,FALSE,0.12,NA,15,110,NA,NA,NA,IGR,FALSE,FALSE,FALSE,FALSE,4,2,2,2_2,d4907a1b-8b06-47c5-8bca-c781d9cddaf8,NA
11,97512868,97512868,1,snv_mnv,NA,NA,"broad,dkfz,muse,sanger",4,COSN7294396,NA,L1MEc,FALSE,0.1373,NA,14,88,NA,NA,NA,IGR,FALSE,FALSE,FALSE,FALSE,4,2,2,2_2,d4907a1b-8b06-47c5-8bca-c781d9cddaf8,NA
11,97688540,97688540,1,snv_mnv,NA,NA,"broad,dkfz,muse,sanger",4,COSN7294573,NA,NA,FALSE,0.243,NA,26,81,NA,NA,NA,IGR,FALSE,FALSE,FALSE,FALSE,4,2,2,2_2,d4907a1b-8b06-47c5-8bca-c781d9cddaf8,NA
11,97716882,97716882,1,snv_mnv,NA,NA,"broad,dkfz,muse,sanger",4,COSN7294600,NA,U2,FALSE,0.1321,NA,14,92,NA,NA,NA,IGR,FALSE,FALSE,FALSE,FALSE,4,2,2,2_2,d4907a1b-8b06-47c5-8bca-c781d9cddaf8,NA
11,97815905,97815905,1,snv_mnv,NA,NA,"broad,dkfz,muse,sanger",4,COSN7294708,NA,L1M2,FALSE,0.1485,NA,15,86,NA,NA,NA,lincRNA,FALSE,FALSE,TRUE,FALSE,4,2,2,2_2,d4907a1b-8b06-47c5-8bca-c781d9cddaf8,AP003730.2
11,98342356,98342356,1,snv_mnv,NA,NA,"broad,dkfz,muse,sanger",4,COSN7295291,rs749238177,MLT1E1,FALSE,0.1386,NA,14,87,NA,NA,NA,IGR,FALSE,FALSE,FALSE,FALSE,4,2,2,2_2,d4907a1b-8b06-47c5-8bca-c781d9cddaf8,NA
11,98884534,98884534,1,snv_mnv,NA,NA,"broad,dkfz,muse,sanger",4,COSN7295857,NA,NA,FALSE,0.3253,NA,27,56,NA,NA,NA,IGR,FALSE,FALSE,FALSE,FALSE,4,2,2,2_2,d4907a1b-8b06-47c5-8bca-c781d9cddaf8,NA
11,98928444,98928444,1,snv_mnv,NA,NA,"broad,dkfz,muse,sanger",4,COSN7295888,NA,L2a,FALSE,0.358,NA,29,52,NA,NA,NA,Intron,FALSE,FALSE,FALSE,FALSE,4,2,2,2_2,d4907a1b-8b06-47c5-8bca-c781d9cddaf8,NA
11,99249737,99249737,1,snv_mnv,NA,NA,"broad,dkfz,muse,sanger",4,COSN7306123,NA,L1ME5,FALSE,0.1321,NA,14,92,NA,NA,NA,Intron,FALSE,FALSE,FALSE,FALSE,4,2,2,2_2,d4907a1b-8b06-47c5-8bca-c781d9cddaf8,NA
11,99253406,99253406,1,snv_mnv,NA,NA,"broad,dkfz,muse,sanger",4,COSN7306129,NA,NA,FALSE,0.1765,NA,12,56,NA,NA,NA,Intron,FALSE,FALSE,FALSE,FALSE,4,2,2,2_2,d4907a1b-8b06-47c5-8bca-c781d9cddaf8,NA
11,99478951,99478951,1,snv_mnv,NA,NA,"broad,dkfz,muse,sanger",4,COSN7306348,NA,NA,FALSE,0.1205,NA,10,73,NA,NA,NA,Intron,FALSE,FALSE,FALSE,FALSE,4,2,2,2_2,d4907a1b-8b06-47c5-8bca-c781d9cddaf8,NA
11,99547903,99547903,1,snv_mnv,NA,NA,"broad,dkfz,muse,sanger",4,COSN7306405,NA,NA,FALSE,0.11,NA,11,89,NA,NA,NA,Intron,FALSE,FALSE,FALSE,FALSE,4,2,2,2_2,d4907a1b-8b06-47c5-8bca-c781d9cddaf8,NA
11,99778722,99778722,1,snv_mnv,NA,NA,"broad,dkfz,muse,sanger",4,COSN7306571,NA,NA,FALSE,0.2584,NA,23,66,NA,NA,NA,Intron,FALSE,FALSE,FALSE,FALSE,4,2,2,2_2,d4907a1b-8b06-47c5-8bca-c781d9cddaf8,NA
11,99982427,99982427,1,snv_mnv,NA,NA,"broad,dkfz,muse,sanger",4,COSN7306677,NA,L1MB1,FALSE,0.117,NA,11,83,NA,NA,NA,Intron,FALSE,FALSE,FALSE,FALSE,4,2,2,2_2,d4907a1b-8b06-47c5-8bca-c781d9cddaf8,NA
11,102762325,102762325,1,snv_mnv,NA,NA,"broad,dkfz,muse,sanger",4,COSN6981792,rs782251112,NA,FALSE,0.1852,NA,15,66,NA,NA,NA,IGR,FALSE,FALSE,FALSE,FALSE,4,2,2,2_2,d4907a1b-8b06-47c5-8bca-c781d9cddaf8,NA
11,102838735,102838735,1,snv_mnv,NA,NA,"broad,dkfz,muse,sanger",4,COSN6981814,NA,NA,FALSE,0.3469,NA,34,64,NA,NA,NA,IGR,FALSE,FALSE,FALSE,FALSE,4,2,2,2_2,d4907a1b-8b06-47c5-8bca-c781d9cddaf8,AP001486.3
11,102958344,102958344,1,snv_mnv,5.9904e-4,rs551271931,"broad,dkfz,muse,sanger",4,COSN6981852,rs551271931,AluJb,FALSE,0.3059,NA,26,59,NA,NA,NA,Intron,FALSE,FALSE,FALSE,FALSE,4,2,2,2_2,d4907a1b-8b06-47c5-8bca-c781d9cddaf8,DCUN1D5
11,103101580,103101580,1,snv_mnv,1.9968e-4,rs577377798,"broad,dkfz,muse,sanger",4,COSN6981892,rs577377798,AluJr,FALSE,0.1031,NA,10,87,NA,NA,NA,Intron,FALSE,FALSE,FALSE,FALSE,4,2,2,2_2,d4907a1b-8b06-47c5-8bca-c781d9cddaf8,NA
11,104160472,104160472,1,snv_mnv,NA,NA,"broad,dkfz,muse,sanger",4,COSN6982281,NA,NA,FALSE,0.1831,NA,13,58,NA,NA,NA,IGR,FALSE,FALSE,FALSE,FALSE,4,2,2,2_2,d4907a1b-8b06-47c5-8bca-c781d9cddaf8,NA
11,104236666,104236666,1,snv_mnv,NA,NA,"broad,dkfz,muse,sanger",4,COSN6982310,NA,LTR12D,FALSE,0.0842,NA,8,87,NA,NA,NA,IGR,FALSE,FALSE,FALSE,FALSE,4,2,2,2_2,d4907a1b-8b06-47c5-8bca-c781d9cddaf8,NA
11,104451018,104451018,1,snv_mnv,1.9968e-4,rs563078326,"broad,dkfz,muse,sanger",4,COSN6982404,rs563078326,NA,FALSE,0.301,NA,31,72,NA,NA,NA,lincRNA,FALSE,FALSE,FALSE,FALSE,4,2,2,2_2,d4907a1b-8b06-47c5-8bca-c781d9cddaf8,NA
11,104672175,104672175,1,snv_mnv,NA,NA,"broad,dkfz,muse,sanger",4,COSN6982504,NA,L1M4b,FALSE,0.2857,NA,24,60,NA,NA,NA,IGR,FALSE,FALSE,FALSE,FALSE,4,2,2,2_2,d4907a1b-8b06-47c5-8bca-c781d9cddaf8,NA
11,104744623,104744623,1,snv_mnv,NA,NA,"broad,dkfz,muse,sanger",4,COSN6982527,NA,NA,FALSE,0.2907,NA,25,61,NA,NA,NA,IGR,FALSE,FALSE,TRUE,FALSE,4,2,2,2_2,d4907a1b-8b06-47c5-8bca-c781d9cddaf8,AP002004.2
11,105257253,105257253,1,snv_mnv,NA,NA,"broad,dkfz,muse,sanger",4,COSN6982726,NA,L1MEc,FALSE,0.375,NA,33,55,NA,NA,NA,lincRNA,FALSE,FALSE,FALSE,FALSE,4,2,2,2_2,d4907a1b-8b06-47c5-8bca-c781d9cddaf8,NA
11,106030722,106030722,1,snv_mnv,NA,NA,"broad,dkfz,muse,sanger",4,COSN6983063,NA,MLT1E1A,FALSE,0.1429,NA,12,72,NA,NA,NA,IGR,FALSE,FALSE,FALSE,FALSE,4,2,2,2_2,d4907a1b-8b06-47c5-8bca-c781d9cddaf8,NA
11,106414668,106414668,1,snv_mnv,NA,NA,"broad,dkfz,muse,sanger",4,COSN6983270,NA,AluSx,FALSE,0.2703,NA,20,54,NA,NA,NA,IGR,FALSE,FALSE,FALSE,FALSE,4,2,2,2_2,d4907a1b-8b06-47c5-8bca-c781d9cddaf8,NA
11,106725779,106725779,1,snv_mnv,1.9968e-4,rs577319384,"broad,dkfz,muse,sanger",4,COSN6983465,rs577319384,L1MA5,FALSE,0.3797,NA,30,49,NA,NA,NA,Intron,FALSE,FALSE,FALSE,FALSE,4,2,2,2_2,d4907a1b-8b06-47c5-8bca-c781d9cddaf8,NA
11,106797183,106797183,1,snv_mnv,NA,NA,"broad,dkfz,muse,sanger",4,COSN6983511,NA,AluSz6,FALSE,0.2083,NA,10,38,NA,NA,NA,Intron,FALSE,FALSE,FALSE,FALSE,4,2,2,2_2,d4907a1b-8b06-47c5-8bca-c781d9cddaf8,NA
11,107308190,107308190,1,snv_mnv,NA,NA,"broad,dkfz,muse,sanger",4,COSN6983733,NA,NA,FALSE,0.1443,NA,14,83,NA,NA,NA,Intron,FALSE,FALSE,FALSE,FALSE,4,2,2,2_2,d4907a1b-8b06-47c5-8bca-c781d9cddaf8,NA
11,107491334,107491334,1,snv_mnv,NA,NA,"broad,dkfz,muse,sanger",4,COSN6983794,NA,AluSc5,FALSE,0.2874,NA,25,62,NA,NA,NA,Intron,FALSE,FALSE,FALSE,FALSE,4,2,2,2_2,d4907a1b-8b06-47c5-8bca-c781d9cddaf8,ELMOD1
11,108986601,108986601,1,snv_mnv,0.0011981,rs187203394,"broad,dkfz,muse,sanger",4,COSN6984258,rs187203394,MIRb,FALSE,0.3431,NA,35,67,NA,NA,NA,IGR,FALSE,FALSE,FALSE,FALSE,4,2,2,2_2,d4907a1b-8b06-47c5-8bca-c781d9cddaf8,NA
11,109142400,109142400,1,snv_mnv,NA,NA,"broad,dkfz,muse,sanger",4,COSN6984332,NA,L1PB1,FALSE,0.3,NA,27,63,NA,NA,NA,IGR,FALSE,FALSE,FALSE,FALSE,4,2,2,2_2,d4907a1b-8b06-47c5-8bca-c781d9cddaf8,NA
11,109183785,109183785,1,snv_mnv,NA,NA,"broad,dkfz,muse,sanger",4,COSN6984362,NA,NA,FALSE,0.2326,NA,20,66,NA,NA,NA,IGR,FALSE,FALSE,FALSE,FALSE,4,2,2,2_2,d4907a1b-8b06-47c5-8bca-c781d9cddaf8,NA
11,109234383,109234383,1,snv_mnv,1.9968e-4,rs188056741,"broad,dkfz,muse,sanger",4,COSN6984387,rs188056741,NA,FALSE,0.2551,NA,25,73,NA,NA,NA,RNA,FALSE,FALSE,FALSE,FALSE,4,2,2,2_2,d4907a1b-8b06-47c5-8bca-c781d9cddaf8,NA
11,109256445,109256445,1,snv_mnv,NA,NA,"broad,dkfz,muse,sanger",4,COSN6984398,NA,L1MC1,FALSE,0.3378,NA,25,49,NA,NA,NA,RNA,FALSE,FALSE,FALSE,FALSE,4,2,2,2_2,d4907a1b-8b06-47c5-8bca-c781d9cddaf8,NA
11,109821629,109821629,1,snv_mnv,NA,NA,"broad,dkfz,muse,sanger",4,COSN6984775,NA,AluYb8,FALSE,0.1429,NA,12,72,NA,NA,NA,IGR,FALSE,FALSE,FALSE,FALSE,4,2,2,2_2,d4907a1b-8b06-47c5-8bca-c781d9cddaf8,NA
11,110227073,110227073,1,snv_mnv,1.9968e-4,rs548039019,"broad,dkfz,muse,sanger",4,COSN6984914,rs548039019,AluSx1,FALSE,0.1316,NA,10,66,NA,NA,NA,lincRNA,FALSE,FALSE,FALSE,FALSE,4,2,2,2_2,d4907a1b-8b06-47c5-8bca-c781d9cddaf8,NA
11,110610523,110610523,1,snv_mnv,NA,NA,"broad,dkfz,muse,sanger",4,COSN6985028,NA,ERV3-16A3_I-int,FALSE,0.2308,NA,24,80,NA,NA,NA,IGR,FALSE,FALSE,FALSE,FALSE,4,2,2,2_2,d4907a1b-8b06-47c5-8bca-c781d9cddaf8,NA
11,110627890,110627890,1,snv_mnv,NA,NA,"broad,dkfz,muse,sanger",4,COSN6985035,NA,NA,FALSE,0.3491,NA,37,69,NA,NA,NA,IGR,FALSE,FALSE,FALSE,FALSE,4,2,2,2_2,d4907a1b-8b06-47c5-8bca-c781d9cddaf8,NA
11,110700357,110700357,1,snv_mnv,NA,NA,"broad,dkfz,muse,sanger",4,COSN6985065,NA,NA,FALSE,0.1556,NA,14,76,NA,NA,NA,IGR,FALSE,FALSE,FALSE,FALSE,4,2,2,2_2,d4907a1b-8b06-47c5-8bca-c781d9cddaf8,NA
11,112977437,112977437,1,snv_mnv,NA,NA,"broad,dkfz,muse,sanger",4,COSN6985860,NA,NA,FALSE,0.32,NA,24,51,NA,NA,NA,Intron,FALSE,FALSE,FALSE,FALSE,4,2,2,2_2,d4907a1b-8b06-47c5-8bca-c781d9cddaf8,NA
11,113151812,113151812,1,snv_mnv,NA,NA,"broad,dkfz,muse,sanger",4,COSN6985955,NA,L2a,FALSE,0.125,NA,13,91,NA,NA,NA,IGR,FALSE,FALSE,FALSE,FALSE,4,2,2,2_2,d4907a1b-8b06-47c5-8bca-c781d9cddaf8,NCAM1
11,113868068,113868068,1,snv_mnv,NA,NA,"broad,dkfz,muse,sanger",4,COSN6986177,NA,NA,FALSE,0.1299,NA,10,67,NA,NA,NA,IGR,FALSE,FALSE,FALSE,FALSE,4,2,2,2_2,d4907a1b-8b06-47c5-8bca-c781d9cddaf8,NA
11,114092761,114092761,1,snv_mnv,NA,NA,"broad,dkfz,muse,sanger",4,COSN6986266,NA,NA,FALSE,0.1683,NA,17,84,NA,NA,NA,Intron,FALSE,FALSE,FALSE,FALSE,4,2,2,2_2,d4907a1b-8b06-47c5-8bca-c781d9cddaf8,NA
11,114685669,114685669,1,snv_mnv,NA,NA,"broad,dkfz,muse,sanger",4,COSN6986532,NA,NA,FALSE,0.2771,NA,23,60,NA,NA,NA,IGR,FALSE,FALSE,FALSE,FALSE,4,2,2,2_2,d4907a1b-8b06-47c5-8bca-c781d9cddaf8,NA
11,115053518,115053518,1,snv_mnv,NA,NA,"broad,dkfz,muse,sanger",4,COSN6986808,NA,NA,FALSE,0.2174,NA,15,54,NA,NA,NA,Intron,FALSE,FALSE,FALSE,FALSE,4,2,2,2_2,d4907a1b-8b06-47c5-8bca-c781d9cddaf8,CADM1
11,115553629,115553629,1,snv_mnv,NA,NA,"broad,dkfz,muse,sanger",4,COSN6987132,NA,MLT1D,FALSE,0.1461,NA,13,76,NA,NA,NA,lincRNA,FALSE,FALSE,FALSE,FALSE,4,2,2,2_2,d4907a1b-8b06-47c5-8bca-c781d9cddaf8,NA
11,115553713,115553713,1,snv_mnv,NA,NA,"broad,dkfz,muse,sanger",4,COSN6987133,NA,NA,FALSE,0.1687,NA,14,69,NA,NA,NA,lincRNA,FALSE,FALSE,FALSE,FALSE,4,2,2,2_2,d4907a1b-8b06-47c5-8bca-c781d9cddaf8,NA
11,115901067,115901067,1,snv_mnv,NA,NA,"broad,dkfz,muse,sanger",4,COSN6987382,NA,L1MEd,FALSE,0.3333,NA,29,58,NA,NA,NA,IGR,FALSE,FALSE,FALSE,FALSE,4,2,2,2_2,d4907a1b-8b06-47c5-8bca-c781d9cddaf8,NA
11,116182683,116182683,1,snv_mnv,1.9968e-4,rs543023399,"broad,dkfz,muse,sanger",4,COSN6987541,rs543023399,NA,FALSE,0.1765,NA,15,70,NA,NA,NA,IGR,FALSE,FALSE,FALSE,FALSE,4,2,2,2_2,d4907a1b-8b06-47c5-8bca-c781d9cddaf8,NA
11,118165423,118165423,1,snv_mnv,NA,NA,"broad,dkfz,muse,sanger",4,COSN6988133,NA,L1ME2,FALSE,0.254,NA,16,47,NA,NA,NA,IGR,FALSE,FALSE,FALSE,FALSE,4,2,2,2_2,d4907a1b-8b06-47c5-8bca-c781d9cddaf8,NA
11,118425885,118425885,1,snv_mnv,NA,NA,"broad,dkfz,muse,sanger",4,COSN6988186,NA,NA,FALSE,0.28,NA,21,54,NA,NA,NA,Intron,FALSE,FALSE,FALSE,FALSE,4,2,2,2_2,d4907a1b-8b06-47c5-8bca-c781d9cddaf8,IFT46
11,119243423,119243423,1,snv_mnv,NA,NA,"broad,dkfz,muse,sanger",4,COSM2106955,NA,NA,FALSE,0.3182,NA,21,45,NA,NA,NA,Silent,FALSE,FALSE,FALSE,FALSE,4,2,2,2_2,d4907a1b-8b06-47c5-8bca-c781d9cddaf8,USP2
11,120159654,120159654,1,snv_mnv,NA,NA,"broad,dkfz,muse,sanger",4,COSN6988635,NA,NA,FALSE,0.2816,NA,29,74,NA,NA,NA,Intron,FALSE,FALSE,FALSE,FALSE,4,2,2,2_2,d4907a1b-8b06-47c5-8bca-c781d9cddaf8,NA
11,121048736,121048736,1,snv_mnv,NA,NA,"broad,muse,sanger",3,COSN6988985,NA,L1PA3,FALSE,0.1923,NA,15,63,NA,NA,NA,Intron,FALSE,FALSE,FALSE,FALSE,4,2,2,2_2,d4907a1b-8b06-47c5-8bca-c781d9cddaf8,NA
11,121968216,121968216,1,snv_mnv,NA,NA,"broad,dkfz,muse,sanger",4,COSN6989352,NA,NA,FALSE,0.2333,NA,21,69,NA,NA,NA,RNA,FALSE,FALSE,FALSE,FALSE,4,2,2,2_2,d4907a1b-8b06-47c5-8bca-c781d9cddaf8,"MIR125B1,MIR100HG"
11,122196892,122196892,1,snv_mnv,1.9968e-4,rs528437448,"broad,dkfz,muse,sanger",4,COSN6989478,rs528437448,L1MC1,FALSE,0.2329,NA,17,56,NA,NA,NA,RNA,FALSE,FALSE,FALSE,FALSE,4,2,2,2_2,d4907a1b-8b06-47c5-8bca-c781d9cddaf8,NA
11,122774616,122774616,1,snv_mnv,NA,NA,"broad,dkfz,muse,sanger",4,COSN6989702,NA,NA,FALSE,0.3133,NA,26,57,NA,NA,NA,Intron,FALSE,FALSE,FALSE,FALSE,4,2,2,2_2,d4907a1b-8b06-47c5-8bca-c781d9cddaf8,NA
11,122827136,122827136,1,snv_mnv,NA,NA,"broad,dkfz,muse,sanger",4,COSN6989712,NA,NA,FALSE,0.1209,NA,11,80,NA,NA,NA,Intron,FALSE,FALSE,FALSE,FALSE,4,2,2,2_2,d4907a1b-8b06-47c5-8bca-c781d9cddaf8,ATP5PBP5
11,123694478,123694478,1,snv_mnv,NA,NA,"broad,dkfz,muse,sanger",4,COSN6990042,NA,L1MA9,FALSE,0.1359,NA,14,89,NA,NA,NA,IGR,FALSE,FALSE,FALSE,FALSE,4,2,2,2_2,d4907a1b-8b06-47c5-8bca-c781d9cddaf8,NA
11,123700671,123700671,1,snv_mnv,1.9968e-4,rs565214908,"broad,dkfz,muse,sanger",4,COSN6990048,rs565214908,L1PA6,FALSE,0.1316,NA,10,66,NA,NA,NA,IGR,FALSE,FALSE,FALSE,FALSE,4,2,2,2_2,d4907a1b-8b06-47c5-8bca-c781d9cddaf8,NA
11,125144263,125144263,1,snv_mnv,NA,NA,"broad,dkfz,muse,sanger",4,COSN6990619,NA,NA,FALSE,0.241,NA,20,63,NA,NA,NA,Intron,FALSE,FALSE,FALSE,FALSE,4,2,2,2_2,d4907a1b-8b06-47c5-8bca-c781d9cddaf8,RNU6-321P
11,125545323,125545323,1,snv_mnv,NA,NA,"broad,dkfz,muse,sanger",4,COSN6990783,NA,NA,FALSE,0.1667,NA,16,80,NA,NA,NA,Intron,FALSE,FALSE,FALSE,FALSE,4,2,2,2_2,d4907a1b-8b06-47c5-8bca-c781d9cddaf8,NA
11,126327326,126327326,1,snv_mnv,1.9968e-4,rs534366034,"broad,dkfz,muse",3,COSN6991023,rs534366034,(TG)n,FALSE,0.3571,NA,25,45,NA,NA,NA,Intron,FALSE,FALSE,FALSE,FALSE,4,2,2,2_2,d4907a1b-8b06-47c5-8bca-c781d9cddaf8,NA
11,127691578,127691578,1,snv_mnv,NA,NA,"broad,dkfz,muse,sanger",4,COSN6991792,NA,AluY,FALSE,0.2941,NA,20,48,NA,NA,NA,IGR,FALSE,FALSE,FALSE,FALSE,4,2,2,2_2,d4907a1b-8b06-47c5-8bca-c781d9cddaf8,NA
11,127811134,127811134,1,snv_mnv,NA,NA,"broad,dkfz,muse,sanger",4,COSN6991866,NA,NA,FALSE,0.3333,NA,33,66,NA,NA,NA,IGR,FALSE,FALSE,FALSE,FALSE,4,2,2,2_2,d4907a1b-8b06-47c5-8bca-c781d9cddaf8,NA
11,130384118,130384118,1,snv_mnv,NA,NA,"broad,dkfz,muse,sanger",4,COSN6992587,NA,NA,FALSE,0.3226,NA,20,42,NA,NA,NA,IGR,FALSE,FALSE,FALSE,FALSE,4,2,2,2_2,d4907a1b-8b06-47c5-8bca-c781d9cddaf8,NA
11,130388035,130388035,1,snv_mnv,NA,NA,"broad,dkfz,muse,sanger",4,COSN6992590,NA,LTR8A,FALSE,0.3125,NA,25,55,NA,NA,NA,IGR,FALSE,FALSE,FALSE,FALSE,4,2,2,2_2,d4907a1b-8b06-47c5-8bca-c781d9cddaf8,NA
11,131049828,131049828,1,snv_mnv,NA,NA,"broad,dkfz,muse,sanger",4,COSN6992810,NA,NA,FALSE,0.1687,NA,14,69,NA,NA,NA,IGR,FALSE,FALSE,FALSE,FALSE,4,2,2,2_2,d4907a1b-8b06-47c5-8bca-c781d9cddaf8,NA
11,131073871,131073871,1,snv_mnv,NA,NA,"broad,dkfz,muse,sanger",4,COSN6992833,NA,NA,FALSE,0.1096,NA,8,65,NA,NA,NA,lincRNA,FALSE,FALSE,FALSE,FALSE,4,2,2,2_2,d4907a1b-8b06-47c5-8bca-c781d9cddaf8,AP002856.1
11,131102903,131102903,1,snv_mnv,NA,NA,"broad,dkfz,muse,sanger",4,COSN6992854,NA,NA,FALSE,0.2319,NA,16,53,NA,NA,NA,lincRNA,FALSE,FALSE,FALSE,FALSE,4,2,2,2_2,d4907a1b-8b06-47c5-8bca-c781d9cddaf8,AP002856.4
11,131630520,131630520,1,snv_mnv,NA,NA,"broad,dkfz,muse,sanger",4,COSN6993200,NA,NA,FALSE,0.1183,NA,11,82,NA,NA,NA,Intron,FALSE,FALSE,FALSE,FALSE,4,2,2,2_2,d4907a1b-8b06-47c5-8bca-c781d9cddaf8,NA
11,131812858,131812858,1,snv_mnv,NA,NA,"dkfz,sanger",2,COSN6993372,NA,NA,FALSE,0.2576,NA,17,49,NA,NA,NA,Intron,FALSE,FALSE,FALSE,FALSE,4,2,2,2_2,d4907a1b-8b06-47c5-8bca-c781d9cddaf8,NA
11,132306072,132306072,1,snv_mnv,NA,NA,"broad,dkfz,muse,sanger",4,COSM3769248,NA,NA,FALSE,0.1573,NA,14,75,NA,NA,NA,Missense_Mutation,FALSE,FALSE,FALSE,FALSE,4,2,2,2_2,d4907a1b-8b06-47c5-8bca-c781d9cddaf8,NA
11,132441749,132441749,1,snv_mnv,NA,NA,"broad,dkfz,muse,sanger",4,COSN6993977,NA,L1MB1,FALSE,0.3373,NA,28,55,NA,NA,NA,Intron,FALSE,FALSE,FALSE,FALSE,4,2,2,2_2,d4907a1b-8b06-47c5-8bca-c781d9cddaf8,NA
11,132878109,132878109,1,snv_mnv,NA,NA,"broad,dkfz,muse",3,COSN6994289,NA,NA,FALSE,0.2289,NA,19,64,NA,NA,NA,Intron,FALSE,FALSE,FALSE,FALSE,4,2,2,2_2,d4907a1b-8b06-47c5-8bca-c781d9cddaf8,NA
11,133327316,133327316,1,snv_mnv,NA,NA,"broad,dkfz,muse,sanger",4,COSN6994569,NA,AluJb,FALSE,0.1912,NA,13,55,NA,NA,NA,Intron,FALSE,FALSE,FALSE,FALSE,4,2,2,2_2,d4907a1b-8b06-47c5-8bca-c781d9cddaf8,NA
11,133510733,133510733,1,snv_mnv,5.9904e-4,rs577345380,"broad,muse,sanger",3,COSN6994689,rs577345380,L1PA2,FALSE,0.3333,NA,16,32,NA,NA,NA,IGR,FALSE,FALSE,FALSE,FALSE,4,2,2,2_2,d4907a1b-8b06-47c5-8bca-c781d9cddaf8,NA
11,134177643,134177643,1,snv_mnv,NA,NA,"broad,dkfz,muse,sanger",4,COSN6994986,NA,MIR,FALSE,0.1954,NA,17,70,NA,NA,NA,Intron,FALSE,FALSE,FALSE,FALSE,4,2,2,2_2,d4907a1b-8b06-47c5-8bca-c781d9cddaf8,GLB1L3
11,134336587,134336587,1,snv_mnv,NA,NA,"broad,dkfz,muse,sanger",4,COSN6995050,NA,MIRb,FALSE,0.0986,NA,7,64,NA,NA,NA,RNA,FALSE,FALSE,FALSE,FALSE,4,2,2,2_2,d4907a1b-8b06-47c5-8bca-c781d9cddaf8,NA
12,2326119,2326119,1,snv_mnv,NA,NA,"broad,dkfz,muse,sanger",4,COSN7322925,NA,L1MB3,FALSE,0.2,NA,15,60,NA,NA,NA,Intron,FALSE,FALSE,FALSE,FALSE,3,2,1,2_1,d4907a1b-8b06-47c5-8bca-c781d9cddaf8,"CACNA1C-AS4,AC005344.1"
12,5355620,5355620,1,snv_mnv,NA,NA,"broad,dkfz,muse,sanger",4,COSN7373914,NA,MLT1C,FALSE,0.1486,NA,11,63,NA,NA,NA,IGR,FALSE,FALSE,FALSE,FALSE,3,2,1,2_1,d4907a1b-8b06-47c5-8bca-c781d9cddaf8,LINC02443
12,5437822,5437822,1,snv_mnv,NA,NA,"broad,dkfz,muse,sanger",4,COSN7374114,NA,NA,FALSE,0.2637,NA,24,67,NA,NA,NA,lincRNA,FALSE,FALSE,FALSE,FALSE,3,2,1,2_1,d4907a1b-8b06-47c5-8bca-c781d9cddaf8,NA
12,5604126,5604126,1,snv_mnv,NA,NA,"broad,dkfz,muse,sanger",4,COSM3772670,NA,NA,FALSE,0.2462,NA,16,49,NA,NA,NA,Missense_Mutation,FALSE,FALSE,FALSE,FALSE,3,2,1,2_1,d4907a1b-8b06-47c5-8bca-c781d9cddaf8,NTF3
12,7413214,7413214,1,snv_mnv,NA,NA,"broad,dkfz,muse,sanger",4,COSN7380545,NA,L2a,FALSE,0.1889,NA,17,73,NA,NA,NA,IGR,FALSE,FALSE,FALSE,FALSE,3,2,1,2_1,d4907a1b-8b06-47c5-8bca-c781d9cddaf8,NA
12,8948752,8948752,1,snv_mnv,NA,NA,"broad,dkfz,muse,sanger",4,COSN7386368,NA,AluYk4,FALSE,0.3725,NA,19,32,NA,NA,NA,lincRNA,FALSE,FALSE,FALSE,FALSE,3,2,1,2_1,d4907a1b-8b06-47c5-8bca-c781d9cddaf8,AC092490.1
12,9025890,9025890,1,snv_mnv,NA,NA,"broad,dkfz,muse,sanger",4,COSN7386551,NA,AluSx,FALSE,0.1818,NA,12,54,NA,NA,NA,Intron,FALSE,FALSE,FALSE,FALSE,3,2,1,2_1,d4907a1b-8b06-47c5-8bca-c781d9cddaf8,NA
12,9809804,9809804,1,snv_mnv,NA,NA,"broad,dkfz,muse,sanger",4,COSN7388670,NA,L1PA16,FALSE,0.3229,NA,31,65,NA,NA,NA,RNA,FALSE,FALSE,FALSE,FALSE,3,2,1,2_1,d4907a1b-8b06-47c5-8bca-c781d9cddaf8,"AC010186.3,AC010186.2,AC010186.4"
12,10975862,10975862,1,snv_mnv,NA,NA,"broad,dkfz,muse,sanger",4,COSN7309692,NA,L1ME4a,FALSE,0.2019,NA,21,83,NA,NA,NA,IGR,FALSE,FALSE,FALSE,FALSE,3,2,1,2_1,d4907a1b-8b06-47c5-8bca-c781d9cddaf8,"TAS2R10,PRH1"
12,11031996,11031996,1,snv_mnv,NA,NA,"broad,dkfz,muse,sanger",4,COSN7309808,NA,L1PB4,FALSE,0.1364,NA,9,57,NA,NA,NA,Intron,FALSE,FALSE,FALSE,FALSE,3,2,1,2_1,d4907a1b-8b06-47c5-8bca-c781d9cddaf8,"PRH1,AC006518.7"
12,11822729,11822729,1,snv_mnv,NA,NA,"broad,dkfz,muse,sanger",4,COSN7312464,NA,NA,FALSE,0.3659,NA,30,52,NA,NA,NA,Intron,FALSE,FALSE,FALSE,FALSE,3,2,1,2_1,d4907a1b-8b06-47c5-8bca-c781d9cddaf8,NA
12,12397605,12397605,1,snv_mnv,NA,NA,"broad,dkfz,muse,sanger",4,COSN7314050,NA,NA,FALSE,0.1803,NA,11,50,NA,NA,NA,Intron,FALSE,FALSE,FALSE,FALSE,3,2,1,2_1,d4907a1b-8b06-47c5-8bca-c781d9cddaf8,"AC007621.1,LRP6"
12,14217186,14217186,1,snv_mnv,NA,NA,"broad,dkfz,muse,sanger",4,COSN7319101,NA,NA,FALSE,0.2041,NA,10,39,NA,NA,NA,IGR,FALSE,FALSE,FALSE,FALSE,3,2,1,2_1,d4907a1b-8b06-47c5-8bca-c781d9cddaf8,NA
12,14906827,14906827,1,snv_mnv,NA,NA,"broad,dkfz,muse,sanger",4,COSN7319288,NA,NA,FALSE,0.2414,NA,14,44,NA,NA,NA,RNA,FALSE,FALSE,FALSE,FALSE,3,2,1,2_1,d4907a1b-8b06-47c5-8bca-c781d9cddaf8,NA
12,16380590,16380590,1,snv_mnv,NA,NA,"broad,dkfz,muse,sanger",4,COSN7319686,rs760971837,NA,FALSE,0.3333,NA,21,42,NA,NA,NA,Intron,FALSE,FALSE,FALSE,FALSE,3,2,1,2_1,d4907a1b-8b06-47c5-8bca-c781d9cddaf8,NA
12,17048847,17048847,1,snv_mnv,NA,NA,"broad,dkfz,muse,sanger",4,COSN7319914,NA,Tigger8,FALSE,0.1216,NA,9,65,NA,NA,NA,IGR,FALSE,FALSE,FALSE,FALSE,3,2,1,2_1,d4907a1b-8b06-47c5-8bca-c781d9cddaf8,NA
12,17048887,17048887,1,snv_mnv,NA,NA,"broad,dkfz,muse,sanger",4,COSN7319915,NA,Tigger8,FALSE,0.1379,NA,12,75,NA,NA,NA,IGR,FALSE,FALSE,FALSE,FALSE,3,2,1,2_1,d4907a1b-8b06-47c5-8bca-c781d9cddaf8,NA
12,17048920,17048920,1,snv_mnv,NA,NA,"broad,dkfz,muse,sanger",4,COSN7319916,NA,Tigger8,FALSE,0.1702,NA,16,78,NA,NA,NA,IGR,FALSE,FALSE,FALSE,FALSE,3,2,1,2_1,d4907a1b-8b06-47c5-8bca-c781d9cddaf8,NA
12,17161145,17161145,1,snv_mnv,NA,NA,"broad,muse,sanger",3,COSN7319975,NA,LTR12C,FALSE,0.1719,NA,11,53,NA,NA,NA,IGR,FALSE,FALSE,FALSE,FALSE,3,2,1,2_1,d4907a1b-8b06-47c5-8bca-c781d9cddaf8,NA
12,17362143,17362143,1,snv_mnv,NA,NA,"broad,dkfz,muse,sanger",4,COSN7320091,NA,NA,FALSE,0.1746,NA,11,52,NA,NA,NA,IGR,FALSE,FALSE,FALSE,FALSE,3,2,1,2_1,d4907a1b-8b06-47c5-8bca-c781d9cddaf8,NA
12,17426330,17426330,1,snv_mnv,NA,NA,"broad,dkfz,muse,sanger",4,COSN7320132,NA,NA,FALSE,0.2125,NA,17,63,NA,NA,NA,IGR,FALSE,FALSE,FALSE,FALSE,3,2,1,2_1,d4907a1b-8b06-47c5-8bca-c781d9cddaf8,NA
12,17630547,17630547,1,snv_mnv,NA,NA,"broad,dkfz,muse,sanger",4,COSN7320271,NA,HERVH-int,FALSE,0.1667,NA,13,65,NA,NA,NA,IGR,FALSE,FALSE,FALSE,FALSE,3,2,1,2_1,d4907a1b-8b06-47c5-8bca-c781d9cddaf8,NA
12,18803060,18803060,1,snv_mnv,NA,NA,"broad,dkfz,muse,sanger",4,COSN7320810,NA,L2a,FALSE,0.1552,NA,9,49,NA,NA,NA,IGR,FALSE,FALSE,FALSE,FALSE,3,2,1,2_1,d4907a1b-8b06-47c5-8bca-c781d9cddaf8,PIK3C2G
12,18872965,18872965,1,snv_mnv,NA,NA,"broad,dkfz,muse,sanger",4,COSN7320830,NA,L1ME3A,FALSE,0.2881,NA,17,42,NA,NA,NA,Intron,FALSE,FALSE,FALSE,FALSE,3,2,1,2_1,d4907a1b-8b06-47c5-8bca-c781d9cddaf8,PLCZ1
12,19169809,19169809,1,snv_mnv,NA,NA,"broad,dkfz,muse,sanger",4,COSN7320910,NA,NA,FALSE,0.1977,NA,17,69,NA,NA,NA,IGR,FALSE,FALSE,FALSE,FALSE,3,2,1,2_1,d4907a1b-8b06-47c5-8bca-c781d9cddaf8,NA
12,19268728,19268728,1,snv_mnv,NA,NA,"broad,dkfz,muse,sanger",4,COSN7320930,NA,NA,FALSE,0.2051,NA,16,62,NA,NA,NA,IGR,FALSE,FALSE,FALSE,FALSE,3,2,1,2_1,d4907a1b-8b06-47c5-8bca-c781d9cddaf8,NA
12,20315152,20315152,1,snv_mnv,NA,NA,"broad,dkfz,muse,sanger",4,COSN7321338,NA,NA,FALSE,0.1412,NA,12,73,NA,NA,NA,IGR,FALSE,FALSE,FALSE,FALSE,3,2,1,2_1,d4907a1b-8b06-47c5-8bca-c781d9cddaf8,NA
12,20370776,20370776,1,snv_mnv,NA,NA,"broad,dkfz,muse,sanger",4,COSN7321366,NA,L2a,FALSE,0.1807,NA,15,68,NA,NA,NA,IGR,FALSE,FALSE,FALSE,FALSE,3,2,1,2_1,d4907a1b-8b06-47c5-8bca-c781d9cddaf8,NA
12,20426491,20426491,1,snv_mnv,NA,NA,"broad,dkfz,muse,sanger",4,COSN7321397,NA,NA,FALSE,0.1467,NA,11,64,NA,NA,NA,IGR,FALSE,FALSE,FALSE,FALSE,3,2,1,2_1,d4907a1b-8b06-47c5-8bca-c781d9cddaf8,NA
12,20931110,20931110,1,snv_mnv,NA,NA,"broad,dkfz,muse,sanger",4,COSN7321741,NA,HERV9-int,FALSE,0.1905,NA,12,51,NA,NA,NA,IGR,FALSE,FALSE,FALSE,FALSE,3,2,1,2_1,d4907a1b-8b06-47c5-8bca-c781d9cddaf8,NA
12,23524471,23524471,1,snv_mnv,NA,NA,"broad,dkfz,muse,sanger",4,COSN7323099,NA,NA,FALSE,0.1687,NA,14,69,NA,NA,NA,IGR,FALSE,FALSE,FALSE,FALSE,3,2,1,2_1,d4907a1b-8b06-47c5-8bca-c781d9cddaf8,NA
12,23969490,23969490,1,snv_mnv,NA,NA,"broad,dkfz,muse,sanger",4,COSN7323446,NA,NA,FALSE,0.1959,NA,19,78,NA,NA,NA,Intron,FALSE,FALSE,FALSE,FALSE,5,3,2,3_2,d4907a1b-8b06-47c5-8bca-c781d9cddaf8,NA
12,24157233,24157233,1,snv_mnv,NA,NA,"broad,dkfz,muse,sanger",4,COSN7323623,NA,L1MB8,FALSE,0.2314,NA,28,93,NA,NA,NA,IGR,FALSE,FALSE,FALSE,FALSE,5,3,2,3_2,d4907a1b-8b06-47c5-8bca-c781d9cddaf8,NA
12,24349099,24349099,1,snv_mnv,NA,NA,"broad,dkfz,muse,sanger",4,COSN7323780,NA,AluSz6,FALSE,0.3878,NA,38,60,NA,NA,NA,IGR,FALSE,FALSE,FALSE,FALSE,5,3,2,3_2,d4907a1b-8b06-47c5-8bca-c781d9cddaf8,NA
12,24405979,24405979,1,snv_mnv,NA,NA,"broad,dkfz,muse,sanger",4,COSN7323836,NA,NA,FALSE,0.1345,NA,16,103,NA,NA,NA,IGR,FALSE,FALSE,FALSE,FALSE,5,3,2,3_2,d4907a1b-8b06-47c5-8bca-c781d9cddaf8,NA
12,24878112,24878112,1,snv_mnv,NA,NA,"broad,dkfz,muse,sanger",4,COSN7324184,rs764698245,THE1C,FALSE,0.1346,NA,14,90,NA,NA,NA,lincRNA,FALSE,FALSE,FALSE,FALSE,7,5,2,5_2,d4907a1b-8b06-47c5-8bca-c781d9cddaf8,NA
12,25140515,25140515,1,snv_mnv,NA,NA,"broad,dkfz,muse,sanger",4,COSN7324328,NA,L2a,FALSE,0.1957,NA,27,111,NA,NA,NA,IGR,FALSE,FALSE,FALSE,FALSE,7,5,2,5_2,d4907a1b-8b06-47c5-8bca-c781d9cddaf8,NA
12,25398285,25398285,1,snv_mnv,NA,NA,"broad,dkfz,muse,sanger",4,COSM518,rs121913530,NA,TRUE,0.4923,NA,64,66,NA,NA,NA,Missense_Mutation,FALSE,FALSE,FALSE,FALSE,7,5,2,5_2,d4907a1b-8b06-47c5-8bca-c781d9cddaf8,NA
12,26031767,26031767,1,snv_mnv,NA,NA,"broad,dkfz,muse,sanger",4,COSN7324634,NA,L2c,FALSE,0.5395,NA,82,70,NA,NA,NA,IGR,FALSE,FALSE,FALSE,FALSE,7,5,2,5_2,d4907a1b-8b06-47c5-8bca-c781d9cddaf8,"MIR4302,AC019209.1"
12,27305409,27305409,1,snv_mnv,NA,NA,"broad,dkfz,muse,sanger",4,COSN7324983,NA,NA,FALSE,0.1908,NA,25,106,NA,NA,NA,lincRNA,FALSE,FALSE,FALSE,FALSE,7,5,2,5_2,d4907a1b-8b06-47c5-8bca-c781d9cddaf8,AC092747.2
12,28124363,28124363,1,snv_mnv,NA,NA,"broad,dkfz,muse,sanger",4,COSN7325198,NA,NA,FALSE,0.4634,NA,38,44,NA,NA,NA,Intron,FALSE,FALSE,FALSE,FALSE,7,5,2,5_2,d4907a1b-8b06-47c5-8bca-c781d9cddaf8,"PTHLH,AC008011.2"
12,28153985,28153985,1,snv_mnv,NA,NA,"broad,dkfz,muse,sanger",4,COSN7325208,NA,MER41A,FALSE,0.5474,NA,75,62,NA,NA,NA,IGR,FALSE,FALSE,FALSE,FALSE,7,5,2,5_2,d4907a1b-8b06-47c5-8bca-c781d9cddaf8,NA
12,28767856,28767856,1,snv_mnv,NA,NA,"broad,dkfz,muse,sanger",4,COSN7325408,NA,NA,FALSE,0.2553,NA,36,105,NA,NA,NA,IGR,FALSE,FALSE,FALSE,FALSE,7,5,2,5_2,d4907a1b-8b06-47c5-8bca-c781d9cddaf8,NA
12,29605665,29605665,1,snv_mnv,NA,NA,"broad,dkfz,muse,sanger",4,COSN7325716,NA,NA,FALSE,0.1643,NA,23,117,NA,NA,NA,Intron,FALSE,FALSE,FALSE,FALSE,7,5,2,5_2,d4907a1b-8b06-47c5-8bca-c781d9cddaf8,NA
12,39227657,39227657,1,snv_mnv,NA,NA,"broad,dkfz,muse,sanger",4,COSN7369034,NA,L2a,FALSE,0.1818,NA,14,63,NA,NA,NA,Intron,FALSE,FALSE,FALSE,FALSE,3,2,1,2_1,d4907a1b-8b06-47c5-8bca-c781d9cddaf8,NA
12,39682754,39682754,1,snv_mnv,NA,NA,"broad,dkfz,muse,sanger",4,COSN7369266,rs780527622,HSMAR1,FALSE,0.1711,NA,13,63,NA,NA,NA,IGR,FALSE,FALSE,FALSE,FALSE,3,2,1,2_1,d4907a1b-8b06-47c5-8bca-c781d9cddaf8,KIF21A
12,41084093,41084093,1,snv_mnv,NA,NA,"broad,dkfz,muse,sanger",4,COSN7369881,NA,NA,FALSE,0.1392,NA,11,68,NA,NA,NA,5'Flank,FALSE,FALSE,FALSE,FALSE,3,2,1,2_1,d4907a1b-8b06-47c5-8bca-c781d9cddaf8,CNTN1
12,41112655,41112655,1,snv_mnv,NA,NA,"broad,dkfz,muse,sanger",4,COSN7369899,NA,NA,FALSE,0.2222,NA,14,49,NA,NA,NA,Intron,FALSE,FALSE,FALSE,FALSE,3,2,1,2_1,d4907a1b-8b06-47c5-8bca-c781d9cddaf8,NA
12,41196427,41196427,1,snv_mnv,1.9968e-4,rs147844380,"broad,dkfz,muse,sanger",4,COSN7369955,rs147844380,HSMAR2,FALSE,0.2192,NA,16,57,NA,NA,NA,Intron,FALSE,FALSE,FALSE,FALSE,3,2,1,2_1,d4907a1b-8b06-47c5-8bca-c781d9cddaf8,NA
12,41223149,41223149,1,snv_mnv,NA,NA,"broad,dkfz,muse,sanger",4,COSN7369975,NA,NA,FALSE,0.1705,NA,15,73,NA,NA,NA,Intron,FALSE,FALSE,FALSE,FALSE,3,2,1,2_1,d4907a1b-8b06-47c5-8bca-c781d9cddaf8,NA
12,41261246,41261246,1,snv_mnv,NA,NA,"broad,dkfz,muse,sanger",4,COSN7370005,NA,L1MA8,FALSE,0.172,NA,16,77,NA,NA,NA,Intron,FALSE,FALSE,FALSE,FALSE,3,2,1,2_1,d4907a1b-8b06-47c5-8bca-c781d9cddaf8,NA
12,41701666,41701666,1,snv_mnv,NA,NA,"broad,dkfz,muse,sanger",4,COSN7370260,NA,MIRb,FALSE,0.2963,NA,24,57,NA,NA,NA,Intron,FALSE,FALSE,FALSE,FALSE,3,2,1,2_1,d4907a1b-8b06-47c5-8bca-c781d9cddaf8,NA
12,41797500,41797500,1,snv_mnv,NA,NA,"broad,dkfz,muse,sanger",4,COSN7370308,NA,NA,FALSE,0.1667,NA,16,80,NA,NA,NA,Intron,FALSE,FALSE,FALSE,FALSE,3,2,1,2_1,d4907a1b-8b06-47c5-8bca-c781d9cddaf8,NA
12,42018883,42018883,1,snv_mnv,7.9872e-4,rs552908996,"broad,dkfz,muse,sanger",4,COSN7370440,rs552908996,L1ME1,FALSE,0.2333,NA,21,69,NA,NA,NA,IGR,FALSE,FALSE,FALSE,FALSE,3,2,1,2_1,d4907a1b-8b06-47c5-8bca-c781d9cddaf8,NA
12,42111352,42111352,1,snv_mnv,NA,NA,"broad,dkfz,muse,sanger",4,COSN7370497,NA,NA,FALSE,0.197,NA,13,53,NA,NA,NA,IGR,FALSE,FALSE,FALSE,FALSE,3,2,1,2_1,d4907a1b-8b06-47c5-8bca-c781d9cddaf8,NA
12,42321226,42321226,1,snv_mnv,NA,NA,"broad,dkfz,muse,sanger",4,COSN7370629,NA,L1ME3B,FALSE,0.1837,NA,18,80,NA,NA,NA,lincRNA,FALSE,FALSE,FALSE,FALSE,3,2,1,2_1,d4907a1b-8b06-47c5-8bca-c781d9cddaf8,NA
12,42390376,42390376,1,snv_mnv,1.9968e-4,rs563162739,"broad,dkfz,muse,sanger",4,COSN7370661,rs563162739,NA,FALSE,0.2113,NA,15,56,NA,NA,NA,IGR,FALSE,FALSE,FALSE,FALSE,3,2,1,2_1,d4907a1b-8b06-47c5-8bca-c781d9cddaf8,NA
12,43349481,43349481,1,snv_mnv,NA,NA,"broad,dkfz,muse,sanger",4,COSN7371000,NA,NA,FALSE,0.1408,NA,10,61,NA,NA,NA,IGR,FALSE,FALSE,FALSE,FALSE,3,2,1,2_1,d4907a1b-8b06-47c5-8bca-c781d9cddaf8,NA
12,45162820,45162820,1,snv_mnv,NA,NA,"broad,dkfz,muse,sanger",4,COSN7371688,NA,NA,FALSE,0.1264,NA,11,76,NA,NA,NA,Intron,FALSE,FALSE,FALSE,FALSE,3,2,1,2_1,d4907a1b-8b06-47c5-8bca-c781d9cddaf8,NA
12,45191660,45191660,1,snv_mnv,NA,NA,"broad,muse,sanger",3,COSN7371704,NA,NA,FALSE,0.0865,NA,9,95,NA,NA,NA,Intron,FALSE,FALSE,FALSE,FALSE,3,2,1,2_1,d4907a1b-8b06-47c5-8bca-c781d9cddaf8,NA
12,45272133,45272133,1,snv_mnv,NA,NA,"broad,dkfz,muse,sanger",4,COSN7371738,NA,Tigger13a,FALSE,0.3125,NA,25,55,NA,NA,NA,5'Flank,FALSE,FALSE,FALSE,FALSE,3,2,1,2_1,d4907a1b-8b06-47c5-8bca-c781d9cddaf8,"NELL2,RF00019"
12,45460292,45460292,1,snv_mnv,NA,NA,"broad,dkfz,muse,sanger",4,COSN7371818,NA,MSTA,FALSE,0.1566,NA,13,70,NA,NA,NA,RNA,FALSE,FALSE,FALSE,FALSE,3,2,1,2_1,d4907a1b-8b06-47c5-8bca-c781d9cddaf8,RACGAP1P
12,46184279,46184279,1,snv_mnv,NA,NA,"broad,dkfz,muse,sanger",4,COSN7371979,NA,L1MEg,FALSE,0.2979,NA,28,66,NA,NA,NA,Intron,FALSE,FALSE,FALSE,FALSE,3,2,1,2_1,d4907a1b-8b06-47c5-8bca-c781d9cddaf8,AC009464.1
12,46998347,46998347,1,snv_mnv,NA,NA,"broad,dkfz,muse,sanger",4,COSN7372161,NA,L1M2b,FALSE,0.1286,NA,9,61,NA,NA,NA,lincRNA,FALSE,FALSE,FALSE,FALSE,3,2,1,2_1,d4907a1b-8b06-47c5-8bca-c781d9cddaf8,NA
12,48348105,48348105,1,snv_mnv,NA,NA,"broad,dkfz,muse,sanger",4,COSN7372515,NA,NA,FALSE,0.2658,NA,21,58,NA,NA,NA,IGR,FALSE,FALSE,FALSE,FALSE,3,2,1,2_1,d4907a1b-8b06-47c5-8bca-c781d9cddaf8,NA
12,48415983,48415983,1,snv_mnv,NA,NA,"broad,dkfz,muse,sanger",4,COSN7372537,NA,NA,FALSE,0.1644,NA,12,61,NA,NA,NA,Intron,FALSE,FALSE,FALSE,FALSE,3,2,1,2_1,d4907a1b-8b06-47c5-8bca-c781d9cddaf8,NA
12,48668711,48668711,1,snv_mnv,NA,NA,"broad,muse,sanger",3,COSN7372600,NA,L1MC2,FALSE,0.3276,NA,19,39,NA,NA,NA,lincRNA,FALSE,FALSE,FALSE,FALSE,3,2,1,2_1,d4907a1b-8b06-47c5-8bca-c781d9cddaf8,NA
12,49226247,49226247,1,snv_mnv,NA,NA,"broad,dkfz,muse,sanger",4,COSM3772631,NA,NA,FALSE,0.25,NA,18,54,NA,NA,NA,Missense_Mutation,FALSE,FALSE,FALSE,FALSE,3,2,1,2_1,d4907a1b-8b06-47c5-8bca-c781d9cddaf8,"CACNB3,DDX23"
12,50615412,50615412,1,snv_mnv,NA,NA,"broad,dkfz,muse,sanger",4,COSN7373139,NA,NA,FALSE,0.3797,NA,30,49,NA,NA,NA,Intron,FALSE,FALSE,FALSE,FALSE,3,2,1,2_1,d4907a1b-8b06-47c5-8bca-c781d9cddaf8,"LIMA1,AC008147.3"
12,51084681,51084681,1,snv_mnv,NA,NA,"broad,dkfz,muse,sanger",4,COSN7373245,NA,L3,FALSE,0.3086,NA,25,56,NA,NA,NA,Intron,FALSE,FALSE,FALSE,FALSE,3,2,1,2_1,d4907a1b-8b06-47c5-8bca-c781d9cddaf8,DIP2B
12,51804401,51804401,1,snv_mnv,1.9968e-4,rs571900262,"broad,muse,sanger",3,COSN7373418,rs571900262,AluSq,FALSE,0.3291,NA,26,53,NA,NA,NA,Intron,FALSE,FALSE,FALSE,FALSE,3,2,1,2_1,d4907a1b-8b06-47c5-8bca-c781d9cddaf8,NA
12,52004007,52004007,1,snv_mnv,NA,NA,"broad,dkfz,muse,sanger",4,COSN7373468,NA,L1PBa,FALSE,0.2326,NA,10,33,NA,NA,NA,Intron,FALSE,FALSE,FALSE,FALSE,3,2,1,2_1,d4907a1b-8b06-47c5-8bca-c781d9cddaf8,NA
12,52494537,52494537,1,snv_mnv,NA,NA,"broad,muse,sanger",3,COSN7373588,NA,AluSp,FALSE,0.2353,NA,12,39,NA,NA,NA,RNA,FALSE,FALSE,FALSE,FALSE,3,2,1,2_1,d4907a1b-8b06-47c5-8bca-c781d9cddaf8,NA
12,52887784,52887784,1,snv_mnv,NA,NA,"broad,dkfz,muse,sanger",4,COSN7373711,NA,NA,FALSE,0.1412,NA,12,73,NA,NA,NA,5'Flank,FALSE,FALSE,FALSE,FALSE,3,2,1,2_1,d4907a1b-8b06-47c5-8bca-c781d9cddaf8,KRT6A
12,53744918,53744918,1,snv_mnv,NA,NA,"broad,dkfz,muse,sanger",4,COSN7373952,NA,AluSx1,FALSE,0.125,NA,7,49,NA,NA,NA,IGR,FALSE,FALSE,FALSE,FALSE,3,2,1,2_1,d4907a1b-8b06-47c5-8bca-c781d9cddaf8,NA
12,53846616,53846616,1,snv_mnv,NA,NA,"broad,dkfz,muse,sanger",4,COSN7373973,NA,NA,FALSE,0.2973,NA,11,26,NA,NA,NA,Intron,FALSE,FALSE,FALSE,FALSE,3,2,1,2_1,d4907a1b-8b06-47c5-8bca-c781d9cddaf8,PCBP2
12,55076084,55076084,1,snv_mnv,NA,NA,"broad,dkfz,muse,sanger",4,COSN7374314,NA,NA,FALSE,0.4026,NA,31,46,NA,NA,NA,lincRNA,FALSE,FALSE,FALSE,FALSE,3,2,1,2_1,d4907a1b-8b06-47c5-8bca-c781d9cddaf8,AC079310.1
12,55130282,55130282,1,snv_mnv,NA,NA,"broad,dkfz,muse,sanger",4,COSN7374337,NA,LTR7C,FALSE,0.3208,NA,17,36,NA,NA,NA,IGR,FALSE,FALSE,FALSE,FALSE,3,2,1,2_1,d4907a1b-8b06-47c5-8bca-c781d9cddaf8,NA
12,55612781,55612781,1,snv_mnv,NA,NA,"broad,dkfz,muse,sanger",4,COSN7374498,NA,NA,FALSE,0.1667,NA,14,70,NA,NA,NA,5'Flank,FALSE,FALSE,FALSE,FALSE,3,2,1,2_1,d4907a1b-8b06-47c5-8bca-c781d9cddaf8,NA
12,55679422,55679422,1,snv_mnv,NA,NA,"broad,dkfz,muse,sanger",4,COSN7374526,NA,AluSx,FALSE,0.36,NA,27,48,NA,NA,NA,IGR,FALSE,FALSE,FALSE,FALSE,3,2,1,2_1,d4907a1b-8b06-47c5-8bca-c781d9cddaf8,OR6C72P
12,56563327,56563327,1,snv_mnv,NA,NA,"broad,dkfz,muse",3,COSM3772689,NA,(CGG)n,FALSE,0.1356,NA,8,51,NA,NA,NA,Missense_Mutation,FALSE,FALSE,FALSE,FALSE,3,2,1,2_1,d4907a1b-8b06-47c5-8bca-c781d9cddaf8,SMARCC2
12,56801547,56801547,1,snv_mnv,NA,NA,"broad,dkfz,muse,sanger",4,COSN7374823,NA,MER52-int,FALSE,0.1429,NA,10,60,NA,NA,NA,IGR,FALSE,FALSE,FALSE,FALSE,3,2,1,2_1,d4907a1b-8b06-47c5-8bca-c781d9cddaf8,AC024884.2
12,56856866,56856866,1,snv_mnv,NA,NA,"broad,dkfz,muse,sanger",4,COSN7374833,rs761778582,NA,FALSE,0.2121,NA,14,52,NA,NA,NA,Intron,FALSE,FALSE,FALSE,FALSE,3,2,1,2_1,d4907a1b-8b06-47c5-8bca-c781d9cddaf8,NA
12,59012525,59012525,1,snv_mnv,NA,NA,"broad,dkfz,muse",3,COSN7375394,NA,(TAAA)n,FALSE,0.172,NA,16,77,NA,NA,NA,Intron,FALSE,FALSE,TRUE,FALSE,3,2,1,2_1,d4907a1b-8b06-47c5-8bca-c781d9cddaf8,NA
12,59089874,59089874,1,snv_mnv,NA,NA,"broad,dkfz,muse,sanger",4,COSN7375419,NA,THE1D,FALSE,0.1143,NA,8,62,NA,NA,NA,Intron,FALSE,FALSE,FALSE,FALSE,3,2,1,2_1,d4907a1b-8b06-47c5-8bca-c781d9cddaf8,NA
12,59547717,59547717,1,snv_mnv,NA,NA,"broad,dkfz,muse,sanger",4,COSN7375557,NA,Charlie4z,FALSE,0.0968,NA,9,84,NA,NA,NA,IGR,FALSE,FALSE,FALSE,FALSE,3,2,1,2_1,d4907a1b-8b06-47c5-8bca-c781d9cddaf8,NA
12,60012784,60012784,1,snv_mnv,NA,NA,"broad,dkfz,muse,sanger",4,COSN7375722,NA,NA,FALSE,0.1613,NA,10,52,NA,NA,NA,Intron,FALSE,FALSE,FALSE,FALSE,3,2,1,2_1,d4907a1b-8b06-47c5-8bca-c781d9cddaf8,NA
12,60606870,60606870,1,snv_mnv,NA,NA,"broad,dkfz,muse,sanger",4,COSN7375904,NA,THE1C-int,FALSE,0.1806,NA,13,59,NA,NA,NA,IGR,FALSE,FALSE,TRUE,FALSE,3,2,1,2_1,d4907a1b-8b06-47c5-8bca-c781d9cddaf8,AC087883.1
12,61341156,61341156,1,snv_mnv,3.9936e-4,rs564197793,"broad,dkfz,muse,sanger",4,COSN7376315,rs564197793,NA,FALSE,0.2059,NA,21,81,NA,NA,NA,IGR,FALSE,FALSE,FALSE,FALSE,3,2,1,2_1,d4907a1b-8b06-47c5-8bca-c781d9cddaf8,NA
12,61588274,61588274,1,snv_mnv,NA,NA,"broad,dkfz,muse,sanger",4,COSN7376510,NA,NA,FALSE,0.2237,NA,17,59,NA,NA,NA,IGR,FALSE,FALSE,FALSE,FALSE,3,2,1,2_1,d4907a1b-8b06-47c5-8bca-c781d9cddaf8,NA
12,61607255,61607255,1,snv_mnv,NA,NA,"broad,dkfz,muse,sanger",4,COSN7376526,NA,NA,FALSE,0.3059,NA,26,59,NA,NA,NA,IGR,FALSE,FALSE,TRUE,FALSE,3,2,1,2_1,d4907a1b-8b06-47c5-8bca-c781d9cddaf8,NA
12,61679502,61679502,1,snv_mnv,NA,NA,"broad,dkfz,muse,sanger",4,COSN7376588,NA,L1M4c,FALSE,0.3152,NA,29,63,NA,NA,NA,IGR,FALSE,FALSE,FALSE,FALSE,3,2,1,2_1,d4907a1b-8b06-47c5-8bca-c781d9cddaf8,NA
12,61686880,61686880,1,snv_mnv,NA,NA,"broad,dkfz,muse,sanger",4,COSN7376593,NA,MER5A,FALSE,0.2319,NA,16,53,NA,NA,NA,IGR,FALSE,FALSE,FALSE,FALSE,3,2,1,2_1,d4907a1b-8b06-47c5-8bca-c781d9cddaf8,NA
12,61732028,61732028,1,snv_mnv,NA,NA,"broad,dkfz,muse,sanger",4,COSN7376619,NA,NA,FALSE,0.16,NA,12,63,NA,NA,NA,IGR,FALSE,FALSE,FALSE,FALSE,3,2,1,2_1,d4907a1b-8b06-47c5-8bca-c781d9cddaf8,NA
12,61748599,61748599,1,snv_mnv,NA,NA,"broad,dkfz,muse,sanger",4,COSN7376632,NA,AluJr4,FALSE,0.2188,NA,14,50,NA,NA,NA,IGR,FALSE,FALSE,FALSE,FALSE,3,2,1,2_1,d4907a1b-8b06-47c5-8bca-c781d9cddaf8,NA
12,62554293,62554293,1,snv_mnv,NA,NA,"broad,dkfz,muse,sanger",4,COSN7377043,NA,L2c,FALSE,0.1548,NA,13,71,NA,NA,NA,Intron,FALSE,FALSE,FALSE,FALSE,3,2,1,2_1,d4907a1b-8b06-47c5-8bca-c781d9cddaf8,NA
12,64729069,64729069,1,snv_mnv,0.0017971,rs192517371,"broad,dkfz,muse,sanger",4,COSN7377605,rs192517371,AluSx1,FALSE,0.3134,NA,21,46,NA,NA,NA,Intron,FALSE,FALSE,FALSE,FALSE,3,2,1,2_1,d4907a1b-8b06-47c5-8bca-c781d9cddaf8,NA
12,66199536,66199536,1,snv_mnv,NA,NA,"broad,muse,sanger",3,COSN7377992,NA,AluY,FALSE,0.2923,NA,19,46,NA,NA,NA,RNA,FALSE,FALSE,FALSE,FALSE,3,2,1,2_1,d4907a1b-8b06-47c5-8bca-c781d9cddaf8,NA
12,67542876,67542876,1,snv_mnv,NA,NA,"broad,dkfz,muse,sanger",4,COSN7378399,NA,NA,FALSE,0.1474,NA,14,81,NA,NA,NA,IGR,FALSE,FALSE,FALSE,FALSE,3,2,1,2_1,d4907a1b-8b06-47c5-8bca-c781d9cddaf8,NA
12,69379541,69379541,1,snv_mnv,1.9968e-4,rs142981647,"broad,dkfz,muse,sanger",4,COSN7378837,rs142981647,MER57-int,FALSE,0.2763,NA,21,55,NA,NA,NA,IGR,FALSE,FALSE,FALSE,FALSE,3,2,1,2_1,d4907a1b-8b06-47c5-8bca-c781d9cddaf8,NA
12,69779366,69779366,1,snv_mnv,NA,NA,"broad,dkfz,muse,sanger",4,COSN7378933,NA,MIR,FALSE,0.2921,NA,26,63,NA,NA,NA,Intron,FALSE,FALSE,FALSE,FALSE,3,2,1,2_1,d4907a1b-8b06-47c5-8bca-c781d9cddaf8,NA
12,70093034,70093034,1,snv_mnv,NA,NA,"broad,dkfz,muse,sanger",4,COSN7378998,NA,NA,FALSE,0.1622,NA,12,62,NA,NA,NA,5'UTR,FALSE,FALSE,FALSE,FALSE,3,2,1,2_1,d4907a1b-8b06-47c5-8bca-c781d9cddaf8,NA
12,72226289,72226289,1,snv_mnv,NA,NA,"broad,dkfz,muse,sanger",4,COSN7379543,NA,L1MB3,FALSE,0.163,NA,15,77,NA,NA,NA,IGR,FALSE,FALSE,FALSE,FALSE,3,2,1,2_1,d4907a1b-8b06-47c5-8bca-c781d9cddaf8,AC089984.3
12,72950549,72950549,1,snv_mnv,NA,NA,"broad,dkfz,muse,sanger",4,COSN7379805,NA,NA,FALSE,0.1471,NA,10,58,NA,NA,NA,Intron,FALSE,FALSE,FALSE,FALSE,3,2,1,2_1,d4907a1b-8b06-47c5-8bca-c781d9cddaf8,TRHDE
12,73265885,73265885,1,snv_mnv,NA,NA,"broad,dkfz,muse,sanger",4,COSN7379972,NA,NA,FALSE,0.2,NA,17,68,NA,NA,NA,IGR,FALSE,FALSE,FALSE,FALSE,3,2,1,2_1,d4907a1b-8b06-47c5-8bca-c781d9cddaf8,NA
12,73517849,73517849,1,snv_mnv,NA,NA,"broad,dkfz,muse,sanger",4,COSN7380141,NA,Tigger12A,FALSE,0.15310000000000001,NA,15,83,NA,NA,NA,RNA,FALSE,FALSE,FALSE,FALSE,3,2,1,2_1,d4907a1b-8b06-47c5-8bca-c781d9cddaf8,AC090503.2
12,73642206,73642206,1,snv_mnv,NA,NA,"broad,dkfz,muse,sanger",4,COSN7380232,NA,THE1B-int,FALSE,0.1348,NA,12,77,NA,NA,NA,IGR,FALSE,FALSE,FALSE,FALSE,3,2,1,2_1,d4907a1b-8b06-47c5-8bca-c781d9cddaf8,NA
12,73946955,73946955,1,snv_mnv,NA,NA,"broad,dkfz,muse,sanger",4,COSN7380428,NA,NA,FALSE,0.2958,NA,21,50,NA,NA,NA,IGR,FALSE,FALSE,FALSE,FALSE,3,2,1,2_1,d4907a1b-8b06-47c5-8bca-c781d9cddaf8,NA
12,73966939,73966939,1,snv_mnv,NA,NA,"broad,dkfz,muse,sanger",4,COSN7380443,NA,L1P2,FALSE,0.1803,NA,11,50,NA,NA,NA,IGR,FALSE,FALSE,FALSE,FALSE,3,2,1,2_1,d4907a1b-8b06-47c5-8bca-c781d9cddaf8,NA
12,74052067,74052067,1,snv_mnv,NA,NA,"broad,muse,sanger",3,COSN7380483,NA,LTR44,FALSE,0.3714,NA,26,44,NA,NA,NA,IGR,FALSE,FALSE,FALSE,FALSE,3,2,1,2_1,d4907a1b-8b06-47c5-8bca-c781d9cddaf8,NA
12,75367231,75367231,1,snv_mnv,NA,NA,"broad,dkfz,muse,sanger",4,COSN7381053,NA,NA,FALSE,0.2118,NA,18,67,NA,NA,NA,IGR,FALSE,FALSE,FALSE,FALSE,3,2,1,2_1,d4907a1b-8b06-47c5-8bca-c781d9cddaf8,NA
12,77685188,77685188,1,snv_mnv,NA,NA,"broad,dkfz,muse,sanger",4,COSN7381716,NA,L1PA7,FALSE,0.3,NA,21,49,NA,NA,NA,IGR,FALSE,FALSE,FALSE,FALSE,3,2,1,2_1,d4907a1b-8b06-47c5-8bca-c781d9cddaf8,NA
12,77951777,77951777,1,snv_mnv,NA,NA,"broad,dkfz,muse,sanger",4,COSN7381809,NA,MER20B,FALSE,0.1905,NA,16,68,NA,NA,NA,5'Flank,FALSE,FALSE,FALSE,FALSE,3,2,1,2_1,d4907a1b-8b06-47c5-8bca-c781d9cddaf8,NA
12,78117102,78117102,1,snv_mnv,NA,NA,"broad,dkfz,muse,sanger",4,COSN7381872,NA,NA,FALSE,0.1685,NA,15,74,NA,NA,NA,IGR,FALSE,FALSE,TRUE,FALSE,3,2,1,2_1,d4907a1b-8b06-47c5-8bca-c781d9cddaf8,NA
12,78683685,78683685,1,snv_mnv,NA,NA,"broad,dkfz,muse,sanger",4,COSN7382076,NA,NA,FALSE,0.2041,NA,20,78,NA,NA,NA,IGR,FALSE,FALSE,FALSE,FALSE,3,2,1,2_1,d4907a1b-8b06-47c5-8bca-c781d9cddaf8,NA
12,79397897,79397897,1,snv_mnv,NA,NA,"broad,dkfz,muse,sanger",4,COSN7382456,NA,NA,FALSE,0.28,NA,21,54,NA,NA,NA,Intron,FALSE,FALSE,FALSE,FALSE,3,2,1,2_1,d4907a1b-8b06-47c5-8bca-c781d9cddaf8,NA
12,79661433,79661433,1,snv_mnv,NA,NA,"broad,dkfz,muse,sanger",4,COSN7382568,NA,NA,FALSE,0.1975,NA,16,65,NA,NA,NA,Intron,FALSE,FALSE,TRUE,FALSE,3,2,1,2_1,d4907a1b-8b06-47c5-8bca-c781d9cddaf8,NA
12,80032841,80032841,1,snv_mnv,NA,NA,"broad,muse,sanger",3,COSN7382695,NA,AluSg,FALSE,0.36,NA,9,16,NA,NA,NA,Intron,FALSE,FALSE,FALSE,FALSE,3,2,1,2_1,d4907a1b-8b06-47c5-8bca-c781d9cddaf8,NA
12,80867416,80867416,1,snv_mnv,NA,NA,"broad,dkfz,muse,sanger",4,COSN7382927,NA,NA,FALSE,0.1375,NA,11,69,NA,NA,NA,Intron,FALSE,FALSE,FALSE,FALSE,3,2,1,2_1,d4907a1b-8b06-47c5-8bca-c781d9cddaf8,NA
12,81206852,81206852,1,snv_mnv,0.0019968,rs181709973,"broad,muse,sanger",3,COSN7383080,rs181709973,AluY,FALSE,0.3014,NA,22,51,NA,NA,NA,Intron,FALSE,FALSE,FALSE,FALSE,3,2,1,2_1,d4907a1b-8b06-47c5-8bca-c781d9cddaf8,NA
12,81410646,81410646,1,snv_mnv,NA,NA,"broad,dkfz,muse,sanger",4,COSN7383162,NA,NA,FALSE,0.2388,NA,16,51,NA,NA,NA,IGR,FALSE,FALSE,FALSE,FALSE,3,2,1,2_1,d4907a1b-8b06-47c5-8bca-c781d9cddaf8,NA
12,81548314,81548314,1,snv_mnv,NA,NA,"broad,dkfz,muse,sanger",4,COSN7383253,NA,NA,FALSE,0.2637,NA,24,67,NA,NA,NA,Intron,FALSE,FALSE,FALSE,FALSE,3,2,1,2_1,d4907a1b-8b06-47c5-8bca-c781d9cddaf8,MIR4699
12,81566723,81566723,1,snv_mnv,NA,NA,"broad,dkfz,muse,sanger",4,COSN7383268,NA,NA,FALSE,0.1538,NA,14,77,NA,NA,NA,Intron,FALSE,FALSE,FALSE,FALSE,3,2,1,2_1,d4907a1b-8b06-47c5-8bca-c781d9cddaf8,ACSS3
12,84221512,84221512,1,snv_mnv,NA,NA,"broad,dkfz,muse,sanger",4,COSN7384224,rs763742556,MER61A,FALSE,0.3378,NA,25,49,NA,NA,NA,IGR,FALSE,FALSE,FALSE,FALSE,3,2,1,2_1,d4907a1b-8b06-47c5-8bca-c781d9cddaf8,NA
12,84271596,84271596,1,snv_mnv,NA,NA,"broad,dkfz,muse,sanger",4,COSN7384244,NA,ERVL-E-int,FALSE,0.169,NA,12,59,NA,NA,NA,IGR,FALSE,FALSE,FALSE,FALSE,3,2,1,2_1,d4907a1b-8b06-47c5-8bca-c781d9cddaf8,NA
12,84282690,84282690,1,snv_mnv,NA,NA,"broad,dkfz,muse,sanger",4,COSN7384251,NA,NA,FALSE,0.1111,NA,8,64,NA,NA,NA,IGR,FALSE,FALSE,FALSE,FALSE,3,2,1,2_1,d4907a1b-8b06-47c5-8bca-c781d9cddaf8,NA
12,84481868,84481868,1,snv_mnv,NA,NA,"broad,dkfz,muse,sanger",4,COSN7384321,NA,L1MB3,FALSE,0.2174,NA,20,72,NA,NA,NA,IGR,FALSE,FALSE,FALSE,FALSE,3,2,1,2_1,d4907a1b-8b06-47c5-8bca-c781d9cddaf8,NA
12,84573832,84573832,1,snv_mnv,NA,NA,"broad,dkfz,muse,sanger",4,COSN7384376,NA,NA,FALSE,0.1609,NA,14,73,NA,NA,NA,IGR,FALSE,FALSE,FALSE,FALSE,3,2,1,2_1,d4907a1b-8b06-47c5-8bca-c781d9cddaf8,RF00334
12,84820296,84820296,1,snv_mnv,NA,NA,"broad,dkfz,muse,sanger",4,COSN7384527,NA,NA,FALSE,0.3429,NA,24,46,NA,NA,NA,IGR,FALSE,FALSE,FALSE,FALSE,3,2,1,2_1,d4907a1b-8b06-47c5-8bca-c781d9cddaf8,NA
12,84876249,84876249,1,snv_mnv,5.9904e-4,rs148304779,"broad,dkfz,muse,sanger",4,COSN7384559,rs148304779,NA,FALSE,0.2558,NA,22,64,NA,NA,NA,IGR,FALSE,FALSE,FALSE,FALSE,3,2,1,2_1,d4907a1b-8b06-47c5-8bca-c781d9cddaf8,NA
12,85540941,85540941,1,snv_mnv,NA,NA,"broad,dkfz,muse,sanger",4,COSN7384930,NA,HERVL40-int,FALSE,0.1304,NA,12,80,NA,NA,NA,Intron,FALSE,FALSE,FALSE,FALSE,3,2,1,2_1,d4907a1b-8b06-47c5-8bca-c781d9cddaf8,NA
12,86438962,86438962,1,snv_mnv,NA,NA,"broad,dkfz,muse,sanger",4,COSN7385199,NA,L1P4e,FALSE,0.2429,NA,17,53,NA,NA,NA,Intron,FALSE,FALSE,FALSE,FALSE,3,2,1,2_1,d4907a1b-8b06-47c5-8bca-c781d9cddaf8,MGAT4C
12,86461323,86461323,1,snv_mnv,NA,NA,"broad,dkfz,muse,sanger",4,COSN7385214,NA,L1PA7,FALSE,0.2727,NA,15,40,NA,NA,NA,Intron,FALSE,FALSE,FALSE,FALSE,3,2,1,2_1,d4907a1b-8b06-47c5-8bca-c781d9cddaf8,MGAT4C
12,87382429,87382429,1,snv_mnv,NA,NA,"broad,dkfz,muse,sanger",4,COSN7385698,NA,NA,FALSE,0.1461,NA,13,76,NA,NA,NA,IGR,FALSE,FALSE,FALSE,FALSE,3,2,1,2_1,d4907a1b-8b06-47c5-8bca-c781d9cddaf8,NA
12,87529118,87529118,1,snv_mnv,NA,NA,"broad,muse,sanger",3,COSN7385778,NA,AluY,FALSE,0.1373,NA,7,44,NA,NA,NA,IGR,FALSE,FALSE,FALSE,FALSE,3,2,1,2_1,d4907a1b-8b06-47c5-8bca-c781d9cddaf8,NA
12,87680813,87680813,1,snv_mnv,NA,NA,"broad,dkfz,muse,sanger",4,COSN7385852,rs78388853,LTR42,FALSE,0.1864,NA,11,48,NA,NA,NA,IGR,FALSE,FALSE,FALSE,FALSE,3,2,1,2_1,d4907a1b-8b06-47c5-8bca-c781d9cddaf8,NA
12,88029918,88029918,1,snv_mnv,NA,NA,"broad,dkfz,muse,sanger",4,COSN7385972,NA,L1MEf,FALSE,0.1429,NA,14,84,NA,NA,NA,IGR,FALSE,FALSE,FALSE,FALSE,3,2,1,2_1,d4907a1b-8b06-47c5-8bca-c781d9cddaf8,NA
12,88071625,88071625,1,snv_mnv,NA,NA,"broad,dkfz,muse,sanger",4,COSN7385987,NA,AluSz,FALSE,0.2133,NA,16,59,NA,NA,NA,IGR,FALSE,FALSE,FALSE,FALSE,3,2,1,2_1,d4907a1b-8b06-47c5-8bca-c781d9cddaf8,NA
12,89718036,89718036,1,snv_mnv,NA,NA,"broad,dkfz,muse,sanger",4,COSN7386432,NA,NA,FALSE,0.2639,NA,19,53,NA,NA,NA,IGR,FALSE,FALSE,FALSE,FALSE,3,2,1,2_1,d4907a1b-8b06-47c5-8bca-c781d9cddaf8,MRPS6P4
12,90888940,90888940,1,snv_mnv,NA,NA,"broad,dkfz,muse,sanger",4,COSN7386744,NA,NA,FALSE,0.1061,NA,7,59,NA,NA,NA,IGR,FALSE,FALSE,FALSE,FALSE,3,2,1,2_1,d4907a1b-8b06-47c5-8bca-c781d9cddaf8,NA
12,91166221,91166221,1,snv_mnv,NA,NA,"broad,dkfz,muse,sanger",4,COSN7386832,NA,L1ME1,FALSE,0.3733,NA,28,47,NA,NA,NA,IGR,FALSE,FALSE,FALSE,FALSE,3,2,1,2_1,d4907a1b-8b06-47c5-8bca-c781d9cddaf8,NA
12,91217878,91217878,1,snv_mnv,NA,NA,"broad,dkfz,muse,sanger",4,COSN7386846,rs567917956,LTR12D,FALSE,0.1528,NA,11,61,NA,NA,NA,IGR,FALSE,FALSE,FALSE,FALSE,3,2,1,2_1,d4907a1b-8b06-47c5-8bca-c781d9cddaf8,NA
12,91450312,91450312,1,snv_mnv,NA,NA,"broad,dkfz,muse,sanger",4,COSN7386914,NA,NA,FALSE,0.3258,NA,29,60,NA,NA,NA,Intron,FALSE,FALSE,FALSE,FALSE,3,2,1,2_1,d4907a1b-8b06-47c5-8bca-c781d9cddaf8,NA
12,92809427,92809427,1,snv_mnv,NA,NA,"broad,dkfz,muse,sanger",4,COSN7387279,NA,NA,FALSE,0.1789,NA,17,78,NA,NA,NA,IGR,FALSE,FALSE,TRUE,FALSE,3,2,1,2_1,d4907a1b-8b06-47c5-8bca-c781d9cddaf8,CLLU1OS
12,93176791,93176791,1,snv_mnv,NA,NA,"broad,dkfz,muse,sanger",4,COSN7387388,NA,MER21A,FALSE,0.1633,NA,16,82,NA,NA,NA,Intron,FALSE,FALSE,FALSE,FALSE,3,2,1,2_1,d4907a1b-8b06-47c5-8bca-c781d9cddaf8,NA
12,93631737,93631737,1,snv_mnv,1.9968e-4,rs570154985,"broad,dkfz,muse",3,COSN7387478,rs570154985,NA,FALSE,0.1642,NA,11,56,NA,NA,NA,IGR,FALSE,FALSE,FALSE,FALSE,3,2,1,2_1,d4907a1b-8b06-47c5-8bca-c781d9cddaf8,NA
12,93670147,93670147,1,snv_mnv,NA,NA,"broad,dkfz,muse,sanger",4,COSN7387515,NA,AluSx1,FALSE,0.1667,NA,10,50,NA,NA,NA,IGR,FALSE,FALSE,FALSE,FALSE,3,2,1,2_1,d4907a1b-8b06-47c5-8bca-c781d9cddaf8,NA
12,97017802,97017802,1,snv_mnv,NA,NA,"broad,dkfz,muse,sanger",4,COSN7388261,NA,MIRc,FALSE,0.28,NA,28,72,NA,NA,NA,Intron,FALSE,FALSE,FALSE,FALSE,3,2,1,2_1,d4907a1b-8b06-47c5-8bca-c781d9cddaf8,NA
12,97073921,97073921,1,snv_mnv,NA,NA,"broad,dkfz,muse,sanger",4,COSN7388278,NA,NA,FALSE,0.122,NA,10,72,NA,NA,NA,Intron,FALSE,FALSE,TRUE,FALSE,3,2,1,2_1,d4907a1b-8b06-47c5-8bca-c781d9cddaf8,NA
12,97227107,97227107,1,snv_mnv,NA,NA,"broad,dkfz,muse,sanger",4,COSN7388336,NA,NA,FALSE,0.1429,NA,11,66,NA,NA,NA,Intron,FALSE,FALSE,FALSE,FALSE,3,2,1,2_1,d4907a1b-8b06-47c5-8bca-c781d9cddaf8,NA
12,97938734,97938734,1,snv_mnv,NA,NA,"broad,dkfz,muse,sanger",4,COSN7388634,NA,MIRb,FALSE,0.2135,NA,19,70,NA,NA,NA,RNA,FALSE,FALSE,FALSE,FALSE,3,2,1,2_1,d4907a1b-8b06-47c5-8bca-c781d9cddaf8,NA
12,98508819,98508819,1,snv_mnv,NA,NA,"broad,dkfz,muse,sanger",4,COSN7388781,NA,NA,FALSE,0.2923,NA,19,46,NA,NA,NA,lincRNA,FALSE,FALSE,FALSE,FALSE,3,2,1,2_1,d4907a1b-8b06-47c5-8bca-c781d9cddaf8,NA
12,99265109,99265109,1,snv_mnv,NA,NA,"broad,dkfz,muse,sanger",4,COSN7389013,NA,NA,FALSE,0.1698,NA,18,88,NA,NA,NA,Intron,FALSE,FALSE,FALSE,FALSE,3,2,1,2_1,d4907a1b-8b06-47c5-8bca-c781d9cddaf8,NA
12,101100620,101100620,1,snv_mnv,1.9968e-4,rs529511152,"broad,dkfz,muse,sanger",4,COSN7307090,rs529511152,MLT1K,FALSE,0.3333,NA,22,44,NA,NA,NA,IGR,FALSE,FALSE,FALSE,FALSE,3,2,1,2_1,d4907a1b-8b06-47c5-8bca-c781d9cddaf8,NA
12,101759615,101759615,1,snv_mnv,NA,NA,"broad,dkfz,muse,sanger",4,COSN7307294,NA,NA,FALSE,0.3117,NA,24,53,NA,NA,NA,Intron,FALSE,FALSE,FALSE,FALSE,3,2,1,2_1,d4907a1b-8b06-47c5-8bca-c781d9cddaf8,NA
12,102049416,102049416,1,snv_mnv,NA,NA,"broad,dkfz,muse,sanger",4,COSN7307372,NA,L1MCa,FALSE,0.1299,NA,10,67,NA,NA,NA,Intron,FALSE,FALSE,FALSE,FALSE,3,2,1,2_1,d4907a1b-8b06-47c5-8bca-c781d9cddaf8,"AC117505.1,MYBPC1"
12,103093803,103093803,1,snv_mnv,NA,NA,"broad,dkfz,muse,sanger",4,COSN7307649,NA,L1MA2,FALSE,0.1757,NA,13,61,NA,NA,NA,IGR,FALSE,FALSE,FALSE,FALSE,3,2,1,2_1,d4907a1b-8b06-47c5-8bca-c781d9cddaf8,NA
12,103378678,103378678,1,snv_mnv,NA,NA,"broad,dkfz,muse,sanger",4,COSN7307770,NA,NA,FALSE,0.1429,NA,13,78,NA,NA,NA,IGR,FALSE,FALSE,FALSE,FALSE,3,2,1,2_1,d4907a1b-8b06-47c5-8bca-c781d9cddaf8,NA
12,106308088,106308088,1,snv_mnv,NA,NA,"broad,dkfz,muse,sanger",4,COSN7308625,NA,NA,FALSE,0.2976,NA,25,59,NA,NA,NA,IGR,FALSE,FALSE,FALSE,FALSE,3,2,1,2_1,d4907a1b-8b06-47c5-8bca-c781d9cddaf8,NA
12,106388033,106388033,1,snv_mnv,NA,NA,"broad,dkfz,muse,sanger",4,COSN7308653,NA,NA,FALSE,0.1475,NA,9,52,NA,NA,NA,IGR,FALSE,FALSE,FALSE,FALSE,3,2,1,2_1,d4907a1b-8b06-47c5-8bca-c781d9cddaf8,NA
12,107212449,107212449,1,snv_mnv,NA,NA,"broad,dkfz,muse,sanger",4,COSN7308873,NA,AluJr,FALSE,0.2022,NA,18,71,NA,NA,NA,Intron,FALSE,FALSE,FALSE,FALSE,3,2,1,2_1,d4907a1b-8b06-47c5-8bca-c781d9cddaf8,RIC8B
12,107819597,107819597,1,snv_mnv,NA,NA,"broad,dkfz,muse",3,COSN7309073,NA,NA,FALSE,0.1607,NA,9,47,NA,NA,NA,Intron,FALSE,FALSE,FALSE,FALSE,3,2,1,2_1,d4907a1b-8b06-47c5-8bca-c781d9cddaf8,NA
12,108282864,108282864,1,snv_mnv,NA,NA,"broad,dkfz,muse,sanger",4,COSN7309251,NA,NA,FALSE,0.1045,NA,7,60,NA,NA,NA,IGR,FALSE,FALSE,FALSE,FALSE,3,2,1,2_1,d4907a1b-8b06-47c5-8bca-c781d9cddaf8,NA
12,108365736,108365736,1,snv_mnv,NA,NA,"broad,dkfz,muse,sanger",4,COSN7309295,NA,MIRb,FALSE,0.1639,NA,10,51,NA,NA,NA,IGR,FALSE,FALSE,FALSE,FALSE,3,2,1,2_1,d4907a1b-8b06-47c5-8bca-c781d9cddaf8,NA
12,108692822,108692822,1,snv_mnv,NA,NA,"broad,dkfz,muse,sanger",4,COSN7309396,NA,MIR,FALSE,0.1475,NA,9,52,NA,NA,NA,Intron,FALSE,FALSE,FALSE,FALSE,3,2,1,2_1,d4907a1b-8b06-47c5-8bca-c781d9cddaf8,NA
12,108733146,108733146,1,snv_mnv,NA,NA,"broad,dkfz,muse,sanger",4,COSN7309411,NA,NA,FALSE,0.38,NA,19,31,NA,NA,NA,5'Flank,FALSE,FALSE,FALSE,FALSE,3,2,1,2_1,d4907a1b-8b06-47c5-8bca-c781d9cddaf8,CMKLR1
12,109653343,109653343,1,snv_mnv,3.9936e-4,rs181471815,"broad,dkfz,muse,sanger",4,COSN7309662,rs181471815,AluY,FALSE,0.2286,NA,16,54,NA,NA,NA,Intron,FALSE,FALSE,FALSE,FALSE,3,2,1,2_1,d4907a1b-8b06-47c5-8bca-c781d9cddaf8,NA
12,109808630,109808630,1,snv_mnv,NA,NA,"broad,dkfz,muse,sanger",4,COSN7309706,NA,L2b,FALSE,0.1549,NA,11,60,NA,NA,NA,Intron,FALSE,FALSE,FALSE,FALSE,3,2,1,2_1,d4907a1b-8b06-47c5-8bca-c781d9cddaf8,NA
12,109856378,109856378,1,snv_mnv,1.9968e-4,rs569860745,"broad,dkfz,muse,sanger",4,COSN7309723,rs569860745,AluY,FALSE,0.1642,NA,11,56,NA,NA,NA,Intron,FALSE,FALSE,FALSE,FALSE,3,2,1,2_1,d4907a1b-8b06-47c5-8bca-c781d9cddaf8,NA
12,110369880,110369880,1,snv_mnv,NA,NA,"broad,dkfz,muse,sanger",4,COSN7309819,NA,NA,FALSE,0.3,NA,21,49,NA,NA,NA,3'UTR,FALSE,FALSE,FALSE,FALSE,3,2,1,2_1,d4907a1b-8b06-47c5-8bca-c781d9cddaf8,"GIT2,TCHP"
12,110851133,110851133,1,snv_mnv,NA,NA,"broad,dkfz,muse,sanger",4,COSN7309917,NA,MIR,FALSE,0.1356,NA,8,51,NA,NA,NA,RNA,FALSE,FALSE,FALSE,FALSE,3,2,1,2_1,d4907a1b-8b06-47c5-8bca-c781d9cddaf8,NA
12,111546972,111546972,1,snv_mnv,0.0025959,rs140343868,"broad,dkfz,muse,sanger",4,COSN7310115,rs140343868,L1MC5,FALSE,0.3103,NA,18,40,NA,NA,NA,Intron,FALSE,FALSE,FALSE,FALSE,3,2,1,2_1,d4907a1b-8b06-47c5-8bca-c781d9cddaf8,NA
12,111580788,111580788,1,snv_mnv,NA,NA,"broad,dkfz,muse,sanger",4,COSN7310124,NA,NA,FALSE,0.1846,NA,12,53,NA,NA,NA,Intron,FALSE,FALSE,FALSE,FALSE,3,2,1,2_1,d4907a1b-8b06-47c5-8bca-c781d9cddaf8,NA
12,111769656,111769656,1,snv_mnv,NA,NA,"broad,dkfz,muse,sanger",4,COSN7310197,NA,AluSz,FALSE,0.2241,NA,13,45,NA,NA,NA,Intron,FALSE,FALSE,FALSE,FALSE,3,2,1,2_1,d4907a1b-8b06-47c5-8bca-c781d9cddaf8,NA
12,113416443,113416443,1,snv_mnv,NA,NA,"broad,dkfz,muse,sanger",4,COSM3772260,NA,NA,FALSE,0.3667,NA,22,38,NA,NA,NA,Silent,FALSE,FALSE,FALSE,FALSE,3,2,1,2_1,d4907a1b-8b06-47c5-8bca-c781d9cddaf8,NA
12,114539384,114539384,1,snv_mnv,NA,NA,"broad,muse,sanger",3,COSN7310956,NA,L1PA7,FALSE,0.1786,NA,15,69,NA,NA,NA,lincRNA,FALSE,FALSE,FALSE,FALSE,3,2,1,2_1,d4907a1b-8b06-47c5-8bca-c781d9cddaf8,"HAUS8P1,GLULP5"
12,114744240,114744240,1,snv_mnv,NA,NA,"broad,dkfz,muse,sanger",4,COSN7311071,NA,NA,FALSE,0.338,NA,24,47,NA,NA,NA,IGR,FALSE,FALSE,TRUE,FALSE,3,2,1,2_1,d4907a1b-8b06-47c5-8bca-c781d9cddaf8,NA
12,115032302,115032302,1,snv_mnv,NA,NA,"broad,dkfz,muse,sanger",4,COSN7311245,NA,L1PA8,FALSE,0.1618,NA,11,57,NA,NA,NA,IGR,FALSE,FALSE,FALSE,FALSE,3,2,1,2_1,d4907a1b-8b06-47c5-8bca-c781d9cddaf8,NA
12,115306502,115306502,1,snv_mnv,NA,NA,"broad,dkfz,muse,sanger",4,COSN7311416,NA,NA,FALSE,0.1139,NA,9,70,NA,NA,NA,IGR,FALSE,FALSE,FALSE,FALSE,3,2,1,2_1,d4907a1b-8b06-47c5-8bca-c781d9cddaf8,NA
12,115772540,115772540,1,snv_mnv,NA,NA,"broad,dkfz,muse,sanger",4,COSN7311657,NA,GA-rich,FALSE,0.1882,NA,16,69,NA,NA,NA,IGR,FALSE,FALSE,FALSE,FALSE,3,2,1,2_1,d4907a1b-8b06-47c5-8bca-c781d9cddaf8,AC078880.5
12,116386021,116386021,1,snv_mnv,NA,NA,"broad,dkfz,muse,sanger",4,COSN7311953,NA,L2a,FALSE,0.2051,NA,8,31,NA,NA,NA,IGR,FALSE,FALSE,FALSE,FALSE,3,2,1,2_1,d4907a1b-8b06-47c5-8bca-c781d9cddaf8,NA
12,117121962,117121962,1,snv_mnv,NA,NA,"broad,dkfz,muse,sanger",4,COSN7312121,NA,AluSc,FALSE,0.2241,NA,13,45,NA,NA,NA,lincRNA,FALSE,FALSE,FALSE,FALSE,3,2,1,2_1,d4907a1b-8b06-47c5-8bca-c781d9cddaf8,NA
12,117651570,117651570,1,snv_mnv,NA,NA,"broad,dkfz,muse,sanger",4,COSN7312258,NA,NA,FALSE,0.4024,NA,33,49,NA,NA,NA,3'UTR,FALSE,FALSE,FALSE,FALSE,3,2,1,2_1,d4907a1b-8b06-47c5-8bca-c781d9cddaf8,NOS1
12,117787829,117787829,1,snv_mnv,NA,NA,"broad,dkfz,muse,sanger",4,COSN7312313,NA,AluJo,FALSE,0.1967,NA,12,49,NA,NA,NA,Intron,FALSE,FALSE,FALSE,FALSE,3,2,1,2_1,d4907a1b-8b06-47c5-8bca-c781d9cddaf8,NA
12,117839530,117839530,1,snv_mnv,NA,NA,"broad,dkfz,muse,sanger",4,COSN7312332,NA,MIRb,FALSE,0.1566,NA,13,70,NA,NA,NA,Intron,FALSE,FALSE,FALSE,FALSE,3,2,1,2_1,d4907a1b-8b06-47c5-8bca-c781d9cddaf8,NA
12,119693047,119693047,1,snv_mnv,NA,NA,"broad,dkfz,muse,sanger",4,COSN7313033,NA,AluSz,FALSE,0.2632,NA,20,56,NA,NA,NA,RNA,FALSE,FALSE,FALSE,FALSE,3,2,1,2_1,d4907a1b-8b06-47c5-8bca-c781d9cddaf8,NA
12,119837294,119837294,1,snv_mnv,0.0017971,rs558572848,"broad,dkfz,muse,sanger",4,COSN7313105,rs558572848,NA,FALSE,0.3256,NA,28,58,NA,NA,NA,Intron,FALSE,FALSE,FALSE,FALSE,3,2,1,2_1,d4907a1b-8b06-47c5-8bca-c781d9cddaf8,NA
12,120400676,120400676,1,snv_mnv,NA,NA,"broad,dkfz,muse,sanger",4,COSN7313252,NA,AluSz,FALSE,0.2388,NA,16,51,NA,NA,NA,IGR,FALSE,FALSE,FALSE,FALSE,3,2,1,2_1,d4907a1b-8b06-47c5-8bca-c781d9cddaf8,RPL35AP30
12,121744118,121744118,1,snv_mnv,NA,NA,"broad,dkfz,muse,sanger",4,COSN7313574,NA,NA,FALSE,0.1235,NA,10,71,NA,NA,NA,IGR,FALSE,FALSE,FALSE,FALSE,3,2,1,2_1,d4907a1b-8b06-47c5-8bca-c781d9cddaf8,ANAPC5
12,122016090,122016090,1,snv_mnv,NA,NA,"broad,dkfz,muse,sanger",4,COSN7313636,rs782142055,NA,FALSE,0.2182,NA,12,43,NA,NA,NA,Intron,FALSE,FALSE,FALSE,FALSE,3,2,1,2_1,d4907a1b-8b06-47c5-8bca-c781d9cddaf8,AC145422.1
12,122312115,122312115,1,snv_mnv,NA,NA,"broad,dkfz,muse,sanger",4,COSN7313694,NA,MIR3,FALSE,0.2121,NA,14,52,NA,NA,NA,IGR,FALSE,FALSE,TRUE,FALSE,3,2,1,2_1,d4907a1b-8b06-47c5-8bca-c781d9cddaf8,NA
12,125488065,125488065,1,snv_mnv,NA,NA,"broad,dkfz,muse,sanger",4,COSN7314395,NA,L1MC5,FALSE,0.2338,NA,18,59,NA,NA,NA,Intron,FALSE,FALSE,FALSE,FALSE,3,2,1,2_1,d4907a1b-8b06-47c5-8bca-c781d9cddaf8,NA
12,126078372,126078372,1,snv_mnv,NA,NA,"broad,dkfz,muse,sanger",4,COSN7314584,NA,NA,FALSE,0.3333,NA,27,54,NA,NA,NA,Intron,FALSE,FALSE,FALSE,FALSE,3,2,1,2_1,d4907a1b-8b06-47c5-8bca-c781d9cddaf8,NA
12,126314642,126314642,1,snv_mnv,NA,NA,"broad,dkfz,muse,sanger",4,COSN7314701,NA,NA,FALSE,0.1667,NA,14,70,NA,NA,NA,IGR,FALSE,FALSE,FALSE,FALSE,3,2,1,2_1,d4907a1b-8b06-47c5-8bca-c781d9cddaf8,NA
12,127055870,127055870,1,snv_mnv,NA,NA,"broad,dkfz,muse,sanger",4,COSN7315039,NA,NA,FALSE,0.2297,NA,17,57,NA,NA,NA,IGR,FALSE,FALSE,FALSE,FALSE,3,2,1,2_1,d4907a1b-8b06-47c5-8bca-c781d9cddaf8,NA
12,127069879,127069879,1,snv_mnv,NA,NA,"broad,dkfz,muse,sanger",4,COSN7315049,NA,NA,FALSE,0.1264,NA,11,76,NA,NA,NA,IGR,FALSE,FALSE,FALSE,FALSE,3,2,1,2_1,d4907a1b-8b06-47c5-8bca-c781d9cddaf8,NA
12,127196215,127196215,1,snv_mnv,NA,NA,"broad,dkfz,muse,sanger",4,COSN7315125,NA,NA,FALSE,0.3125,NA,25,55,NA,NA,NA,IGR,FALSE,FALSE,FALSE,FALSE,3,2,1,2_1,d4907a1b-8b06-47c5-8bca-c781d9cddaf8,NA
12,127492227,127492227,1,snv_mnv,NA,NA,"dkfz,muse,sanger",3,COSN7315337,NA,NA,FALSE,0.1346,NA,7,45,NA,NA,NA,lincRNA,FALSE,FALSE,FALSE,FALSE,3,2,1,2_1,d4907a1b-8b06-47c5-8bca-c781d9cddaf8,NA
12,127684831,127684831,1,snv_mnv,NA,NA,"broad,dkfz,muse,sanger",4,COSN7315461,NA,NA,FALSE,0.1644,NA,12,61,NA,NA,NA,IGR,FALSE,FALSE,FALSE,FALSE,3,2,1,2_1,d4907a1b-8b06-47c5-8bca-c781d9cddaf8,NA
12,128464486,128464486,1,snv_mnv,NA,NA,"broad,dkfz,muse,sanger",4,COSN7315933,NA,L1MA4A,FALSE,0.3,NA,24,56,NA,NA,NA,IGR,FALSE,FALSE,FALSE,FALSE,3,2,1,2_1,d4907a1b-8b06-47c5-8bca-c781d9cddaf8,NA
12,128502786,128502786,1,snv_mnv,NA,NA,"broad,dkfz,muse,sanger",4,COSN7315976,NA,L1ME2,FALSE,0.24,NA,18,57,NA,NA,NA,IGR,FALSE,FALSE,FALSE,FALSE,3,2,1,2_1,d4907a1b-8b06-47c5-8bca-c781d9cddaf8,NA
12,128596859,128596859,1,snv_mnv,NA,NA,"broad,dkfz,muse,sanger",4,COSN7316040,NA,NA,FALSE,0.1408,NA,10,61,NA,NA,NA,lincRNA,FALSE,FALSE,FALSE,FALSE,3,2,1,2_1,d4907a1b-8b06-47c5-8bca-c781d9cddaf8,NA
12,128613840,128613840,1,snv_mnv,5.9904e-4,rs528114483,"broad,dkfz,muse,sanger",4,COSN7316055,rs528114483,NA,FALSE,0.3,NA,15,35,NA,NA,NA,IGR,FALSE,FALSE,FALSE,FALSE,3,2,1,2_1,d4907a1b-8b06-47c5-8bca-c781d9cddaf8,NA
12,128678283,128678283,1,snv_mnv,NA,NA,"broad,dkfz,muse,sanger",4,COSN7316108,NA,NA,FALSE,0.1573,NA,14,75,NA,NA,NA,IGR,FALSE,FALSE,FALSE,FALSE,3,2,1,2_1,d4907a1b-8b06-47c5-8bca-c781d9cddaf8,AC061709.1
12,128752633,128752633,1,snv_mnv,NA,NA,"broad,dkfz,muse,sanger",4,COSN7316173,NA,NA,FALSE,0.1538,NA,8,44,NA,NA,NA,Intron,FALSE,FALSE,FALSE,FALSE,3,2,1,2_1,d4907a1b-8b06-47c5-8bca-c781d9cddaf8,NA
12,129512904,129512904,1,snv_mnv,NA,NA,"broad,dkfz,muse,sanger",4,COSN7316621,NA,NA,FALSE,0.1286,NA,9,61,NA,NA,NA,IGR,FALSE,FALSE,FALSE,FALSE,3,2,1,2_1,d4907a1b-8b06-47c5-8bca-c781d9cddaf8,NA
12,129556355,129556355,1,snv_mnv,NA,NA,"broad,dkfz,muse,sanger",4,COSN7316651,NA,NA,FALSE,0.1494,NA,13,74,NA,NA,NA,3'UTR,FALSE,FALSE,FALSE,FALSE,3,2,1,2_1,d4907a1b-8b06-47c5-8bca-c781d9cddaf8,NA
12,130256449,130256449,1,snv_mnv,NA,NA,"broad,dkfz,muse,sanger",4,COSN7317114,NA,MIR,FALSE,0.2542,NA,15,44,NA,NA,NA,Intron,FALSE,FALSE,FALSE,FALSE,3,2,1,2_1,d4907a1b-8b06-47c5-8bca-c781d9cddaf8,NA
12,130411214,130411214,1,snv_mnv,NA,NA,"broad,dkfz,muse,sanger",4,COSN7317213,NA,NA,FALSE,0.175,NA,7,33,NA,NA,NA,IGR,FALSE,FALSE,FALSE,FALSE,3,2,1,2_1,d4907a1b-8b06-47c5-8bca-c781d9cddaf8,NA
12,130646728,130646728,1,snv_mnv,NA,NA,"broad,dkfz,muse,sanger",4,COSN7317394,NA,NA,FALSE,0.1538,NA,8,44,NA,NA,NA,5'Flank,FALSE,FALSE,FALSE,FALSE,5,3,2,3_2,d4907a1b-8b06-47c5-8bca-c781d9cddaf8,"FZD10-DT,FZD10"
12,130648033,130648033,1,snv_mnv,NA,NA,"broad,dkfz,muse,sanger",4,COSM3772308,NA,NA,FALSE,0.1644,NA,12,61,NA,NA,NA,Silent,FALSE,FALSE,FALSE,FALSE,5,3,2,3_2,d4907a1b-8b06-47c5-8bca-c781d9cddaf8,FZD10-DT
12,130823613,130823613,1,snv_mnv,NA,NA,"broad,dkfz,muse,sanger",4,COSN7317524,NA,NA,FALSE,0.2687,NA,18,49,NA,NA,NA,Intron,FALSE,FALSE,FALSE,FALSE,5,3,2,3_2,d4907a1b-8b06-47c5-8bca-c781d9cddaf8,PIWIL1
12,130907016,130907016,1,snv_mnv,NA,NA,"broad,dkfz,muse,sanger",4,COSM1644945,rs372504138,NA,FALSE,0.2537,NA,17,50,NA,NA,NA,Missense_Mutation,FALSE,FALSE,FALSE,FALSE,5,3,2,3_2,d4907a1b-8b06-47c5-8bca-c781d9cddaf8,"AC063926.1,AC063926.3"
12,131090401,131090401,1,snv_mnv,NA,NA,"broad,dkfz,muse,sanger",4,COSN7317707,NA,AluSx1,FALSE,0.1333,NA,12,78,NA,NA,NA,Intron,FALSE,FALSE,FALSE,FALSE,5,3,2,3_2,d4907a1b-8b06-47c5-8bca-c781d9cddaf8,NA
12,131120570,131120570,1,snv_mnv,NA,NA,"broad,dkfz,muse,sanger",4,COSN7317726,NA,L2a,FALSE,0.2588,NA,22,63,NA,NA,NA,Intron,FALSE,FALSE,FALSE,FALSE,5,3,2,3_2,d4907a1b-8b06-47c5-8bca-c781d9cddaf8,RIMBP2
12,131130475,131130475,1,snv_mnv,NA,NA,"broad,dkfz,muse,sanger",4,COSN7317732,NA,NA,FALSE,0.2198,NA,20,71,NA,NA,NA,Intron,FALSE,FALSE,FALSE,FALSE,5,3,2,3_2,d4907a1b-8b06-47c5-8bca-c781d9cddaf8,NA
12,131174765,131174765,1,snv_mnv,NA,NA,"broad,dkfz,muse,sanger",4,COSN7317772,rs758389960,NA,FALSE,0.3699,NA,27,46,NA,NA,NA,Intron,FALSE,FALSE,FALSE,FALSE,5,3,2,3_2,d4907a1b-8b06-47c5-8bca-c781d9cddaf8,NA
12,131177065,131177065,1,snv_mnv,NA,NA,"broad,dkfz,muse,sanger",4,COSN7317774,NA,NA,FALSE,0.3291,NA,26,53,NA,NA,NA,Intron,FALSE,FALSE,FALSE,FALSE,5,3,2,3_2,d4907a1b-8b06-47c5-8bca-c781d9cddaf8,NA
12,131571571,131571571,1,snv_mnv,NA,NA,"broad,dkfz,muse,sanger",4,COSN7317969,NA,AluJr,FALSE,0.2615,NA,17,48,NA,NA,NA,Intron,FALSE,FALSE,FALSE,FALSE,5,3,2,3_2,d4907a1b-8b06-47c5-8bca-c781d9cddaf8,ADGRD1
12,131905514,131905514,1,snv_mnv,NA,NA,"broad,dkfz,muse,sanger",4,COSN7318170,NA,NA,FALSE,0.0947,NA,9,86,NA,NA,NA,IGR,FALSE,FALSE,FALSE,FALSE,5,3,2,3_2,d4907a1b-8b06-47c5-8bca-c781d9cddaf8,NA
12,132985828,132985828,1,snv_mnv,NA,NA,"broad,dkfz,muse,sanger",4,COSN7318617,NA,NA,FALSE,0.2857,NA,22,55,NA,NA,NA,IGR,FALSE,FALSE,FALSE,FALSE,5,3,2,3_2,d4907a1b-8b06-47c5-8bca-c781d9cddaf8,NA
12,133022643,133022643,1,snv_mnv,NA,NA,"broad,dkfz,muse,sanger",4,COSN7318632,NA,NA,FALSE,0.1471,NA,10,58,NA,NA,NA,IGR,FALSE,FALSE,FALSE,FALSE,5,3,2,3_2,d4907a1b-8b06-47c5-8bca-c781d9cddaf8,NA
12,133099803,133099803,1,snv_mnv,NA,NA,"broad,dkfz,muse,sanger",4,COSN7318660,NA,NA,FALSE,0.3562,NA,26,47,NA,NA,NA,Intron,FALSE,FALSE,FALSE,FALSE,5,3,2,3_2,d4907a1b-8b06-47c5-8bca-c781d9cddaf8,NA
12,133214553,133214553,1,snv_mnv,NA,NA,"broad,dkfz,muse,sanger",4,COSN7318702,NA,NA,FALSE,0.2471,NA,21,64,NA,NA,NA,Intron,FALSE,FALSE,FALSE,FALSE,5,3,2,3_2,d4907a1b-8b06-47c5-8bca-c781d9cddaf8,POLE
12,133216110,133216110,1,snv_mnv,NA,NA,"broad,dkfz,muse,sanger",4,COSN7318703,NA,NA,FALSE,0.3265,NA,32,66,NA,NA,NA,Intron,FALSE,FALSE,FALSE,FALSE,5,3,2,3_2,d4907a1b-8b06-47c5-8bca-c781d9cddaf8,POLE
12,133216117,133216117,1,snv_mnv,NA,NA,"broad,dkfz,muse,sanger",4,COSN7318704,NA,NA,FALSE,0.3111,NA,28,62,NA,NA,NA,Intron,FALSE,FALSE,FALSE,FALSE,5,3,2,3_2,d4907a1b-8b06-47c5-8bca-c781d9cddaf8,POLE
12,133217324,133217324,1,snv_mnv,NA,NA,"broad,dkfz,muse,sanger",4,COSN7318705,NA,NA,FALSE,0.0851,NA,8,86,NA,NA,NA,Intron,FALSE,FALSE,FALSE,FALSE,5,3,2,3_2,d4907a1b-8b06-47c5-8bca-c781d9cddaf8,POLE
12,133217327,133217327,1,snv_mnv,NA,NA,"broad,dkfz,muse,sanger",4,COSN7318706,NA,NA,FALSE,0.0652,NA,6,86,NA,NA,NA,Intron,FALSE,FALSE,FALSE,FALSE,5,3,2,3_2,d4907a1b-8b06-47c5-8bca-c781d9cddaf8,POLE
12,133219196,133219196,1,snv_mnv,NA,NA,"broad,dkfz,muse,sanger",4,COSM3772338,NA,NA,FALSE,0.2551,NA,25,73,NA,NA,NA,Missense_Mutation,FALSE,FALSE,FALSE,FALSE,5,3,2,3_2,d4907a1b-8b06-47c5-8bca-c781d9cddaf8,NA
13,21579097,21579097,1,snv_mnv,NA,NA,"broad,dkfz,muse,sanger",4,COSN7395206,NA,NA,FALSE,0.3425,NA,25,48,NA,NA,NA,Intron,FALSE,FALSE,FALSE,FALSE,5,3,2,3_2,d4907a1b-8b06-47c5-8bca-c781d9cddaf8,LATS2-AS1
13,22422030,22422030,1,snv_mnv,NA,NA,"broad,dkfz,muse,sanger",4,COSN7395405,NA,AluY,FALSE,0.127,NA,8,55,NA,NA,NA,IGR,FALSE,FALSE,FALSE,FALSE,5,3,2,3_2,d4907a1b-8b06-47c5-8bca-c781d9cddaf8,NA
13,22663595,22663595,1,snv_mnv,NA,NA,"broad,dkfz,muse,sanger",4,COSN7395510,NA,NA,FALSE,0.1111,NA,11,88,NA,NA,NA,IGR,FALSE,FALSE,FALSE,FALSE,5,3,2,3_2,d4907a1b-8b06-47c5-8bca-c781d9cddaf8,NA
13,22982619,22982619,1,snv_mnv,NA,NA,"broad,dkfz,muse,sanger",4,COSN7395641,NA,NA,FALSE,0.1727,NA,19,91,NA,NA,NA,IGR,FALSE,FALSE,TRUE,FALSE,5,3,2,3_2,d4907a1b-8b06-47c5-8bca-c781d9cddaf8,NA
13,23467148,23467148,1,snv_mnv,NA,NA,"broad,dkfz,muse,sanger",4,COSN7395922,NA,MER4A1,FALSE,0.1059,NA,9,76,NA,NA,NA,lincRNA,FALSE,FALSE,FALSE,FALSE,5,3,2,3_2,d4907a1b-8b06-47c5-8bca-c781d9cddaf8,"BASP1P1,LINC00621"
13,23802598,23802598,1,snv_mnv,NA,NA,"broad,dkfz,muse,sanger",4,COSN7396140,NA,L1PREC2,FALSE,0.1262,NA,13,90,NA,NA,NA,Intron,FALSE,FALSE,TRUE,FALSE,5,3,2,3_2,d4907a1b-8b06-47c5-8bca-c781d9cddaf8,NA
13,23853108,23853108,1,snv_mnv,NA,NA,"broad,dkfz,muse,sanger",4,COSN7396164,NA,NA,FALSE,0.1684,NA,16,79,NA,NA,NA,Intron,FALSE,FALSE,FALSE,FALSE,5,3,2,3_2,d4907a1b-8b06-47c5-8bca-c781d9cddaf8,NA
13,23886500,23886500,1,snv_mnv,NA,NA,"broad,dkfz,muse,sanger",4,COSN7396187,NA,NA,FALSE,0.4538,NA,54,65,NA,NA,NA,Intron,FALSE,FALSE,FALSE,FALSE,5,3,2,3_2,d4907a1b-8b06-47c5-8bca-c781d9cddaf8,NA
13,24087588,24087588,1,snv_mnv,NA,NA,"broad,dkfz,muse,sanger",4,COSN7396243,NA,NA,FALSE,0.3269,NA,34,70,NA,NA,NA,IGR,FALSE,FALSE,FALSE,FALSE,5,3,2,3_2,d4907a1b-8b06-47c5-8bca-c781d9cddaf8,NA
13,24145557,24145557,1,snv_mnv,NA,NA,"broad,dkfz,muse,sanger",4,COSN7396268,NA,NA,FALSE,0.2821,NA,33,84,NA,NA,NA,Intron,FALSE,FALSE,TRUE,FALSE,5,3,2,3_2,d4907a1b-8b06-47c5-8bca-c781d9cddaf8,NA
13,25095757,25095757,1,snv_mnv,NA,NA,"broad,dkfz,muse,sanger",4,COSN7396462,NA,NA,FALSE,0.3942,NA,41,63,NA,NA,NA,IGR,FALSE,FALSE,FALSE,FALSE,5,3,2,3_2,d4907a1b-8b06-47c5-8bca-c781d9cddaf8,NA
13,25407400,25407400,1,snv_mnv,NA,NA,"broad,dkfz,muse,sanger",4,COSN7396560,NA,MIRc,FALSE,0.3118,NA,29,64,NA,NA,NA,Intron,FALSE,FALSE,FALSE,FALSE,5,3,2,3_2,d4907a1b-8b06-47c5-8bca-c781d9cddaf8,NA
13,25656995,25656995,1,snv_mnv,NA,NA,"broad,dkfz,muse,sanger",4,COSN7396640,NA,L1M2,FALSE,0.3491,NA,37,69,NA,NA,NA,IGR,FALSE,FALSE,FALSE,FALSE,5,3,2,3_2,d4907a1b-8b06-47c5-8bca-c781d9cddaf8,NA
13,25748607,25748607,1,snv_mnv,NA,NA,"broad,dkfz,muse",3,COSN7396682,NA,NA,FALSE,0.3733,NA,28,47,NA,NA,NA,5'Flank,FALSE,FALSE,FALSE,FALSE,5,3,2,3_2,d4907a1b-8b06-47c5-8bca-c781d9cddaf8,AMER2
13,25928854,25928854,1,snv_mnv,NA,NA,"broad,dkfz,muse,sanger",4,COSN7396730,NA,AluJb,FALSE,0.2418,NA,22,69,NA,NA,NA,IGR,FALSE,FALSE,FALSE,FALSE,5,3,2,3_2,d4907a1b-8b06-47c5-8bca-c781d9cddaf8,NUP58
13,26498931,26498931,1,snv_mnv,NA,NA,"broad,dkfz,muse,sanger",4,COSN7396954,NA,THE1B,FALSE,0.1889,NA,17,73,NA,NA,NA,Intron,FALSE,FALSE,FALSE,FALSE,5,3,2,3_2,d4907a1b-8b06-47c5-8bca-c781d9cddaf8,NA
13,26529868,26529868,1,snv_mnv,NA,NA,"broad,dkfz,muse,sanger",4,COSN7396960,NA,L1PA7,FALSE,0.4434,NA,47,59,NA,NA,NA,Intron,FALSE,FALSE,FALSE,FALSE,5,3,2,3_2,d4907a1b-8b06-47c5-8bca-c781d9cddaf8,RNY1P3
13,28269876,28269876,1,snv_mnv,NA,NA,"broad,dkfz,muse,sanger",4,COSN7397386,NA,L1PA16,FALSE,0.2091,NA,23,87,NA,NA,NA,IGR,FALSE,FALSE,TRUE,FALSE,5,3,2,3_2,d4907a1b-8b06-47c5-8bca-c781d9cddaf8,NPM1P4
13,28327797,28327797,1,snv_mnv,NA,NA,"broad,dkfz,muse,sanger",4,COSN7397405,rs375835802,MLT2B2,FALSE,0.2785,NA,22,57,NA,NA,NA,IGR,FALSE,FALSE,FALSE,FALSE,5,3,2,3_2,d4907a1b-8b06-47c5-8bca-c781d9cddaf8,NA
13,28390460,28390460,1,snv_mnv,NA,NA,"broad,dkfz,muse,sanger",4,COSN7397426,NA,L2b,FALSE,0.2955,NA,26,62,NA,NA,NA,IGR,FALSE,FALSE,FALSE,FALSE,5,3,2,3_2,d4907a1b-8b06-47c5-8bca-c781d9cddaf8,PLUT
13,29015651,29015651,1,snv_mnv,NA,NA,"broad,dkfz,muse,sanger",4,COSN7397596,NA,MER50,FALSE,0.2041,NA,20,78,NA,NA,NA,Intron,FALSE,FALSE,FALSE,FALSE,5,3,2,3_2,d4907a1b-8b06-47c5-8bca-c781d9cddaf8,NA
13,29466688,29466688,1,snv_mnv,NA,NA,"broad,dkfz,muse,sanger",4,COSN7397745,NA,NA,FALSE,0.3604,NA,40,71,NA,NA,NA,IGR,FALSE,FALSE,FALSE,FALSE,5,3,2,3_2,d4907a1b-8b06-47c5-8bca-c781d9cddaf8,NA
13,29637631,29637631,1,snv_mnv,NA,NA,"broad,dkfz,muse,sanger",4,COSN7397844,NA,NA,FALSE,0.2623,NA,32,90,NA,NA,NA,Intron,FALSE,FALSE,FALSE,FALSE,5,3,2,3_2,d4907a1b-8b06-47c5-8bca-c781d9cddaf8,NA
13,29712363,29712363,1,snv_mnv,NA,NA,"broad,dkfz,muse,sanger",4,COSN7397887,NA,L1MB3,FALSE,0.3299,NA,32,65,NA,NA,NA,Intron,FALSE,FALSE,FALSE,FALSE,5,3,2,3_2,d4907a1b-8b06-47c5-8bca-c781d9cddaf8,NA
13,30453991,30453991,1,snv_mnv,NA,NA,"broad,dkfz,muse,sanger",4,COSN7398113,NA,MLT1J,FALSE,0.3333,NA,29,58,NA,NA,NA,lincRNA,FALSE,FALSE,FALSE,FALSE,5,3,2,3_2,d4907a1b-8b06-47c5-8bca-c781d9cddaf8,NA
13,30542175,30542175,1,snv_mnv,NA,NA,"broad,dkfz,muse,sanger",4,COSN7398134,NA,L1M2,FALSE,0.4576,NA,54,64,NA,NA,NA,IGR,FALSE,FALSE,FALSE,FALSE,5,3,2,3_2,d4907a1b-8b06-47c5-8bca-c781d9cddaf8,NA
13,31185290,31185290,1,snv_mnv,NA,NA,"broad,dkfz,muse,sanger",4,COSN7398259,NA,NA,FALSE,0.1314,NA,18,119,NA,NA,NA,Intron,FALSE,FALSE,FALSE,FALSE,5,3,2,3_2,d4907a1b-8b06-47c5-8bca-c781d9cddaf8,NA
13,31683854,31683854,1,snv_mnv,NA,NA,"broad,dkfz,muse,sanger",4,COSN7398365,NA,MIR,FALSE,0.3241,NA,35,73,NA,NA,NA,IGR,FALSE,FALSE,FALSE,FALSE,5,3,2,3_2,d4907a1b-8b06-47c5-8bca-c781d9cddaf8,NA
13,33418943,33418943,1,snv_mnv,NA,NA,"broad,dkfz,muse,sanger",4,COSN7398743,NA,NA,FALSE,0.1053,NA,8,68,NA,NA,NA,IGR,FALSE,FALSE,FALSE,FALSE,5,3,2,3_2,d4907a1b-8b06-47c5-8bca-c781d9cddaf8,NA
13,35827085,35827085,1,snv_mnv,NA,NA,"broad,dkfz,muse",3,COSN7399395,NA,NA,FALSE,0.0941,NA,8,77,NA,NA,NA,Intron,FALSE,FALSE,FALSE,FALSE,5,3,2,3_2,d4907a1b-8b06-47c5-8bca-c781d9cddaf8,PHBP13
13,35866767,35866767,1,snv_mnv,NA,NA,"broad,dkfz,muse,sanger",4,COSN7399417,NA,NA,FALSE,0.2525,NA,25,74,NA,NA,NA,Intron,FALSE,FALSE,FALSE,FALSE,5,3,2,3_2,d4907a1b-8b06-47c5-8bca-c781d9cddaf8,NA
13,36206619,36206619,1,snv_mnv,NA,NA,"broad,dkfz,muse,sanger",4,COSN7399539,NA,NA,FALSE,0.1017,NA,12,106,NA,NA,NA,Intron,FALSE,FALSE,FALSE,FALSE,5,3,2,3_2,d4907a1b-8b06-47c5-8bca-c781d9cddaf8,NA
13,36286021,36286021,1,snv_mnv,NA,NA,"broad,dkfz,muse,sanger",4,COSN7399573,NA,NA,FALSE,0.3974,NA,31,47,NA,NA,NA,IGR,FALSE,FALSE,FALSE,FALSE,5,3,2,3_2,d4907a1b-8b06-47c5-8bca-c781d9cddaf8,NA
13,36498742,36498742,1,snv_mnv,NA,NA,"broad,dkfz,muse,sanger",4,COSN14502955,NA,AluSx,FALSE,0.3187,NA,29,62,NA,NA,NA,Intron,FALSE,FALSE,FALSE,FALSE,5,3,2,3_2,d4907a1b-8b06-47c5-8bca-c781d9cddaf8,NA
13,36518469,36518469,1,snv_mnv,NA,NA,"broad,dkfz",2,COSN7399707,NA,NA,FALSE,0.1176,NA,10,75,NA,NA,NA,Intron,FALSE,FALSE,FALSE,FALSE,5,3,2,3_2,d4907a1b-8b06-47c5-8bca-c781d9cddaf8,NA
13,37103415,37103415,1,snv_mnv,NA,NA,"broad,dkfz,muse",3,COSN7400060,NA,(TG)n,FALSE,0.16,NA,16,84,NA,NA,NA,IGR,FALSE,FALSE,FALSE,FALSE,5,3,2,3_2,d4907a1b-8b06-47c5-8bca-c781d9cddaf8,NA
13,37130227,37130227,1,snv_mnv,NA,NA,"broad,dkfz,muse,sanger",4,COSN7400074,NA,NA,FALSE,0.2451,NA,25,77,NA,NA,NA,IGR,FALSE,FALSE,FALSE,FALSE,5,3,2,3_2,d4907a1b-8b06-47c5-8bca-c781d9cddaf8,NA
13,37694616,37694616,1,snv_mnv,NA,NA,"broad,dkfz,muse,sanger",4,COSN7400273,NA,L1MC4,FALSE,0.2331,NA,31,102,NA,NA,NA,IGR,FALSE,FALSE,FALSE,FALSE,5,3,2,3_2,d4907a1b-8b06-47c5-8bca-c781d9cddaf8,NA
13,38153484,38153484,1,snv_mnv,NA,NA,"broad,dkfz,muse,sanger",4,COSM3772824,NA,NA,FALSE,0.1748,NA,18,85,NA,NA,NA,Missense_Mutation,FALSE,FALSE,FALSE,FALSE,5,3,2,3_2,d4907a1b-8b06-47c5-8bca-c781d9cddaf8,NA
13,38411325,38411325,1,snv_mnv,NA,NA,"broad,dkfz,muse,sanger",4,COSN7400699,NA,THE1B-int,FALSE,0.2967,NA,27,64,NA,NA,NA,Intron,FALSE,FALSE,FALSE,FALSE,5,3,2,3_2,d4907a1b-8b06-47c5-8bca-c781d9cddaf8,NA
13,38534494,38534494,1,snv_mnv,NA,NA,"broad,dkfz,muse,sanger",4,COSN7400753,NA,L1MC4,FALSE,0.1081,NA,12,99,NA,NA,NA,IGR,FALSE,FALSE,FALSE,FALSE,5,3,2,3_2,d4907a1b-8b06-47c5-8bca-c781d9cddaf8,NA
13,38703867,38703867,1,snv_mnv,0.0011981,rs541077184,"broad,dkfz,muse,sanger",4,COSN7400803,rs541077184,AluY,FALSE,0.1084,NA,9,74,NA,NA,NA,IGR,FALSE,FALSE,FALSE,FALSE,5,3,2,3_2,d4907a1b-8b06-47c5-8bca-c781d9cddaf8,NA
13,39036548,39036548,1,snv_mnv,NA,NA,"broad,dkfz,muse,sanger",4,COSN7400911,NA,L2,FALSE,0.2477,NA,27,82,NA,NA,NA,IGR,FALSE,FALSE,FALSE,FALSE,5,3,2,3_2,d4907a1b-8b06-47c5-8bca-c781d9cddaf8,NA
13,39143721,39143721,1,snv_mnv,NA,NA,"broad,dkfz,muse,sanger",4,COSN7400953,NA,AluSz,FALSE,0.1683,NA,17,84,NA,NA,NA,IGR,FALSE,FALSE,FALSE,FALSE,5,3,2,3_2,d4907a1b-8b06-47c5-8bca-c781d9cddaf8,NA
13,39321277,39321277,1,snv_mnv,NA,NA,"broad,dkfz,muse,sanger",4,COSN7400993,NA,NA,FALSE,0.2832,NA,32,81,NA,NA,NA,Intron,FALSE,FALSE,FALSE,FALSE,5,3,2,3_2,d4907a1b-8b06-47c5-8bca-c781d9cddaf8,NA
13,40610325,40610325,1,snv_mnv,3.9936e-4,rs139835680,"broad,dkfz,muse,sanger",4,COSN7401431,rs139835680,NA,FALSE,0.2212,NA,25,88,NA,NA,NA,IGR,FALSE,FALSE,FALSE,FALSE,5,3,2,3_2,d4907a1b-8b06-47c5-8bca-c781d9cddaf8,NA
13,40680465,40680465,1,snv_mnv,NA,NA,"broad,dkfz,muse,sanger",4,COSN7401449,NA,NA,FALSE,0.12,NA,12,88,NA,NA,NA,IGR,FALSE,FALSE,FALSE,FALSE,5,3,2,3_2,d4907a1b-8b06-47c5-8bca-c781d9cddaf8,NA
13,40940634,40940634,1,snv_mnv,NA,NA,"broad,dkfz,muse,sanger",4,COSN7401512,NA,NA,FALSE,0.1858,NA,21,92,NA,NA,NA,IGR,FALSE,FALSE,FALSE,FALSE,5,3,2,3_2,d4907a1b-8b06-47c5-8bca-c781d9cddaf8,NA
13,43267839,43267839,1,snv_mnv,NA,NA,"broad,dkfz,muse,sanger",4,COSN7402019,NA,L1PB1,FALSE,0.2737,NA,26,69,NA,NA,NA,IGR,FALSE,FALSE,FALSE,FALSE,5,3,2,3_2,d4907a1b-8b06-47c5-8bca-c781d9cddaf8,NA
13,43274531,43274531,1,snv_mnv,NA,NA,"broad,dkfz,muse,sanger",4,COSN7402021,rs758334738,LTR33A,FALSE,0.2614,NA,23,65,NA,NA,NA,IGR,FALSE,FALSE,FALSE,FALSE,5,3,2,3_2,d4907a1b-8b06-47c5-8bca-c781d9cddaf8,NA
13,46862103,46862103,1,snv_mnv,NA,NA,"broad,dkfz,muse,sanger",4,COSN7402826,NA,NA,FALSE,0.2743,NA,31,82,NA,NA,NA,IGR,FALSE,FALSE,FALSE,FALSE,5,3,2,3_2,d4907a1b-8b06-47c5-8bca-c781d9cddaf8,NA
13,47333393,47333393,1,snv_mnv,NA,NA,"broad,dkfz,muse,sanger",4,COSN7402943,NA,MSTB1,FALSE,0.2821,NA,33,84,NA,NA,NA,IGR,FALSE,FALSE,FALSE,FALSE,5,3,2,3_2,d4907a1b-8b06-47c5-8bca-c781d9cddaf8,NA
13,47705715,47705715,1,snv_mnv,NA,NA,"broad,dkfz,muse,sanger",4,COSN7403061,NA,NA,FALSE,0.2692,NA,28,76,NA,NA,NA,IGR,FALSE,FALSE,FALSE,FALSE,5,3,2,3_2,d4907a1b-8b06-47c5-8bca-c781d9cddaf8,NA
13,48509838,48509838,1,snv_mnv,NA,NA,"broad,dkfz,muse,sanger",4,COSN7403347,NA,AluY,FALSE,0.5286,NA,37,33,NA,NA,NA,IGR,FALSE,FALSE,FALSE,FALSE,5,3,2,3_2,d4907a1b-8b06-47c5-8bca-c781d9cddaf8,"SUCLA2,LINC00562"
13,49854326,49854326,1,snv_mnv,NA,NA,"broad,dkfz,muse,sanger",4,COSN7403596,NA,NA,FALSE,0.3307,NA,42,85,NA,NA,NA,Intron,FALSE,FALSE,FALSE,FALSE,5,3,2,3_2,d4907a1b-8b06-47c5-8bca-c781d9cddaf8,NA
13,50366887,50366887,1,snv_mnv,NA,NA,"broad,dkfz,muse,sanger",4,COSN7403690,NA,NA,FALSE,0.2364,NA,13,42,NA,NA,NA,5'UTR,FALSE,FALSE,FALSE,FALSE,5,3,2,3_2,d4907a1b-8b06-47c5-8bca-c781d9cddaf8,AL136301.1
13,50886205,50886205,1,snv_mnv,NA,NA,"broad,dkfz,muse,sanger",4,COSN7403791,NA,NA,FALSE,0.253,NA,21,62,NA,NA,NA,Intron,FALSE,FALSE,TRUE,FALSE,5,3,2,3_2,d4907a1b-8b06-47c5-8bca-c781d9cddaf8,NA
13,51714515,51714515,1,snv_mnv,NA,NA,"broad,dkfz,muse,sanger",4,COSN7403983,NA,MER4A1,FALSE,0.1111,NA,10,80,NA,NA,NA,IGR,FALSE,FALSE,FALSE,FALSE,5,3,2,3_2,d4907a1b-8b06-47c5-8bca-c781d9cddaf8,NA
13,51770092,51770092,1,snv_mnv,NA,NA,"broad,dkfz,muse,sanger",4,COSN7403998,NA,NA,FALSE,0.2653,NA,26,72,NA,NA,NA,IGR,FALSE,FALSE,FALSE,FALSE,5,3,2,3_2,d4907a1b-8b06-47c5-8bca-c781d9cddaf8,NA
13,52759173,52759173,1,snv_mnv,NA,NA,"broad,muse,sanger",3,COSN7404184,NA,AluY,FALSE,0.1395,NA,12,74,NA,NA,NA,RNA,FALSE,FALSE,FALSE,FALSE,5,3,2,3_2,d4907a1b-8b06-47c5-8bca-c781d9cddaf8,MRPS31P5
13,52789413,52789413,1,snv_mnv,NA,NA,"broad,muse,sanger",3,COSN7404191,NA,L1PA7,FALSE,0.3861,NA,39,62,NA,NA,NA,RNA,FALSE,FALSE,FALSE,FALSE,5,3,2,3_2,d4907a1b-8b06-47c5-8bca-c781d9cddaf8,TPTE2P2
13,53242471,53242471,1,snv_mnv,NA,NA,"broad,dkfz,muse,sanger",4,COSN7404281,NA,NA,FALSE,0.3974,NA,31,47,NA,NA,NA,Intron,FALSE,FALSE,FALSE,FALSE,5,3,2,3_2,d4907a1b-8b06-47c5-8bca-c781d9cddaf8,SUGT1
13,53592044,53592044,1,snv_mnv,NA,NA,"broad,dkfz,muse,sanger",4,COSN7404403,NA,MIR3,FALSE,0.2188,NA,14,50,NA,NA,NA,IGR,FALSE,FALSE,FALSE,FALSE,5,3,2,3_2,d4907a1b-8b06-47c5-8bca-c781d9cddaf8,NA
13,54342478,54342478,1,snv_mnv,NA,NA,"broad,dkfz,muse,sanger",4,COSN7404814,NA,L2a,FALSE,0.2846,NA,35,88,NA,NA,NA,IGR,FALSE,FALSE,TRUE,FALSE,5,3,2,3_2,d4907a1b-8b06-47c5-8bca-c781d9cddaf8,NA
13,54392551,54392551,1,snv_mnv,NA,NA,"broad,dkfz,muse,sanger",4,COSN7404846,NA,NA,FALSE,0.24,NA,24,76,NA,NA,NA,lincRNA,FALSE,FALSE,FALSE,FALSE,5,3,2,3_2,d4907a1b-8b06-47c5-8bca-c781d9cddaf8,NA
13,55309041,55309041,1,snv_mnv,NA,NA,"broad,dkfz,muse,sanger",4,COSN7405456,NA,NA,FALSE,0.3398,NA,35,68,NA,NA,NA,IGR,FALSE,FALSE,FALSE,FALSE,5,3,2,3_2,d4907a1b-8b06-47c5-8bca-c781d9cddaf8,NA
13,55791357,55791357,1,snv_mnv,NA,NA,"broad,dkfz,muse,sanger",4,COSN7405805,NA,NA,FALSE,0.3774,NA,40,66,NA,NA,NA,IGR,FALSE,FALSE,TRUE,FALSE,5,3,2,3_2,d4907a1b-8b06-47c5-8bca-c781d9cddaf8,NA
13,55797266,55797266,1,snv_mnv,NA,NA,"broad,dkfz,muse,sanger",4,COSN7405812,NA,NA,FALSE,0.1296,NA,14,94,NA,NA,NA,IGR,FALSE,FALSE,FALSE,FALSE,5,3,2,3_2,d4907a1b-8b06-47c5-8bca-c781d9cddaf8,NA
13,55815630,55815630,1,snv_mnv,NA,NA,"broad,dkfz,muse,sanger",4,COSN7405824,NA,NA,FALSE,0.4486,NA,48,59,NA,NA,NA,IGR,FALSE,FALSE,FALSE,FALSE,5,3,2,3_2,d4907a1b-8b06-47c5-8bca-c781d9cddaf8,NA
13,55927210,55927210,1,snv_mnv,NA,NA,"broad,dkfz,muse,sanger",4,COSN7405897,NA,HSMAR2,FALSE,0.2545,NA,28,82,NA,NA,NA,IGR,FALSE,FALSE,FALSE,FALSE,5,3,2,3_2,d4907a1b-8b06-47c5-8bca-c781d9cddaf8,NA
13,55984286,55984286,1,snv_mnv,NA,NA,"broad,dkfz,muse",3,COSN7405947,NA,L1PBa,FALSE,0.129,NA,12,81,NA,NA,NA,IGR,FALSE,FALSE,FALSE,FALSE,5,3,2,3_2,d4907a1b-8b06-47c5-8bca-c781d9cddaf8,NA
13,56071271,56071271,1,snv_mnv,NA,NA,"broad,dkfz,muse,sanger",4,COSN7406013,NA,AluSg,FALSE,0.3919,NA,29,45,NA,NA,NA,IGR,FALSE,FALSE,FALSE,FALSE,5,3,2,3_2,d4907a1b-8b06-47c5-8bca-c781d9cddaf8,NA
13,56076898,56076898,1,snv_mnv,NA,NA,"broad,dkfz,muse,sanger",4,COSN7406020,NA,AluSq2,FALSE,0.2078,NA,16,61,NA,NA,NA,IGR,FALSE,FALSE,TRUE,FALSE,5,3,2,3_2,d4907a1b-8b06-47c5-8bca-c781d9cddaf8,NA
13,56141839,56141839,1,snv_mnv,NA,NA,"broad,dkfz,muse,sanger",4,COSN7406066,NA,HAL1,FALSE,0.0992,NA,12,109,NA,NA,NA,IGR,FALSE,FALSE,TRUE,FALSE,5,3,2,3_2,d4907a1b-8b06-47c5-8bca-c781d9cddaf8,NA
13,56147332,56147332,1,snv_mnv,1.9968e-4,rs552531443,"broad,dkfz,muse,sanger",4,COSN7406069,rs552531443,NA,FALSE,0.1226,NA,13,93,NA,NA,NA,IGR,FALSE,FALSE,FALSE,FALSE,5,3,2,3_2,d4907a1b-8b06-47c5-8bca-c781d9cddaf8,NA
13,56158541,56158541,1,snv_mnv,NA,NA,"broad,dkfz,muse,sanger",4,COSN7406076,NA,MER67C,FALSE,0.2987,NA,23,54,NA,NA,NA,IGR,FALSE,FALSE,FALSE,FALSE,5,3,2,3_2,d4907a1b-8b06-47c5-8bca-c781d9cddaf8,AL354821.1
13,56576285,56576285,1,snv_mnv,NA,NA,"broad,dkfz,muse,sanger",4,COSN7406416,NA,THE1B,FALSE,0.4423,NA,46,58,NA,NA,NA,IGR,FALSE,FALSE,FALSE,FALSE,5,3,2,3_2,d4907a1b-8b06-47c5-8bca-c781d9cddaf8,HNF4GP1
13,56776111,56776111,1,snv_mnv,NA,NA,"broad,dkfz,muse,sanger",4,COSN7406581,NA,L2c,FALSE,0.3545,NA,39,71,NA,NA,NA,IGR,FALSE,FALSE,FALSE,FALSE,5,3,2,3_2,d4907a1b-8b06-47c5-8bca-c781d9cddaf8,NA
13,57046050,57046050,1,snv_mnv,NA,NA,"broad,dkfz,muse,sanger",4,COSN7406848,NA,NA,FALSE,0.3398,NA,35,68,NA,NA,NA,IGR,FALSE,FALSE,FALSE,FALSE,5,3,2,3_2,d4907a1b-8b06-47c5-8bca-c781d9cddaf8,NA
13,57070886,57070886,1,snv_mnv,NA,NA,"dkfz,sanger",2,COSN7406872,NA,Tigger3,FALSE,0.3361,NA,40,79,NA,NA,NA,IGR,FALSE,FALSE,FALSE,FALSE,5,3,2,3_2,d4907a1b-8b06-47c5-8bca-c781d9cddaf8,NA
13,57163993,57163993,1,snv_mnv,1.9968e-4,rs574769675,"dkfz,muse,sanger",3,COSN7406967,rs574769675,AluSc,FALSE,0.1143,NA,8,62,NA,NA,NA,IGR,FALSE,FALSE,FALSE,FALSE,5,3,2,3_2,d4907a1b-8b06-47c5-8bca-c781d9cddaf8,NA
13,57294201,57294201,1,snv_mnv,NA,NA,"broad,dkfz,muse,sanger",4,COSN7407073,NA,NA,FALSE,0.2443,NA,32,99,NA,NA,NA,IGR,FALSE,FALSE,FALSE,FALSE,5,3,2,3_2,d4907a1b-8b06-47c5-8bca-c781d9cddaf8,NA
13,57349871,57349871,1,snv_mnv,NA,NA,"broad,dkfz,muse,sanger",4,COSN7407111,NA,NA,FALSE,0.3434,NA,34,65,NA,NA,NA,IGR,FALSE,FALSE,TRUE,FALSE,5,3,2,3_2,d4907a1b-8b06-47c5-8bca-c781d9cddaf8,NA
13,57352730,57352730,1,snv_mnv,NA,NA,"broad,dkfz,muse,sanger",4,COSN7407116,NA,NA,FALSE,0.3889,NA,42,66,NA,NA,NA,IGR,FALSE,FALSE,FALSE,FALSE,5,3,2,3_2,d4907a1b-8b06-47c5-8bca-c781d9cddaf8,NA
13,57408472,57408472,1,snv_mnv,NA,NA,"broad,dkfz,muse",3,COSN7407172,NA,(CA)n,FALSE,0.2393,NA,28,89,NA,NA,NA,IGR,FALSE,FALSE,FALSE,FALSE,5,3,2,3_2,d4907a1b-8b06-47c5-8bca-c781d9cddaf8,NA
13,57530601,57530601,1,snv_mnv,NA,NA,"broad,dkfz,muse",3,COSN7407287,NA,L1MEg,FALSE,0.3119,NA,34,75,NA,NA,NA,IGR,FALSE,FALSE,FALSE,FALSE,5,3,2,3_2,d4907a1b-8b06-47c5-8bca-c781d9cddaf8,NA
13,57595043,57595043,1,snv_mnv,NA,NA,"dkfz,sanger",2,COSN7407348,NA,L1M1,FALSE,0.3708,NA,33,56,NA,NA,NA,IGR,FALSE,FALSE,FALSE,FALSE,5,3,2,3_2,d4907a1b-8b06-47c5-8bca-c781d9cddaf8,NA
13,57645024,57645024,1,snv_mnv,NA,NA,"broad,dkfz,muse,sanger",4,COSN7407393,NA,NA,FALSE,0.29,NA,29,71,NA,NA,NA,IGR,FALSE,FALSE,FALSE,FALSE,5,3,2,3_2,d4907a1b-8b06-47c5-8bca-c781d9cddaf8,NA
13,57685206,57685206,1,snv_mnv,NA,NA,"broad,dkfz,muse,sanger",4,COSN7407420,NA,NA,FALSE,0.2178,NA,22,79,NA,NA,NA,IGR,FALSE,FALSE,FALSE,FALSE,5,3,2,3_2,d4907a1b-8b06-47c5-8bca-c781d9cddaf8,NA
13,58061258,58061258,1,snv_mnv,NA,NA,"broad,dkfz,muse,sanger",4,COSN7407706,NA,L1MB1,FALSE,0.3125,NA,30,66,NA,NA,NA,IGR,FALSE,FALSE,FALSE,FALSE,5,3,2,3_2,d4907a1b-8b06-47c5-8bca-c781d9cddaf8,NA
13,58156320,58156320,1,snv_mnv,NA,NA,"broad,dkfz,muse,sanger",4,COSN7407786,NA,L1P4a,FALSE,0.2614,NA,23,65,NA,NA,NA,IGR,FALSE,FALSE,FALSE,FALSE,5,3,2,3_2,d4907a1b-8b06-47c5-8bca-c781d9cddaf8,NA
13,58542617,58542617,1,snv_mnv,NA,NA,"broad,dkfz,muse,sanger",4,COSN7408057,NA,NA,FALSE,0.413,NA,38,54,NA,NA,NA,IGR,FALSE,FALSE,FALSE,FALSE,5,3,2,3_2,d4907a1b-8b06-47c5-8bca-c781d9cddaf8,NA
13,58872923,58872923,1,snv_mnv,NA,NA,"broad,dkfz,muse,sanger",4,COSN7408301,NA,NA,FALSE,0.2593,NA,21,60,NA,NA,NA,IGR,FALSE,FALSE,FALSE,FALSE,5,3,2,3_2,d4907a1b-8b06-47c5-8bca-c781d9cddaf8,NA
13,58883248,58883248,1,snv_mnv,NA,NA,"broad,dkfz,muse,sanger",4,COSN7408306,NA,NA,FALSE,0.2097,NA,26,98,NA,NA,NA,IGR,FALSE,FALSE,FALSE,FALSE,5,3,2,3_2,d4907a1b-8b06-47c5-8bca-c781d9cddaf8,NA
13,59066046,59066046,1,snv_mnv,NA,NA,"broad,dkfz,muse,sanger",4,COSN7408439,NA,L1M5,FALSE,0.4167,NA,50,70,NA,NA,NA,IGR,FALSE,FALSE,FALSE,FALSE,5,3,2,3_2,d4907a1b-8b06-47c5-8bca-c781d9cddaf8,NA
13,59069202,59069202,1,snv_mnv,NA,NA,"broad,dkfz,muse,sanger",4,COSN7408441,NA,NA,FALSE,0.375,NA,39,65,NA,NA,NA,IGR,FALSE,FALSE,FALSE,FALSE,5,3,2,3_2,d4907a1b-8b06-47c5-8bca-c781d9cddaf8,NA
13,59070040,59070040,1,snv_mnv,NA,NA,"broad,dkfz,muse,sanger",4,COSN7408443,NA,NA,FALSE,0.34,NA,34,66,NA,NA,NA,IGR,FALSE,FALSE,FALSE,FALSE,5,3,2,3_2,d4907a1b-8b06-47c5-8bca-c781d9cddaf8,NA
13,59112833,59112833,1,snv_mnv,NA,NA,"broad,dkfz,muse,sanger",4,COSN7408473,NA,L1PA10,FALSE,0.1683,NA,17,84,NA,NA,NA,IGR,FALSE,FALSE,FALSE,FALSE,5,3,2,3_2,d4907a1b-8b06-47c5-8bca-c781d9cddaf8,NA
13,60450167,60450167,1,snv_mnv,NA,NA,"broad,dkfz,muse,sanger",4,COSN7409044,NA,NA,FALSE,0.3613,NA,43,76,NA,NA,NA,Intron,FALSE,FALSE,FALSE,FALSE,5,3,2,3_2,d4907a1b-8b06-47c5-8bca-c781d9cddaf8,NA
13,61031044,61031044,1,snv_mnv,NA,NA,"broad,dkfz,muse,sanger",4,COSN7409178,NA,AluJo,FALSE,0.381,NA,32,52,NA,NA,NA,Intron,FALSE,FALSE,FALSE,FALSE,5,3,2,3_2,d4907a1b-8b06-47c5-8bca-c781d9cddaf8,NA
13,61308742,61308742,1,snv_mnv,NA,NA,"broad,dkfz,muse,sanger",4,COSN7409261,NA,NA,FALSE,0.2542,NA,30,88,NA,NA,NA,IGR,FALSE,FALSE,FALSE,FALSE,5,3,2,3_2,d4907a1b-8b06-47c5-8bca-c781d9cddaf8,AL161901.1
13,61522446,61522446,1,snv_mnv,NA,NA,"broad,dkfz,muse,sanger",4,COSN7409375,NA,Kanga1,FALSE,0.0971,NA,10,93,NA,NA,NA,IGR,FALSE,FALSE,FALSE,FALSE,5,3,2,3_2,d4907a1b-8b06-47c5-8bca-c781d9cddaf8,NA
13,62077850,62077850,1,snv_mnv,NA,NA,"broad,dkfz,muse,sanger",4,COSN7409625,NA,AluJo,FALSE,0.1136,NA,10,78,NA,NA,NA,IGR,FALSE,FALSE,FALSE,FALSE,5,3,2,3_2,d4907a1b-8b06-47c5-8bca-c781d9cddaf8,NA
13,62262291,62262291,1,snv_mnv,NA,NA,"broad,dkfz,muse,sanger",4,COSN7409740,NA,L1MA6,FALSE,0.2476,NA,26,79,NA,NA,NA,IGR,FALSE,FALSE,FALSE,FALSE,5,3,2,3_2,d4907a1b-8b06-47c5-8bca-c781d9cddaf8,NA
13,62749825,62749825,1,snv_mnv,NA,NA,"broad,dkfz,muse,sanger",4,COSN7410079,NA,CT-rich,FALSE,0.2589,NA,29,83,NA,NA,NA,IGR,FALSE,FALSE,TRUE,FALSE,5,3,2,3_2,d4907a1b-8b06-47c5-8bca-c781d9cddaf8,NA
13,63185281,63185281,1,snv_mnv,NA,NA,"broad,dkfz,muse,sanger",4,COSN7410364,NA,L1P3,FALSE,0.2245,NA,22,76,NA,NA,NA,IGR,FALSE,FALSE,FALSE,FALSE,5,3,2,3_2,d4907a1b-8b06-47c5-8bca-c781d9cddaf8,NA
13,63386947,63386947,1,snv_mnv,NA,NA,"broad,dkfz,muse,sanger",4,COSN7410488,NA,NA,FALSE,0.3217,NA,37,78,NA,NA,NA,IGR,FALSE,FALSE,FALSE,FALSE,5,3,2,3_2,d4907a1b-8b06-47c5-8bca-c781d9cddaf8,NA
13,63601323,63601323,1,snv_mnv,NA,NA,"broad,muse,sanger",3,COSN7410612,NA,AluY,FALSE,0.3182,NA,14,30,NA,NA,NA,IGR,FALSE,FALSE,FALSE,FALSE,5,3,2,3_2,d4907a1b-8b06-47c5-8bca-c781d9cddaf8,NA
13,63652029,63652029,1,snv_mnv,NA,NA,"broad,dkfz,muse,sanger",4,COSN7410656,NA,ERV3-16A3_I-int,FALSE,0.1129,NA,14,110,NA,NA,NA,IGR,FALSE,FALSE,FALSE,FALSE,5,3,2,3_2,d4907a1b-8b06-47c5-8bca-c781d9cddaf8,NA
13,63684735,63684735,1,snv_mnv,NA,NA,"broad,dkfz,muse,sanger",4,COSN7410674,NA,NA,FALSE,0.1835,NA,20,89,NA,NA,NA,IGR,FALSE,FALSE,FALSE,FALSE,5,3,2,3_2,d4907a1b-8b06-47c5-8bca-c781d9cddaf8,NA
13,63699363,63699363,1,snv_mnv,NA,NA,"broad,dkfz,muse,sanger",4,COSN7410684,NA,NA,FALSE,0.1311,NA,16,106,NA,NA,NA,IGR,FALSE,FALSE,FALSE,FALSE,5,3,2,3_2,d4907a1b-8b06-47c5-8bca-c781d9cddaf8,NA
13,63891939,63891939,1,snv_mnv,NA,NA,"broad,dkfz,muse,sanger",4,COSN7410809,NA,L1M2,FALSE,0.2087,NA,24,91,NA,NA,NA,IGR,FALSE,FALSE,FALSE,FALSE,5,3,2,3_2,d4907a1b-8b06-47c5-8bca-c781d9cddaf8,NA
13,64001544,64001544,1,snv_mnv,NA,NA,"broad,dkfz,muse,sanger",4,COSN7410889,rs539750495,MER11A,FALSE,0.3537,NA,29,53,NA,NA,NA,IGR,FALSE,FALSE,FALSE,FALSE,5,3,2,3_2,d4907a1b-8b06-47c5-8bca-c781d9cddaf8,NA
13,64028282,64028282,1,snv_mnv,NA,NA,"broad,dkfz,muse,sanger",4,COSN7410909,NA,L1PB4,FALSE,0.14,NA,14,86,NA,NA,NA,IGR,FALSE,FALSE,FALSE,FALSE,5,3,2,3_2,d4907a1b-8b06-47c5-8bca-c781d9cddaf8,NA
13,64173682,64173682,1,snv_mnv,NA,NA,"broad,dkfz,muse,sanger",4,COSN7411020,NA,NA,FALSE,0.2913,NA,30,73,NA,NA,NA,IGR,FALSE,FALSE,FALSE,FALSE,5,3,2,3_2,d4907a1b-8b06-47c5-8bca-c781d9cddaf8,NA
13,64255166,64255166,1,snv_mnv,NA,NA,"broad,dkfz,muse,sanger",4,COSN7411070,NA,NA,FALSE,0.3838,NA,38,61,NA,NA,NA,RNA,FALSE,FALSE,FALSE,FALSE,5,3,2,3_2,d4907a1b-8b06-47c5-8bca-c781d9cddaf8,NA
13,64404843,64404843,1,snv_mnv,NA,NA,"broad,dkfz,muse,sanger",4,COSN7411143,NA,NA,FALSE,0.1566,NA,13,70,NA,NA,NA,lincRNA,FALSE,FALSE,FALSE,FALSE,5,3,2,3_2,d4907a1b-8b06-47c5-8bca-c781d9cddaf8,NA
13,64626730,64626730,1,snv_mnv,NA,NA,"broad,dkfz,muse,sanger",4,COSN7411320,NA,MER61A,FALSE,0.3763,NA,35,58,NA,NA,NA,lincRNA,FALSE,FALSE,FALSE,FALSE,5,3,2,3_2,d4907a1b-8b06-47c5-8bca-c781d9cddaf8,NA
13,65158416,65158416,1,snv_mnv,1.9968e-4,rs552976883,"broad,dkfz,muse,sanger",4,COSN7411772,rs552976883,NA,FALSE,0.2755,NA,27,71,NA,NA,NA,IGR,FALSE,FALSE,FALSE,FALSE,5,3,2,3_2,d4907a1b-8b06-47c5-8bca-c781d9cddaf8,NA
13,65233734,65233734,1,snv_mnv,NA,NA,"broad,dkfz,muse,sanger",4,COSN15289899,NA,Plat_L3,FALSE,0.1171,NA,13,98,NA,NA,NA,IGR,FALSE,FALSE,FALSE,FALSE,5,3,2,3_2,d4907a1b-8b06-47c5-8bca-c781d9cddaf8,NA
13,65552241,65552241,1,snv_mnv,NA,NA,"broad,muse,sanger",3,COSN7412132,NA,L1PA7,FALSE,0.3295,NA,29,59,NA,NA,NA,IGR,FALSE,FALSE,FALSE,FALSE,5,3,2,3_2,d4907a1b-8b06-47c5-8bca-c781d9cddaf8,NA
13,65984286,65984286,1,snv_mnv,NA,NA,"broad,dkfz,muse,sanger",4,COSN7412530,NA,L1MEc,FALSE,0.2456,NA,28,86,NA,NA,NA,IGR,FALSE,FALSE,FALSE,FALSE,5,3,2,3_2,d4907a1b-8b06-47c5-8bca-c781d9cddaf8,NA
13,66239488,66239488,1,snv_mnv,NA,NA,"broad,dkfz,muse,sanger",4,COSN7412759,NA,NA,FALSE,0.3839,NA,43,69,NA,NA,NA,IGR,FALSE,FALSE,TRUE,FALSE,5,3,2,3_2,d4907a1b-8b06-47c5-8bca-c781d9cddaf8,NA
13,66336249,66336249,1,snv_mnv,NA,NA,"broad,dkfz,muse,sanger",4,COSN7412852,NA,Tigger1,FALSE,0.3929,NA,33,51,NA,NA,NA,IGR,FALSE,FALSE,FALSE,FALSE,5,3,2,3_2,d4907a1b-8b06-47c5-8bca-c781d9cddaf8,NA
13,66515604,66515604,1,snv_mnv,NA,NA,"broad,dkfz,muse,sanger",4,COSN7413027,NA,NA,FALSE,0.1831,NA,26,116,NA,NA,NA,IGR,FALSE,FALSE,TRUE,FALSE,5,3,2,3_2,d4907a1b-8b06-47c5-8bca-c781d9cddaf8,NA
13,66643052,66643052,1,snv_mnv,NA,NA,"broad,dkfz,muse,sanger",4,COSN7413156,NA,NA,FALSE,0.2381,NA,25,80,NA,NA,NA,IGR,FALSE,FALSE,FALSE,FALSE,5,3,2,3_2,d4907a1b-8b06-47c5-8bca-c781d9cddaf8,NA
13,66816188,66816188,1,snv_mnv,NA,NA,"broad,dkfz,muse,sanger",4,COSN7413310,NA,LFSINE_Vert,FALSE,0.2273,NA,20,68,NA,NA,NA,IGR,FALSE,FALSE,FALSE,FALSE,5,3,2,3_2,d4907a1b-8b06-47c5-8bca-c781d9cddaf8,NA
13,66871807,66871807,1,snv_mnv,NA,NA,"broad,dkfz,muse,sanger",4,COSN7413360,NA,AluJr,FALSE,0.3077,NA,24,54,NA,NA,NA,IGR,FALSE,FALSE,FALSE,FALSE,5,3,2,3_2,d4907a1b-8b06-47c5-8bca-c781d9cddaf8,NA
13,66936105,66936105,1,snv_mnv,NA,NA,"broad,dkfz,muse,sanger",4,COSN7413409,NA,NA,FALSE,0.1351,NA,20,128,NA,NA,NA,Intron,FALSE,FALSE,FALSE,FALSE,5,3,2,3_2,d4907a1b-8b06-47c5-8bca-c781d9cddaf8,NA
13,67139283,67139283,1,snv_mnv,5.9904e-4,rs573987211,"broad,dkfz,muse,sanger",4,COSN7413574,rs573987211,NA,FALSE,0.1081,NA,12,99,NA,NA,NA,Intron,FALSE,FALSE,FALSE,FALSE,5,3,2,3_2,d4907a1b-8b06-47c5-8bca-c781d9cddaf8,NA
13,67324026,67324026,1,snv_mnv,NA,NA,"broad,dkfz,muse,sanger",4,COSN7413694,NA,L1MA8,FALSE,0.2449,NA,24,74,NA,NA,NA,Intron,FALSE,FALSE,FALSE,FALSE,5,3,2,3_2,d4907a1b-8b06-47c5-8bca-c781d9cddaf8,NA
13,67436510,67436510,1,snv_mnv,NA,NA,"broad,dkfz,muse,sanger",4,COSN7413793,NA,NA,FALSE,0.1,NA,10,90,NA,NA,NA,Intron,FALSE,FALSE,FALSE,FALSE,5,3,2,3_2,d4907a1b-8b06-47c5-8bca-c781d9cddaf8,NA
13,67870742,67870742,1,snv_mnv,NA,NA,"broad,dkfz,muse,sanger",4,COSN7414044,rs539628945,Tigger7,FALSE,0.225,NA,27,93,NA,NA,NA,IGR,FALSE,FALSE,FALSE,FALSE,5,3,2,3_2,d4907a1b-8b06-47c5-8bca-c781d9cddaf8,NA
13,68146240,68146240,1,snv_mnv,NA,NA,"broad,dkfz,muse,sanger",4,COSN7414226,NA,NA,FALSE,0.1667,NA,18,90,NA,NA,NA,IGR,FALSE,FALSE,FALSE,FALSE,5,3,2,3_2,d4907a1b-8b06-47c5-8bca-c781d9cddaf8,NA
13,68270370,68270370,1,snv_mnv,NA,NA,"broad,dkfz,muse,sanger",4,COSN7414322,NA,NA,FALSE,0.419,NA,44,61,NA,NA,NA,IGR,FALSE,FALSE,FALSE,FALSE,5,3,2,3_2,d4907a1b-8b06-47c5-8bca-c781d9cddaf8,NA
13,68280953,68280953,1,snv_mnv,NA,NA,"broad,dkfz,muse,sanger",4,COSN7414335,NA,AT_rich,FALSE,0.1188,NA,12,89,NA,NA,NA,IGR,FALSE,FALSE,FALSE,FALSE,5,3,2,3_2,d4907a1b-8b06-47c5-8bca-c781d9cddaf8,NA
13,68587004,68587004,1,snv_mnv,NA,NA,"broad,dkfz,muse,sanger",4,COSN7414577,NA,NA,FALSE,0.1019,NA,11,97,NA,NA,NA,IGR,FALSE,FALSE,FALSE,FALSE,5,3,2,3_2,d4907a1b-8b06-47c5-8bca-c781d9cddaf8,NA
13,68632863,68632863,1,snv_mnv,NA,NA,"broad,dkfz,muse,sanger",4,COSN7414615,NA,MLT1D,FALSE,0.1023,NA,9,79,NA,NA,NA,IGR,FALSE,FALSE,FALSE,FALSE,5,3,2,3_2,d4907a1b-8b06-47c5-8bca-c781d9cddaf8,NA
13,68652887,68652887,1,snv_mnv,NA,NA,"broad,dkfz,muse,sanger",4,COSN7414629,NA,NA,FALSE,0.2299,NA,20,67,NA,NA,NA,IGR,FALSE,FALSE,FALSE,FALSE,5,3,2,3_2,d4907a1b-8b06-47c5-8bca-c781d9cddaf8,NA
13,68836905,68836905,1,snv_mnv,NA,NA,"broad,dkfz,muse,sanger",4,COSN16241544,NA,MLT1B,FALSE,0.0957,NA,11,104,NA,NA,NA,IGR,FALSE,FALSE,FALSE,FALSE,5,3,2,3_2,d4907a1b-8b06-47c5-8bca-c781d9cddaf8,NA
13,68897472,68897472,1,snv_mnv,NA,NA,"broad,dkfz,muse,sanger",4,COSN7414782,NA,THE1B-int,FALSE,0.1778,NA,16,74,NA,NA,NA,IGR,FALSE,FALSE,FALSE,FALSE,5,3,2,3_2,d4907a1b-8b06-47c5-8bca-c781d9cddaf8,NA
13,68897583,68897583,1,snv_mnv,NA,NA,"broad,dkfz,muse,sanger",4,COSN7414783,NA,THE1B-int,FALSE,0.1518,NA,17,95,NA,NA,NA,IGR,FALSE,FALSE,TRUE,FALSE,5,3,2,3_2,d4907a1b-8b06-47c5-8bca-c781d9cddaf8,NA
13,69017692,69017692,1,snv_mnv,NA,NA,"broad,dkfz,muse,sanger",4,COSN7414871,NA,NA,FALSE,0.3333,NA,31,62,NA,NA,NA,IGR,FALSE,FALSE,FALSE,FALSE,5,3,2,3_2,d4907a1b-8b06-47c5-8bca-c781d9cddaf8,NA
13,69128370,69128370,1,snv_mnv,NA,NA,"broad,dkfz,muse,sanger",4,COSN7414956,NA,MER66-int,FALSE,0.4023,NA,35,52,NA,NA,NA,IGR,FALSE,FALSE,FALSE,FALSE,5,3,2,3_2,d4907a1b-8b06-47c5-8bca-c781d9cddaf8,NA
13,69336249,69336249,1,snv_mnv,NA,NA,"broad,dkfz,muse,sanger",4,COSN7415129,NA,MLT1F,FALSE,0.3929,NA,44,68,NA,NA,NA,IGR,FALSE,FALSE,FALSE,FALSE,5,3,2,3_2,d4907a1b-8b06-47c5-8bca-c781d9cddaf8,NA
13,69472915,69472915,1,snv_mnv,NA,NA,"broad,dkfz,muse,sanger",4,COSN7415252,NA,LTR10A,FALSE,0.3962,NA,42,64,NA,NA,NA,IGR,FALSE,FALSE,FALSE,FALSE,5,3,2,3_2,d4907a1b-8b06-47c5-8bca-c781d9cddaf8,NA
13,69601560,69601560,1,snv_mnv,NA,NA,"broad,dkfz,muse,sanger",4,COSN7415351,NA,NA,FALSE,0.1068,NA,11,92,NA,NA,NA,IGR,FALSE,FALSE,FALSE,FALSE,5,3,2,3_2,d4907a1b-8b06-47c5-8bca-c781d9cddaf8,NA
13,69683581,69683581,1,snv_mnv,NA,NA,"broad,dkfz,muse,sanger",4,COSN7415423,NA,NA,FALSE,0.2909,NA,32,78,NA,NA,NA,IGR,FALSE,FALSE,FALSE,FALSE,5,3,2,3_2,d4907a1b-8b06-47c5-8bca-c781d9cddaf8,NA
13,69754297,69754297,1,snv_mnv,NA,NA,"broad,dkfz,muse,sanger",4,COSN7415477,NA,NA,FALSE,0.4432,NA,39,49,NA,NA,NA,IGR,FALSE,FALSE,FALSE,FALSE,5,3,2,3_2,d4907a1b-8b06-47c5-8bca-c781d9cddaf8,NA
13,69805872,69805872,1,snv_mnv,NA,NA,"broad,dkfz,muse,sanger",4,COSN7415515,NA,L1PA17,FALSE,0.2958,NA,21,50,NA,NA,NA,lincRNA,FALSE,FALSE,FALSE,FALSE,5,3,2,3_2,d4907a1b-8b06-47c5-8bca-c781d9cddaf8,NA
13,70098718,70098718,1,snv_mnv,NA,NA,"broad,dkfz,muse,sanger",4,COSN7415707,NA,NA,FALSE,0.3303,NA,36,73,NA,NA,NA,IGR,FALSE,FALSE,FALSE,FALSE,5,3,2,3_2,d4907a1b-8b06-47c5-8bca-c781d9cddaf8,NA
13,70286163,70286163,1,snv_mnv,NA,NA,"broad,dkfz,muse,sanger",4,COSN7415819,NA,L1M5,FALSE,0.3025,NA,36,83,NA,NA,NA,Intron,FALSE,FALSE,FALSE,FALSE,5,3,2,3_2,d4907a1b-8b06-47c5-8bca-c781d9cddaf8,NA
13,71004891,71004891,1,snv_mnv,NA,NA,"broad,dkfz,muse,sanger",4,COSN7416189,NA,NA,FALSE,0.2075,NA,22,84,NA,NA,NA,IGR,FALSE,FALSE,FALSE,FALSE,5,3,2,3_2,d4907a1b-8b06-47c5-8bca-c781d9cddaf8,NA
13,71026822,71026822,1,snv_mnv,NA,NA,"broad,dkfz,muse,sanger",4,COSN7416198,NA,L1MEc,FALSE,0.2584,NA,23,66,NA,NA,NA,IGR,FALSE,FALSE,FALSE,FALSE,5,3,2,3_2,d4907a1b-8b06-47c5-8bca-c781d9cddaf8,NA
13,71337091,71337091,1,snv_mnv,NA,NA,"broad,dkfz,muse,sanger",4,COSN7416363,NA,NA,FALSE,0.1557,NA,19,103,NA,NA,NA,IGR,FALSE,FALSE,FALSE,FALSE,5,3,2,3_2,d4907a1b-8b06-47c5-8bca-c781d9cddaf8,NA
13,71418544,71418544,1,snv_mnv,NA,NA,"broad,dkfz,muse,sanger",4,COSN7416400,NA,MER52A,FALSE,0.1802,NA,20,91,NA,NA,NA,IGR,FALSE,FALSE,FALSE,FALSE,5,3,2,3_2,d4907a1b-8b06-47c5-8bca-c781d9cddaf8,NA
13,71507074,71507074,1,snv_mnv,NA,NA,"broad,dkfz,muse,sanger",4,COSN7416434,NA,NA,FALSE,0.4579,NA,49,58,NA,NA,NA,IGR,FALSE,FALSE,FALSE,FALSE,5,3,2,3_2,d4907a1b-8b06-47c5-8bca-c781d9cddaf8,NA
13,71680966,71680966,1,snv_mnv,NA,NA,"broad,dkfz,muse,sanger",4,COSN7416488,NA,MLT1B,FALSE,0.1875,NA,21,91,NA,NA,NA,lincRNA,FALSE,FALSE,FALSE,FALSE,5,3,2,3_2,d4907a1b-8b06-47c5-8bca-c781d9cddaf8,NA
13,72838432,72838432,1,snv_mnv,NA,NA,"broad,dkfz,muse,sanger",4,COSN7416851,NA,NA,FALSE,0.15310000000000001,NA,15,83,NA,NA,NA,IGR,FALSE,FALSE,FALSE,FALSE,5,3,2,3_2,d4907a1b-8b06-47c5-8bca-c781d9cddaf8,NA
13,73520344,73520344,1,snv_mnv,NA,NA,"broad,dkfz,muse,sanger",4,COSN7417021,NA,THE1C,FALSE,0.2712,NA,32,86,NA,NA,NA,Intron,FALSE,FALSE,FALSE,FALSE,5,3,2,3_2,d4907a1b-8b06-47c5-8bca-c781d9cddaf8,NA
13,73604991,73604991,1,snv_mnv,NA,NA,"broad,dkfz,muse,sanger",4,COSN7417037,NA,AluJo,FALSE,0.3247,NA,25,52,NA,NA,NA,IGR,FALSE,FALSE,FALSE,FALSE,5,3,2,3_2,d4907a1b-8b06-47c5-8bca-c781d9cddaf8,NA
13,73631512,73631512,1,snv_mnv,NA,NA,"broad,dkfz,muse,sanger",4,COSN7417045,NA,NA,FALSE,0.2689,NA,32,87,NA,NA,NA,5'Flank,FALSE,FALSE,FALSE,FALSE,5,3,2,3_2,d4907a1b-8b06-47c5-8bca-c781d9cddaf8,KLF5
13,73646374,73646374,1,snv_mnv,3.9936e-4,rs144518207,"broad,dkfz,muse,sanger",4,COSN7417051,rs144518207,NA,FALSE,0.3,NA,30,70,NA,NA,NA,Intron,FALSE,FALSE,FALSE,FALSE,5,3,2,3_2,d4907a1b-8b06-47c5-8bca-c781d9cddaf8,KLF5
13,74664686,74664686,1,snv_mnv,NA,NA,"broad,dkfz,muse,sanger",4,COSN7417273,NA,L1MD,FALSE,0.2202,NA,24,85,NA,NA,NA,Intron,FALSE,FALSE,TRUE,FALSE,5,3,2,3_2,d4907a1b-8b06-47c5-8bca-c781d9cddaf8,NA
13,75093112,75093112,1,snv_mnv,NA,NA,"broad,dkfz,muse,sanger",4,COSN7417410,NA,NA,FALSE,0.292,NA,33,80,NA,NA,NA,IGR,FALSE,FALSE,FALSE,FALSE,5,3,2,3_2,d4907a1b-8b06-47c5-8bca-c781d9cddaf8,NA
13,75146776,75146776,1,snv_mnv,NA,NA,"broad,dkfz,muse,sanger",4,COSN7417433,NA,NA,FALSE,0.3884,NA,40,63,NA,NA,NA,IGR,FALSE,FALSE,FALSE,FALSE,5,3,2,3_2,d4907a1b-8b06-47c5-8bca-c781d9cddaf8,NA
13,75188805,75188805,1,snv_mnv,NA,NA,"broad,muse,sanger",3,COSN7417462,NA,AluSp,FALSE,0.2407,NA,13,41,NA,NA,NA,IGR,FALSE,FALSE,FALSE,FALSE,5,3,2,3_2,d4907a1b-8b06-47c5-8bca-c781d9cddaf8,NA
13,75567335,75567335,1,snv_mnv,NA,NA,"broad,dkfz,muse,sanger",4,COSN7417657,NA,NA,FALSE,0.2614,NA,23,65,NA,NA,NA,IGR,FALSE,FALSE,FALSE,FALSE,5,3,2,3_2,d4907a1b-8b06-47c5-8bca-c781d9cddaf8,NA
13,75855780,75855780,1,snv_mnv,NA,NA,"broad,dkfz,muse",3,COSN7417762,NA,L1PB1,FALSE,0.1562,NA,15,81,NA,NA,NA,IGR,FALSE,FALSE,FALSE,FALSE,5,3,2,3_2,d4907a1b-8b06-47c5-8bca-c781d9cddaf8,TBC1D4
13,76083418,76083418,1,snv_mnv,NA,NA,"broad,dkfz,muse,sanger",4,COSN7417805,NA,L1MB1,FALSE,0.2766,NA,26,68,NA,NA,NA,IGR,FALSE,FALSE,FALSE,FALSE,5,3,2,3_2,d4907a1b-8b06-47c5-8bca-c781d9cddaf8,NA
13,76150712,76150712,1,snv_mnv,NA,NA,"broad,muse,sanger",3,COSN7417823,NA,AluY,FALSE,0.2967,NA,27,64,NA,NA,NA,Intron,FALSE,FALSE,FALSE,FALSE,5,3,2,3_2,d4907a1b-8b06-47c5-8bca-c781d9cddaf8,NA
13,76517086,76517086,1,snv_mnv,NA,NA,"broad,dkfz,muse,sanger",4,COSN7417887,NA,NA,FALSE,0.1333,NA,14,91,NA,NA,NA,IGR,FALSE,FALSE,FALSE,FALSE,5,3,2,3_2,d4907a1b-8b06-47c5-8bca-c781d9cddaf8,NA
13,76770036,76770036,1,snv_mnv,NA,NA,"broad,dkfz,muse,sanger",4,COSN7417967,NA,L1PA15,FALSE,0.3359,NA,44,87,NA,NA,NA,IGR,FALSE,FALSE,TRUE,FALSE,5,3,2,3_2,d4907a1b-8b06-47c5-8bca-c781d9cddaf8,NA
13,77059656,77059656,1,snv_mnv,7.9872e-4,rs376779437,"broad,dkfz,muse,sanger",4,COSN7418057,rs376779437,Tigger1,FALSE,0.3707,NA,43,73,NA,NA,NA,IGR,FALSE,FALSE,FALSE,FALSE,5,3,2,3_2,d4907a1b-8b06-47c5-8bca-c781d9cddaf8,NA
13,77381069,77381069,1,snv_mnv,1.9968e-4,rs532369488,"broad,dkfz,muse,sanger",4,COSN7418150,rs532369488,NA,FALSE,0.1786,NA,15,69,NA,NA,NA,IGR,FALSE,FALSE,FALSE,FALSE,5,3,2,3_2,d4907a1b-8b06-47c5-8bca-c781d9cddaf8,NA
13,77981756,77981756,1,snv_mnv,NA,NA,"broad,dkfz,muse,sanger",4,COSN7418283,NA,NA,FALSE,0.3913,NA,36,56,NA,NA,NA,IGR,FALSE,FALSE,FALSE,FALSE,5,3,2,3_2,d4907a1b-8b06-47c5-8bca-c781d9cddaf8,NA
13,77986066,77986066,1,snv_mnv,NA,NA,"broad,dkfz,muse,sanger",4,COSN7418286,NA,NA,FALSE,0.2523,NA,27,80,NA,NA,NA,IGR,FALSE,FALSE,TRUE,FALSE,5,3,2,3_2,d4907a1b-8b06-47c5-8bca-c781d9cddaf8,NA
13,78111207,78111207,1,snv_mnv,NA,NA,"broad,dkfz,muse,sanger",4,COSN7418330,NA,NA,FALSE,0.2459,NA,30,92,NA,NA,NA,Intron,FALSE,FALSE,TRUE,FALSE,5,3,2,3_2,d4907a1b-8b06-47c5-8bca-c781d9cddaf8,NA
13,78882042,78882042,1,snv_mnv,NA,NA,"broad,dkfz,muse,sanger",4,COSN7418656,NA,MIRc,FALSE,0.2407,NA,26,82,NA,NA,NA,RNA,FALSE,FALSE,FALSE,FALSE,5,3,2,3_2,d4907a1b-8b06-47c5-8bca-c781d9cddaf8,NA
13,79001401,79001401,1,snv_mnv,NA,NA,"broad,dkfz,muse,sanger",4,COSN7418744,NA,HERVP71A-int,FALSE,0.3297,NA,30,61,NA,NA,NA,RNA,FALSE,FALSE,FALSE,FALSE,5,3,2,3_2,d4907a1b-8b06-47c5-8bca-c781d9cddaf8,RPL31P54
13,79006320,79006320,1,snv_mnv,NA,NA,"broad,dkfz,muse,sanger",4,COSN7418748,NA,AluSx1,FALSE,0.1443,NA,14,83,NA,NA,NA,RNA,FALSE,FALSE,FALSE,FALSE,5,3,2,3_2,d4907a1b-8b06-47c5-8bca-c781d9cddaf8,NA
13,79100492,79100492,1,snv_mnv,3.9936e-4,rs567529543,"broad,dkfz,muse,sanger",4,COSN7418805,rs567529543,L1PA5,FALSE,0.2442,NA,21,65,NA,NA,NA,RNA,FALSE,FALSE,FALSE,FALSE,5,3,2,3_2,d4907a1b-8b06-47c5-8bca-c781d9cddaf8,NA
13,79387627,79387627,1,snv_mnv,NA,NA,"broad,dkfz,muse,sanger",4,COSN7418918,NA,NA,FALSE,0.4018,NA,45,67,NA,NA,NA,IGR,FALSE,FALSE,FALSE,FALSE,5,3,2,3_2,d4907a1b-8b06-47c5-8bca-c781d9cddaf8,NA
13,79559911,79559911,1,snv_mnv,NA,NA,"broad,dkfz,muse,sanger",4,COSN7419004,NA,NA,FALSE,0.3271,NA,35,72,NA,NA,NA,IGR,FALSE,FALSE,FALSE,FALSE,5,3,2,3_2,d4907a1b-8b06-47c5-8bca-c781d9cddaf8,NA
13,81098538,81098538,1,snv_mnv,NA,NA,"broad,dkfz,muse,sanger",4,COSN7419407,NA,L2a,FALSE,0.1529,NA,13,72,NA,NA,NA,IGR,FALSE,FALSE,FALSE,FALSE,5,3,2,3_2,d4907a1b-8b06-47c5-8bca-c781d9cddaf8,NA
13,81701332,81701332,1,snv_mnv,NA,NA,"broad,dkfz,muse,sanger",4,COSN7419627,NA,L1M3,FALSE,0.1553,NA,16,87,NA,NA,NA,IGR,FALSE,FALSE,FALSE,FALSE,5,3,2,3_2,d4907a1b-8b06-47c5-8bca-c781d9cddaf8,NA
13,81923283,81923283,1,snv_mnv,NA,NA,"broad,dkfz,muse,sanger",4,COSN7419710,NA,NA,FALSE,0.0932,NA,11,107,NA,NA,NA,IGR,FALSE,FALSE,TRUE,FALSE,5,3,2,3_2,d4907a1b-8b06-47c5-8bca-c781d9cddaf8,NA
13,81998716,81998716,1,snv_mnv,NA,NA,"broad,dkfz,muse,sanger",4,COSN7419743,NA,NA,FALSE,0.1,NA,11,99,NA,NA,NA,IGR,FALSE,FALSE,FALSE,FALSE,5,3,2,3_2,d4907a1b-8b06-47c5-8bca-c781d9cddaf8,NA
13,82347726,82347726,1,snv_mnv,NA,NA,"broad,dkfz,muse",3,COSN7419869,NA,(CA)n,FALSE,0.3061,NA,30,68,NA,NA,NA,IGR,FALSE,FALSE,FALSE,FALSE,5,3,2,3_2,d4907a1b-8b06-47c5-8bca-c781d9cddaf8,NA
13,83076353,83076353,1,snv_mnv,NA,NA,"broad,dkfz,muse,sanger",4,COSN7420308,NA,NA,FALSE,0.1474,NA,14,81,NA,NA,NA,IGR,FALSE,FALSE,FALSE,FALSE,5,3,2,3_2,d4907a1b-8b06-47c5-8bca-c781d9cddaf8,NA
13,83084582,83084582,1,snv_mnv,0.0027955,rs376052262,"broad,dkfz,muse,sanger",4,COSN7420313,rs376052262,AluYc,FALSE,0.2985,NA,20,47,NA,NA,NA,IGR,FALSE,FALSE,FALSE,FALSE,5,3,2,3_2,d4907a1b-8b06-47c5-8bca-c781d9cddaf8,NA
13,83270816,83270816,1,snv_mnv,NA,NA,"broad,dkfz,muse,sanger",4,COSN7420450,NA,NA,FALSE,0.2979,NA,28,66,NA,NA,NA,IGR,FALSE,FALSE,TRUE,FALSE,5,3,2,3_2,d4907a1b-8b06-47c5-8bca-c781d9cddaf8,NA
13,83315614,83315614,1,snv_mnv,NA,NA,"broad,dkfz,muse,sanger",4,COSN7420475,NA,NA,FALSE,0.299,NA,29,68,NA,NA,NA,IGR,FALSE,FALSE,FALSE,FALSE,5,3,2,3_2,d4907a1b-8b06-47c5-8bca-c781d9cddaf8,NA
13,83566597,83566597,1,snv_mnv,0.0021965,rs147139268,"broad,dkfz,muse,sanger",4,COSN7420684,rs147139268,NA,FALSE,0.3939,NA,39,60,NA,NA,NA,IGR,FALSE,FALSE,FALSE,FALSE,5,3,2,3_2,d4907a1b-8b06-47c5-8bca-c781d9cddaf8,NA
13,83837296,83837296,1,snv_mnv,NA,NA,"broad,dkfz,muse",3,COSN7420886,NA,THE1C,FALSE,0.1359,NA,14,89,NA,NA,NA,IGR,FALSE,FALSE,FALSE,FALSE,5,3,2,3_2,d4907a1b-8b06-47c5-8bca-c781d9cddaf8,NA
13,83947852,83947852,1,snv_mnv,NA,NA,"broad,dkfz,muse,sanger",4,COSN7420969,NA,L1MA3,FALSE,0.1771,NA,17,79,NA,NA,NA,IGR,FALSE,FALSE,FALSE,FALSE,5,3,2,3_2,d4907a1b-8b06-47c5-8bca-c781d9cddaf8,NA
13,84231324,84231324,1,snv_mnv,NA,NA,"broad,dkfz,muse,sanger",4,COSN7421216,NA,NA,FALSE,0.1579,NA,15,80,NA,NA,NA,IGR,FALSE,FALSE,FALSE,FALSE,5,3,2,3_2,d4907a1b-8b06-47c5-8bca-c781d9cddaf8,NA
13,84841214,84841214,1,snv_mnv,NA,NA,"broad,dkfz,muse,sanger",4,COSN7421705,NA,NA,FALSE,0.4688,NA,45,51,NA,NA,NA,IGR,FALSE,FALSE,FALSE,FALSE,5,3,2,3_2,d4907a1b-8b06-47c5-8bca-c781d9cddaf8,NA
13,84878528,84878528,1,snv_mnv,NA,NA,"broad,dkfz,muse,sanger",4,COSN7421733,NA,NA,FALSE,0.1864,NA,22,96,NA,NA,NA,IGR,FALSE,FALSE,FALSE,FALSE,5,3,2,3_2,d4907a1b-8b06-47c5-8bca-c781d9cddaf8,NA
13,85051782,85051782,1,snv_mnv,NA,NA,"broad,dkfz,muse,sanger",4,COSN7421897,NA,L1MB3,FALSE,0.1026,NA,12,105,NA,NA,NA,IGR,FALSE,FALSE,FALSE,FALSE,5,3,2,3_2,d4907a1b-8b06-47c5-8bca-c781d9cddaf8,NA
13,85061562,85061562,1,snv_mnv,NA,NA,"broad,dkfz,muse,sanger",4,COSN7421907,NA,NA,FALSE,0.2887,NA,28,69,NA,NA,NA,IGR,FALSE,FALSE,FALSE,FALSE,5,3,2,3_2,d4907a1b-8b06-47c5-8bca-c781d9cddaf8,NA
13,85217634,85217634,1,snv_mnv,NA,NA,"broad,dkfz,muse,sanger",4,COSN7422037,NA,NA,FALSE,0.0949,NA,13,124,NA,NA,NA,IGR,FALSE,FALSE,FALSE,FALSE,5,3,2,3_2,d4907a1b-8b06-47c5-8bca-c781d9cddaf8,NA
13,85415963,85415963,1,snv_mnv,NA,NA,"broad,dkfz,muse,sanger",4,COSN7422159,NA,NA,FALSE,0.2018,NA,23,91,NA,NA,NA,IGR,FALSE,FALSE,FALSE,FALSE,5,3,2,3_2,d4907a1b-8b06-47c5-8bca-c781d9cddaf8,NA
13,85942839,85942839,1,snv_mnv,NA,NA,"broad,dkfz,muse,sanger",4,COSN7422351,NA,NA,FALSE,0.4412,NA,45,57,NA,NA,NA,lincRNA,FALSE,FALSE,TRUE,FALSE,5,3,2,3_2,d4907a1b-8b06-47c5-8bca-c781d9cddaf8,NA
13,86034557,86034557,1,snv_mnv,NA,NA,"broad,dkfz,muse,sanger",4,COSN7422389,NA,AluYa5,FALSE,0.2703,NA,20,54,NA,NA,NA,lincRNA,FALSE,FALSE,FALSE,FALSE,5,3,2,3_2,d4907a1b-8b06-47c5-8bca-c781d9cddaf8,NA
13,86516715,86516715,1,snv_mnv,NA,NA,"broad,dkfz,muse,sanger",4,COSN7422583,NA,L1ME2,FALSE,0.1748,NA,18,85,NA,NA,NA,IGR,FALSE,FALSE,TRUE,FALSE,5,3,2,3_2,d4907a1b-8b06-47c5-8bca-c781d9cddaf8,NA
13,86753609,86753609,1,snv_mnv,NA,NA,"broad,dkfz,muse,sanger",4,COSN7422752,NA,L1ME1,FALSE,0.2605,NA,31,88,NA,NA,NA,IGR,FALSE,FALSE,FALSE,FALSE,5,3,2,3_2,d4907a1b-8b06-47c5-8bca-c781d9cddaf8,NA
13,86980438,86980438,1,snv_mnv,NA,NA,"broad,dkfz,muse,sanger",4,COSN7422816,rs770600366,NA,FALSE,0.2353,NA,20,65,NA,NA,NA,IGR,FALSE,FALSE,FALSE,FALSE,5,3,2,3_2,d4907a1b-8b06-47c5-8bca-c781d9cddaf8,NA
13,86992668,86992668,1,snv_mnv,NA,NA,"broad,dkfz,muse,sanger",4,COSN7422833,NA,L1M1,FALSE,0.1453,NA,17,100,NA,NA,NA,IGR,FALSE,FALSE,FALSE,FALSE,5,3,2,3_2,d4907a1b-8b06-47c5-8bca-c781d9cddaf8,NA
13,87078893,87078893,1,snv_mnv,NA,NA,"broad,muse,sanger",3,COSN7422918,NA,MLT1D,FALSE,0.1364,NA,15,95,NA,NA,NA,IGR,FALSE,FALSE,FALSE,FALSE,5,3,2,3_2,d4907a1b-8b06-47c5-8bca-c781d9cddaf8,NA
13,87337263,87337263,1,snv_mnv,NA,NA,"broad,dkfz,muse,sanger",4,COSN7423140,NA,NA,FALSE,0.3565,NA,41,74,NA,NA,NA,IGR,FALSE,FALSE,FALSE,FALSE,5,3,2,3_2,d4907a1b-8b06-47c5-8bca-c781d9cddaf8,NA
13,87862820,87862820,1,snv_mnv,NA,NA,"broad,dkfz,muse,sanger",4,COSN7423589,NA,NA,FALSE,0.2766,NA,26,68,NA,NA,NA,IGR,FALSE,FALSE,FALSE,FALSE,5,3,2,3_2,d4907a1b-8b06-47c5-8bca-c781d9cddaf8,NA
13,87957187,87957187,1,snv_mnv,NA,NA,"broad,dkfz,muse,sanger",4,COSN7423655,NA,THE1B,FALSE,0.1188,NA,12,89,NA,NA,NA,IGR,FALSE,FALSE,FALSE,FALSE,5,3,2,3_2,d4907a1b-8b06-47c5-8bca-c781d9cddaf8,NA
13,87973524,87973524,1,snv_mnv,NA,NA,"broad,dkfz,muse,sanger",4,COSN7423667,NA,NA,FALSE,0.3542,NA,34,62,NA,NA,NA,IGR,FALSE,FALSE,FALSE,FALSE,5,3,2,3_2,d4907a1b-8b06-47c5-8bca-c781d9cddaf8,NA
13,87974400,87974400,1,snv_mnv,NA,NA,"broad,dkfz,muse,sanger",4,COSN7423669,NA,NA,FALSE,0.2301,NA,26,87,NA,NA,NA,IGR,FALSE,FALSE,TRUE,FALSE,5,3,2,3_2,d4907a1b-8b06-47c5-8bca-c781d9cddaf8,NA
13,88012427,88012427,1,snv_mnv,NA,NA,"broad,dkfz,muse,sanger",4,COSN7423693,NA,L1MB1,FALSE,0.1429,NA,15,90,NA,NA,NA,IGR,FALSE,FALSE,FALSE,FALSE,5,3,2,3_2,d4907a1b-8b06-47c5-8bca-c781d9cddaf8,NA
13,88492674,88492674,1,snv_mnv,NA,NA,"broad,dkfz,muse,sanger",4,COSN7424057,NA,NA,FALSE,0.1058,NA,11,93,NA,NA,NA,IGR,FALSE,FALSE,FALSE,FALSE,5,3,2,3_2,d4907a1b-8b06-47c5-8bca-c781d9cddaf8,NA
13,88762155,88762155,1,snv_mnv,NA,NA,"broad,dkfz,muse,sanger",4,COSN7424259,NA,NA,FALSE,0.3214,NA,36,76,NA,NA,NA,IGR,FALSE,FALSE,FALSE,FALSE,5,3,2,3_2,d4907a1b-8b06-47c5-8bca-c781d9cddaf8,NA
13,88812544,88812544,1,snv_mnv,NA,NA,"broad,dkfz,muse,sanger",4,COSN7424305,NA,ERVL-B4-int,FALSE,0.4672,NA,57,65,NA,NA,NA,lincRNA,FALSE,FALSE,FALSE,FALSE,5,3,2,3_2,d4907a1b-8b06-47c5-8bca-c781d9cddaf8,NA
13,88972231,88972231,1,snv_mnv,NA,NA,"broad,dkfz,muse,sanger",4,COSN7424414,NA,NA,FALSE,0.4182,NA,46,64,NA,NA,NA,IGR,FALSE,FALSE,FALSE,FALSE,5,3,2,3_2,d4907a1b-8b06-47c5-8bca-c781d9cddaf8,NA
13,89187760,89187760,1,snv_mnv,NA,NA,"broad,dkfz,muse,sanger",4,COSN7424534,NA,NA,FALSE,0.2019,NA,21,83,NA,NA,NA,IGR,FALSE,FALSE,FALSE,FALSE,5,3,2,3_2,d4907a1b-8b06-47c5-8bca-c781d9cddaf8,NA
13,89205331,89205331,1,snv_mnv,NA,NA,"broad,dkfz,muse,sanger",4,COSN7424547,NA,LTR31,FALSE,0.1368,NA,16,101,NA,NA,NA,IGR,FALSE,FALSE,FALSE,FALSE,5,3,2,3_2,d4907a1b-8b06-47c5-8bca-c781d9cddaf8,NA
13,89325791,89325791,1,snv_mnv,NA,NA,"dkfz,muse,sanger",3,COSN7424619,NA,NA,FALSE,0.1034,NA,9,78,NA,NA,NA,IGR,FALSE,FALSE,FALSE,FALSE,5,3,2,3_2,d4907a1b-8b06-47c5-8bca-c781d9cddaf8,NA
13,89399846,89399846,1,snv_mnv,NA,NA,"broad,dkfz,muse,sanger",4,COSN7424662,NA,AluSx1,FALSE,0.1263,NA,12,83,NA,NA,NA,IGR,FALSE,FALSE,FALSE,FALSE,5,3,2,3_2,d4907a1b-8b06-47c5-8bca-c781d9cddaf8,NA
13,89478546,89478546,1,snv_mnv,NA,NA,"broad,dkfz,muse",3,COSN7424714,NA,(TG)n,FALSE,0.0909,NA,11,110,NA,NA,NA,IGR,FALSE,FALSE,FALSE,FALSE,5,3,2,3_2,d4907a1b-8b06-47c5-8bca-c781d9cddaf8,NA
13,90233784,90233784,1,snv_mnv,NA,NA,"broad,dkfz,muse,sanger",4,COSN7425023,NA,AluSx1,FALSE,0.1951,NA,16,66,NA,NA,NA,IGR,FALSE,FALSE,FALSE,FALSE,5,3,2,3_2,d4907a1b-8b06-47c5-8bca-c781d9cddaf8,NA
13,90642012,90642012,1,snv_mnv,NA,NA,"broad,dkfz,muse,sanger",4,COSN7425211,NA,NA,FALSE,0.3333,NA,18,36,NA,NA,NA,IGR,FALSE,FALSE,TRUE,FALSE,5,3,2,3_2,d4907a1b-8b06-47c5-8bca-c781d9cddaf8,PEX12P1
13,90941199,90941199,1,snv_mnv,NA,NA,"broad,dkfz,muse,sanger",4,COSN7425360,NA,AluSc,FALSE,0.2875,NA,23,57,NA,NA,NA,IGR,FALSE,FALSE,FALSE,FALSE,5,3,2,3_2,d4907a1b-8b06-47c5-8bca-c781d9cddaf8,NA
13,91415482,91415482,1,snv_mnv,NA,NA,"broad,dkfz,muse,sanger",4,COSN7425561,NA,L2c,FALSE,0.1477,NA,13,75,NA,NA,NA,IGR,FALSE,FALSE,FALSE,FALSE,5,3,2,3_2,d4907a1b-8b06-47c5-8bca-c781d9cddaf8,NA
13,91456282,91456282,1,snv_mnv,NA,NA,"broad,dkfz,muse,sanger",4,COSN7425576,NA,NA,FALSE,0.2126,NA,27,100,NA,NA,NA,IGR,FALSE,FALSE,FALSE,FALSE,5,3,2,3_2,d4907a1b-8b06-47c5-8bca-c781d9cddaf8,NA
13,92271841,92271841,1,snv_mnv,NA,NA,"broad,dkfz,muse,sanger",4,COSN7425863,NA,NA,FALSE,0.2762,NA,29,76,NA,NA,NA,Intron,FALSE,FALSE,FALSE,FALSE,5,3,2,3_2,d4907a1b-8b06-47c5-8bca-c781d9cddaf8,NA
13,92337240,92337240,1,snv_mnv,NA,NA,"broad,dkfz,muse,sanger",4,COSN7425909,NA,L2a,FALSE,0.4479,NA,43,53,NA,NA,NA,Intron,FALSE,FALSE,FALSE,FALSE,5,3,2,3_2,d4907a1b-8b06-47c5-8bca-c781d9cddaf8,NA
13,92603208,92603208,1,snv_mnv,NA,NA,"broad,dkfz,muse,sanger",4,COSN7426071,NA,NA,FALSE,0.2617,NA,28,79,NA,NA,NA,Intron,FALSE,FALSE,FALSE,FALSE,5,3,2,3_2,d4907a1b-8b06-47c5-8bca-c781d9cddaf8,NA
13,93002876,93002876,1,snv_mnv,NA,NA,"broad,dkfz,muse,sanger",4,COSN7426217,NA,L1MA7,FALSE,0.1515,NA,15,84,NA,NA,NA,Intron,FALSE,FALSE,FALSE,FALSE,5,3,2,3_2,d4907a1b-8b06-47c5-8bca-c781d9cddaf8,NA
13,93359751,93359751,1,snv_mnv,NA,NA,"broad,dkfz,muse,sanger",4,COSN7426353,NA,NA,FALSE,0.1927,NA,21,88,NA,NA,NA,Intron,FALSE,FALSE,FALSE,FALSE,5,3,2,3_2,d4907a1b-8b06-47c5-8bca-c781d9cddaf8,NA
13,93724195,93724195,1,snv_mnv,NA,NA,"broad,dkfz,muse,sanger",4,COSN7426546,NA,L1PA15,FALSE,0.4245,NA,45,61,NA,NA,NA,IGR,FALSE,FALSE,FALSE,FALSE,5,3,2,3_2,d4907a1b-8b06-47c5-8bca-c781d9cddaf8,NA
13,93970877,93970877,1,snv_mnv,NA,NA,"broad,dkfz,muse,sanger",4,COSN7426689,NA,NA,FALSE,0.3023,NA,26,60,NA,NA,NA,Intron,FALSE,FALSE,FALSE,FALSE,5,3,2,3_2,d4907a1b-8b06-47c5-8bca-c781d9cddaf8,NA
13,94091183,94091183,1,snv_mnv,NA,NA,"broad,dkfz,muse,sanger",4,COSN7426771,NA,Tigger1,FALSE,0.3441,NA,32,61,NA,NA,NA,Intron,FALSE,FALSE,FALSE,FALSE,5,3,2,3_2,d4907a1b-8b06-47c5-8bca-c781d9cddaf8,NA
13,94164036,94164036,1,snv_mnv,NA,NA,"broad,muse,sanger",3,COSN7426815,NA,L1MA4A,FALSE,0.1193,NA,13,96,NA,NA,NA,Intron,FALSE,FALSE,FALSE,FALSE,5,3,2,3_2,d4907a1b-8b06-47c5-8bca-c781d9cddaf8,NA
13,94325818,94325818,1,snv_mnv,NA,NA,"broad,dkfz,muse,sanger",4,COSN7426923,NA,NA,FALSE,0.2975,NA,36,85,NA,NA,NA,Intron,FALSE,FALSE,FALSE,FALSE,5,3,2,3_2,d4907a1b-8b06-47c5-8bca-c781d9cddaf8,NA
13,94337187,94337187,1,snv_mnv,NA,NA,"broad,dkfz,muse,sanger",4,COSN7426936,NA,NA,FALSE,0.14,NA,14,86,NA,NA,NA,Intron,FALSE,FALSE,FALSE,FALSE,5,3,2,3_2,d4907a1b-8b06-47c5-8bca-c781d9cddaf8,NA
13,94816944,94816944,1,snv_mnv,1.9968e-4,rs563763196,"broad,dkfz,muse,sanger",4,COSN7427211,rs563763196,NA,FALSE,0.3864,NA,34,54,NA,NA,NA,Intron,FALSE,FALSE,FALSE,FALSE,5,3,2,3_2,d4907a1b-8b06-47c5-8bca-c781d9cddaf8,NA
13,95683160,95683160,1,snv_mnv,NA,NA,"broad,dkfz,muse,sanger",4,COSN7427424,NA,NA,FALSE,0.1702,NA,16,78,NA,NA,NA,Intron,FALSE,FALSE,FALSE,FALSE,5,3,2,3_2,d4907a1b-8b06-47c5-8bca-c781d9cddaf8,NA
13,96386593,96386593,1,snv_mnv,NA,NA,"broad,dkfz,muse,sanger",4,COSN7427560,NA,L1PA2,FALSE,0.094,NA,11,106,NA,NA,NA,Intron,FALSE,FALSE,FALSE,FALSE,5,3,2,3_2,d4907a1b-8b06-47c5-8bca-c781d9cddaf8,NA
13,96780711,96780711,1,snv_mnv,NA,NA,"broad,dkfz,muse,sanger",4,COSN7427635,NA,NA,FALSE,0.268,NA,26,71,NA,NA,NA,Intron,FALSE,FALSE,FALSE,FALSE,5,3,2,3_2,d4907a1b-8b06-47c5-8bca-c781d9cddaf8,NA
13,97274491,97274491,1,snv_mnv,NA,NA,"broad,dkfz,muse,sanger",4,COSN7427816,NA,LTR65,FALSE,0.2973,NA,33,78,NA,NA,NA,Intron,FALSE,FALSE,FALSE,FALSE,5,3,2,3_2,d4907a1b-8b06-47c5-8bca-c781d9cddaf8,NA
13,100337685,100337685,1,snv_mnv,NA,NA,"broad,dkfz,muse,sanger",4,COSN7389445,NA,NA,FALSE,0.375,NA,42,70,NA,NA,NA,Intron,FALSE,FALSE,FALSE,FALSE,5,3,2,3_2,d4907a1b-8b06-47c5-8bca-c781d9cddaf8,CLYBL-AS2
13,101450778,101450778,1,snv_mnv,9.984e-4,rs181804312,"broad,dkfz,muse,sanger",4,COSN7389709,rs181804312,NA,FALSE,0.3103,NA,36,80,NA,NA,NA,RNA,FALSE,FALSE,FALSE,FALSE,5,3,2,3_2,d4907a1b-8b06-47c5-8bca-c781d9cddaf8,NA
13,102033185,102033185,1,snv_mnv,NA,NA,"broad,dkfz,muse,sanger",4,COSN7390023,NA,NA,FALSE,0.2029,NA,14,55,NA,NA,NA,Intron,FALSE,FALSE,FALSE,FALSE,5,3,2,3_2,d4907a1b-8b06-47c5-8bca-c781d9cddaf8,NA
13,103005078,103005078,1,snv_mnv,NA,NA,"broad,muse,sanger",3,COSN7390467,NA,AluY,FALSE,0.2949,NA,23,55,NA,NA,NA,Intron,FALSE,FALSE,FALSE,FALSE,5,3,2,3_2,d4907a1b-8b06-47c5-8bca-c781d9cddaf8,NA
13,104383701,104383701,1,snv_mnv,NA,NA,"broad,dkfz,muse,sanger",4,COSN7390905,NA,NA,FALSE,0.1379,NA,16,100,NA,NA,NA,IGR,FALSE,FALSE,FALSE,FALSE,5,3,2,3_2,d4907a1b-8b06-47c5-8bca-c781d9cddaf8,NA
13,105099382,105099382,1,snv_mnv,NA,NA,"broad,dkfz,muse,sanger",4,COSN7391143,NA,LTR85b,FALSE,0.2157,NA,22,80,NA,NA,NA,IGR,FALSE,FALSE,TRUE,FALSE,5,3,2,3_2,d4907a1b-8b06-47c5-8bca-c781d9cddaf8,NA
13,105366470,105366470,1,snv_mnv,NA,NA,"broad,dkfz,muse,sanger",4,COSN7391271,NA,LTR1,FALSE,0.4118,NA,35,50,NA,NA,NA,IGR,FALSE,FALSE,TRUE,FALSE,5,3,2,3_2,d4907a1b-8b06-47c5-8bca-c781d9cddaf8,NA
13,105589873,105589873,1,snv_mnv,NA,NA,"broad,dkfz,muse,sanger",4,COSN7391375,NA,NA,FALSE,0.2022,NA,18,71,NA,NA,NA,IGR,FALSE,FALSE,FALSE,FALSE,5,3,2,3_2,d4907a1b-8b06-47c5-8bca-c781d9cddaf8,NA
13,105591239,105591239,1,snv_mnv,NA,NA,"broad,dkfz,muse,sanger",4,COSN7391377,NA,NA,FALSE,0.1728,NA,14,67,NA,NA,NA,IGR,FALSE,FALSE,FALSE,FALSE,5,3,2,3_2,d4907a1b-8b06-47c5-8bca-c781d9cddaf8,NA
13,105719268,105719268,1,snv_mnv,NA,NA,"broad,dkfz,muse,sanger",4,COSN7391441,NA,L1MCa,FALSE,0.2391,NA,22,70,NA,NA,NA,IGR,FALSE,FALSE,FALSE,FALSE,5,3,2,3_2,d4907a1b-8b06-47c5-8bca-c781d9cddaf8,NA
13,105721300,105721300,1,snv_mnv,NA,NA,"broad,dkfz,muse,sanger",4,COSN7391442,NA,NA,FALSE,0.3516,NA,32,59,NA,NA,NA,IGR,FALSE,FALSE,FALSE,FALSE,5,3,2,3_2,d4907a1b-8b06-47c5-8bca-c781d9cddaf8,NA
13,105926222,105926222,1,snv_mnv,NA,NA,"broad,dkfz,muse,sanger",4,COSN7391523,NA,L1P4b,FALSE,0.1622,NA,12,62,NA,NA,NA,IGR,FALSE,FALSE,FALSE,FALSE,5,3,2,3_2,d4907a1b-8b06-47c5-8bca-c781d9cddaf8,NA
13,105957714,105957714,1,snv_mnv,NA,NA,"broad,dkfz,muse,sanger",4,COSN7391537,NA,NA,FALSE,0.1304,NA,12,80,NA,NA,NA,IGR,FALSE,FALSE,FALSE,FALSE,5,3,2,3_2,d4907a1b-8b06-47c5-8bca-c781d9cddaf8,NA
13,106110901,106110901,1,snv_mnv,NA,NA,"broad,dkfz,muse,sanger",4,COSN7391594,NA,NA,FALSE,0.1494,NA,13,74,NA,NA,NA,RNA,FALSE,FALSE,FALSE,FALSE,5,3,2,3_2,d4907a1b-8b06-47c5-8bca-c781d9cddaf8,"RF02090,DAOA-AS1,RF02091"
13,106714139,106714139,1,snv_mnv,NA,NA,"broad,dkfz,muse,sanger",4,COSN7391757,NA,NA,FALSE,0.2632,NA,20,56,NA,NA,NA,IGR,FALSE,FALSE,FALSE,FALSE,5,3,2,3_2,d4907a1b-8b06-47c5-8bca-c781d9cddaf8,NA
13,107365889,107365889,1,snv_mnv,NA,NA,"broad,dkfz,muse,sanger",4,COSN7391892,NA,NA,FALSE,0.4423,NA,46,58,NA,NA,NA,IGR,FALSE,FALSE,FALSE,FALSE,5,3,2,3_2,d4907a1b-8b06-47c5-8bca-c781d9cddaf8,NA
13,107365890,107365890,1,snv_mnv,NA,NA,"broad,dkfz,muse,sanger",4,COSN7391893,NA,NA,FALSE,0.4327,NA,45,59,NA,NA,NA,IGR,FALSE,FALSE,FALSE,FALSE,5,3,2,3_2,d4907a1b-8b06-47c5-8bca-c781d9cddaf8,NA
13,107673861,107673861,1,snv_mnv,NA,NA,"broad,dkfz,muse,sanger",4,COSN7391978,rs536695198,AluSx,FALSE,0.2162,NA,16,58,NA,NA,NA,IGR,FALSE,FALSE,FALSE,FALSE,5,3,2,3_2,d4907a1b-8b06-47c5-8bca-c781d9cddaf8,NA
13,107799731,107799731,1,snv_mnv,NA,NA,"broad,dkfz,muse,sanger",4,COSN7392015,NA,AluYk4,FALSE,0.3188,NA,22,47,NA,NA,NA,IGR,FALSE,FALSE,FALSE,FALSE,5,3,2,3_2,d4907a1b-8b06-47c5-8bca-c781d9cddaf8,NA
13,108603349,108603349,1,snv_mnv,NA,NA,"broad,dkfz,muse,sanger",4,COSN7392338,NA,LTR12,FALSE,0.3667,NA,44,76,NA,NA,NA,IGR,FALSE,FALSE,FALSE,FALSE,5,3,2,3_2,d4907a1b-8b06-47c5-8bca-c781d9cddaf8,NA
13,108667900,108667900,1,snv_mnv,NA,NA,"broad,dkfz,muse,sanger",4,COSN7392353,NA,L1MC5,FALSE,0.2381,NA,25,80,NA,NA,NA,IGR,FALSE,FALSE,FALSE,FALSE,5,3,2,3_2,d4907a1b-8b06-47c5-8bca-c781d9cddaf8,NA
13,109092074,109092074,1,snv_mnv,NA,NA,"broad,dkfz,muse,sanger",4,COSN7392488,NA,NA,FALSE,0.3542,NA,34,62,NA,NA,NA,IGR,FALSE,FALSE,FALSE,FALSE,5,3,2,3_2,d4907a1b-8b06-47c5-8bca-c781d9cddaf8,NA
13,109150466,109150466,1,snv_mnv,NA,NA,"broad,dkfz,muse,sanger",4,COSN7392520,NA,NA,FALSE,0.163,NA,15,77,NA,NA,NA,IGR,FALSE,FALSE,FALSE,FALSE,5,3,2,3_2,d4907a1b-8b06-47c5-8bca-c781d9cddaf8,NA
13,109971561,109971561,1,snv_mnv,0.0021965,rs115964907,"broad,dkfz,muse,sanger",4,COSN7392825,rs115964907,LTR12C,FALSE,0.3908,NA,34,53,NA,NA,NA,IGR,FALSE,FALSE,FALSE,FALSE,5,3,2,3_2,d4907a1b-8b06-47c5-8bca-c781d9cddaf8,NA
13,110025933,110025933,1,snv_mnv,NA,NA,"broad,dkfz,muse,sanger",4,COSN7392859,rs867791946,MLT1A,FALSE,0.3333,NA,28,56,NA,NA,NA,IGR,FALSE,FALSE,FALSE,FALSE,5,3,2,3_2,d4907a1b-8b06-47c5-8bca-c781d9cddaf8,NA
13,110210925,110210925,1,snv_mnv,NA,NA,"broad,dkfz,muse,sanger",4,COSN7392934,NA,L1MA8,FALSE,0.1296,NA,14,94,NA,NA,NA,IGR,FALSE,FALSE,FALSE,FALSE,5,3,2,3_2,d4907a1b-8b06-47c5-8bca-c781d9cddaf8,NA
13,110291458,110291458,1,snv_mnv,NA,NA,"broad,dkfz,muse,sanger",4,COSN7392955,NA,NA,FALSE,0.1939,NA,19,79,NA,NA,NA,IGR,FALSE,FALSE,FALSE,FALSE,5,3,2,3_2,d4907a1b-8b06-47c5-8bca-c781d9cddaf8,NA
13,110799698,110799698,1,snv_mnv,NA,NA,"broad,dkfz,muse,sanger",4,COSN7393096,NA,L1ME1,FALSE,0.3229,NA,31,65,NA,NA,NA,IGR,FALSE,FALSE,FALSE,FALSE,5,3,2,3_2,d4907a1b-8b06-47c5-8bca-c781d9cddaf8,COL4A1
13,110862065,110862065,1,snv_mnv,NA,NA,"broad,dkfz,muse,sanger",4,COSN7393123,NA,NA,FALSE,0.236,NA,21,68,NA,NA,NA,Intron,FALSE,FALSE,FALSE,FALSE,5,3,2,3_2,d4907a1b-8b06-47c5-8bca-c781d9cddaf8,NA
13,112583843,112583843,1,snv_mnv,NA,NA,"broad,dkfz,muse,sanger",4,COSN7393604,NA,NA,FALSE,0.1226,NA,13,93,NA,NA,NA,IGR,FALSE,FALSE,FALSE,FALSE,5,3,2,3_2,d4907a1b-8b06-47c5-8bca-c781d9cddaf8,NA
13,112730682,112730682,1,snv_mnv,0.0023962,rs11843791,"broad,dkfz,muse,sanger",4,COSN7393692,rs11843791,MER5A,FALSE,0.4316,NA,41,54,NA,NA,NA,IGR,FALSE,FALSE,FALSE,FALSE,5,3,2,3_2,d4907a1b-8b06-47c5-8bca-c781d9cddaf8,NA
13,112867145,112867145,1,snv_mnv,NA,NA,"broad,dkfz,muse,sanger",4,COSN7393768,NA,NA,FALSE,0.4359,NA,51,66,NA,NA,NA,IGR,FALSE,FALSE,FALSE,FALSE,5,3,2,3_2,d4907a1b-8b06-47c5-8bca-c781d9cddaf8,NA
13,112997392,112997392,1,snv_mnv,NA,NA,"broad,dkfz,muse,sanger",4,COSN8126425,NA,NA,FALSE,0.1486,NA,11,63,NA,NA,NA,IGR,FALSE,FALSE,FALSE,FALSE,5,3,2,3_2,d4907a1b-8b06-47c5-8bca-c781d9cddaf8,NA
13,114864760,114864760,1,snv_mnv,NA,NA,"broad,dkfz,muse,sanger",4,COSN7394222,NA,NA,FALSE,0.338,NA,24,47,NA,NA,NA,Intron,FALSE,FALSE,FALSE,FALSE,5,3,2,3_2,d4907a1b-8b06-47c5-8bca-c781d9cddaf8,NA
14,22440841,22440841,1,snv_mnv,NA,NA,"broad,dkfz,muse,sanger",4,COSN7431535,NA,L1P2,FALSE,0.2653,NA,26,72,NA,NA,NA,IGR,FALSE,FALSE,FALSE,FALSE,4,2,2,2_2,d4907a1b-8b06-47c5-8bca-c781d9cddaf8,NA
14,23345882,23345882,1,snv_mnv,NA,NA,"broad,dkfz,muse,sanger",4,COSN7431739,NA,NA,FALSE,0.3231,NA,21,44,NA,NA,NA,Intron,FALSE,FALSE,FALSE,FALSE,4,2,2,2_2,d4907a1b-8b06-47c5-8bca-c781d9cddaf8,LRP10
14,23699779,23699779,1,snv_mnv,NA,NA,"broad,muse,sanger",3,COSN7431804,NA,AluY,FALSE,0.3117,NA,24,53,NA,NA,NA,Intron,FALSE,FALSE,FALSE,FALSE,4,2,2,2_2,d4907a1b-8b06-47c5-8bca-c781d9cddaf8,AL049829.1
14,23886563,23886563,1,snv_mnv,NA,NA,"broad,dkfz,muse,sanger",4,COSN7431839,NA,NA,FALSE,0.1698,NA,9,44,NA,NA,NA,Intron,FALSE,FALSE,FALSE,FALSE,4,2,2,2_2,d4907a1b-8b06-47c5-8bca-c781d9cddaf8,"MIR208B,AL132855.1"
14,23995722,23995722,1,snv_mnv,NA,NA,"broad,dkfz,muse,sanger",4,COSM3772909,NA,NA,FALSE,0.1905,NA,12,51,NA,NA,NA,Silent,FALSE,FALSE,FALSE,FALSE,4,2,2,2_2,d4907a1b-8b06-47c5-8bca-c781d9cddaf8,"AL135999.2,ZFHX2"
14,26554463,26554463,1,snv_mnv,NA,NA,"broad,dkfz,muse,sanger",4,COSN7432865,NA,L4,FALSE,0.1573,NA,14,75,NA,NA,NA,lincRNA,FALSE,FALSE,FALSE,FALSE,4,2,2,2_2,d4907a1b-8b06-47c5-8bca-c781d9cddaf8,NA
14,26652856,26652856,1,snv_mnv,NA,NA,"broad,dkfz,muse,sanger",4,COSN7432939,NA,NA,FALSE,0.2727,NA,27,72,NA,NA,NA,IGR,FALSE,FALSE,FALSE,FALSE,4,2,2,2_2,d4907a1b-8b06-47c5-8bca-c781d9cddaf8,NA
14,26682917,26682917,1,snv_mnv,NA,NA,"broad,dkfz,muse,sanger",4,COSN7432962,NA,L2c,FALSE,0.1739,NA,16,76,NA,NA,NA,IGR,FALSE,FALSE,FALSE,FALSE,4,2,2,2_2,d4907a1b-8b06-47c5-8bca-c781d9cddaf8,NA
14,26931530,26931530,1,snv_mnv,NA,NA,"broad,dkfz,muse,sanger",4,COSN7433175,NA,NA,FALSE,0.2872,NA,27,67,NA,NA,NA,Intron,FALSE,FALSE,FALSE,FALSE,4,2,2,2_2,d4907a1b-8b06-47c5-8bca-c781d9cddaf8,NA
14,26981364,26981364,1,snv_mnv,NA,NA,"broad,dkfz,muse,sanger",4,COSN7433208,NA,MARNA,FALSE,0.2581,NA,24,69,NA,NA,NA,Intron,FALSE,FALSE,FALSE,FALSE,4,2,2,2_2,d4907a1b-8b06-47c5-8bca-c781d9cddaf8,NA
14,27042703,27042703,1,snv_mnv,NA,NA,"broad,dkfz,muse,sanger",4,COSN7433241,NA,NA,FALSE,0.1616,NA,16,83,NA,NA,NA,Intron,FALSE,FALSE,FALSE,FALSE,4,2,2,2_2,d4907a1b-8b06-47c5-8bca-c781d9cddaf8,NA
14,27630098,27630098,1,snv_mnv,NA,NA,"broad,dkfz,muse,sanger",4,COSN7433546,NA,NA,FALSE,0.2258,NA,21,72,NA,NA,NA,lincRNA,FALSE,FALSE,FALSE,FALSE,4,2,2,2_2,d4907a1b-8b06-47c5-8bca-c781d9cddaf8,AL110292.1
14,27706564,27706564,1,snv_mnv,NA,NA,"broad,dkfz,muse,sanger",4,COSN7433575,NA,NA,FALSE,0.1948,NA,15,62,NA,NA,NA,IGR,FALSE,FALSE,FALSE,FALSE,4,2,2,2_2,d4907a1b-8b06-47c5-8bca-c781d9cddaf8,NA
14,28228446,28228446,1,snv_mnv,NA,NA,"broad,muse,sanger",3,COSN7433926,NA,NA,FALSE,0.2,NA,17,68,NA,NA,NA,IGR,FALSE,FALSE,FALSE,FALSE,4,2,2,2_2,d4907a1b-8b06-47c5-8bca-c781d9cddaf8,NA
14,28240846,28240846,1,snv_mnv,NA,NA,"broad,dkfz,muse,sanger",4,COSN7433940,NA,NA,FALSE,0.134,NA,13,84,NA,NA,NA,IGR,FALSE,FALSE,TRUE,FALSE,4,2,2,2_2,d4907a1b-8b06-47c5-8bca-c781d9cddaf8,NA
14,28488397,28488397,1,snv_mnv,NA,NA,"broad,dkfz,muse,sanger",4,COSN7434157,NA,L2c,FALSE,0.1233,NA,9,64,NA,NA,NA,IGR,FALSE,FALSE,TRUE,FALSE,4,2,2,2_2,d4907a1b-8b06-47c5-8bca-c781d9cddaf8,NA
14,28511164,28511164,1,snv_mnv,NA,NA,"broad,dkfz,muse,sanger",4,COSN7434181,NA,L1PA7,FALSE,0.3182,NA,28,60,NA,NA,NA,IGR,FALSE,FALSE,FALSE,FALSE,4,2,2,2_2,d4907a1b-8b06-47c5-8bca-c781d9cddaf8,NA
14,28935276,28935276,1,snv_mnv,NA,NA,"broad,dkfz,muse,sanger",4,COSN7434473,NA,L1PB4,FALSE,0.25,NA,26,78,NA,NA,NA,IGR,FALSE,FALSE,FALSE,FALSE,4,2,2,2_2,d4907a1b-8b06-47c5-8bca-c781d9cddaf8,NA
14,29237769,29237769,1,snv_mnv,NA,NA,"broad,dkfz,muse,sanger",4,COSM184593,NA,NA,FALSE,0.2985,NA,20,47,NA,NA,NA,Silent,FALSE,FALSE,FALSE,FALSE,4,2,2,2_2,d4907a1b-8b06-47c5-8bca-c781d9cddaf8,"LINC01551,FOXG1,FOXG1-AS1"
14,29300019,29300019,1,snv_mnv,NA,NA,"broad,dkfz,muse,sanger",4,COSN7434699,NA,NA,FALSE,0.2,NA,20,80,NA,NA,NA,lincRNA,FALSE,FALSE,FALSE,FALSE,4,2,2,2_2,d4907a1b-8b06-47c5-8bca-c781d9cddaf8,LINC02281
14,29735251,29735251,1,snv_mnv,NA,NA,"broad,dkfz,muse,sanger",4,COSN7435067,NA,NA,FALSE,0.2093,NA,18,68,NA,NA,NA,RNA,FALSE,FALSE,TRUE,FALSE,4,2,2,2_2,d4907a1b-8b06-47c5-8bca-c781d9cddaf8,AL133166.1
14,29768805,29768805,1,snv_mnv,NA,NA,"broad,dkfz,muse,sanger",4,COSN7435100,NA,NA,FALSE,0.3111,NA,28,62,NA,NA,NA,RNA,FALSE,FALSE,FALSE,FALSE,4,2,2,2_2,d4907a1b-8b06-47c5-8bca-c781d9cddaf8,NA
14,29777695,29777695,1,snv_mnv,NA,NA,"broad,dkfz,muse,sanger",4,COSN7435106,NA,NA,FALSE,0.2619,NA,22,62,NA,NA,NA,RNA,FALSE,FALSE,FALSE,FALSE,4,2,2,2_2,d4907a1b-8b06-47c5-8bca-c781d9cddaf8,NA
14,30556824,30556824,1,snv_mnv,NA,NA,"broad,dkfz,muse,sanger",4,COSN7226601,NA,L1MA2,FALSE,0.2718,NA,28,75,NA,NA,NA,IGR,FALSE,FALSE,FALSE,FALSE,4,2,2,2_2,d4907a1b-8b06-47c5-8bca-c781d9cddaf8,NA
14,30730546,30730546,1,snv_mnv,1.9968e-4,rs575466992,"broad,dkfz,muse,sanger",4,COSN7226682,rs575466992,NA,FALSE,0.10780000000000001,NA,11,91,NA,NA,NA,lincRNA,FALSE,FALSE,FALSE,FALSE,4,2,2,2_2,d4907a1b-8b06-47c5-8bca-c781d9cddaf8,NA
14,31688033,31688033,1,snv_mnv,NA,NA,"broad,dkfz,muse,sanger",4,COSN7226971,NA,NA,FALSE,0.3103,NA,27,60,NA,NA,NA,IGR,FALSE,FALSE,FALSE,FALSE,4,2,2,2_2,d4907a1b-8b06-47c5-8bca-c781d9cddaf8,NA
14,32886150,32886150,1,snv_mnv,NA,NA,"broad,dkfz,muse,sanger",4,COSN7227215,NA,AluSz6,FALSE,0.2143,NA,15,55,NA,NA,NA,Intron,FALSE,FALSE,FALSE,FALSE,4,2,2,2_2,d4907a1b-8b06-47c5-8bca-c781d9cddaf8,NA
14,33823696,33823696,1,snv_mnv,NA,NA,"broad,dkfz,muse,sanger",4,COSN7227594,NA,NA,FALSE,0.2857,NA,24,60,NA,NA,NA,Intron,FALSE,FALSE,FALSE,FALSE,4,2,2,2_2,d4907a1b-8b06-47c5-8bca-c781d9cddaf8,NA
14,34250262,34250262,1,snv_mnv,NA,NA,"broad,dkfz,muse,sanger",4,COSN7227708,NA,NA,FALSE,0.3981,NA,41,62,NA,NA,NA,Intron,FALSE,FALSE,FALSE,FALSE,4,2,2,2_2,d4907a1b-8b06-47c5-8bca-c781d9cddaf8,NPAS3
14,34519053,34519053,1,snv_mnv,NA,NA,"broad,dkfz,muse,sanger",4,COSN7227775,NA,NA,FALSE,0.1385,NA,9,56,NA,NA,NA,RNA,FALSE,FALSE,FALSE,FALSE,4,2,2,2_2,d4907a1b-8b06-47c5-8bca-c781d9cddaf8,NA
14,35888958,35888958,1,snv_mnv,NA,NA,"broad,dkfz,muse,sanger",4,COSN7228042,NA,L2a,FALSE,0.2836,NA,19,48,NA,NA,NA,IGR,FALSE,FALSE,FALSE,FALSE,4,2,2,2_2,d4907a1b-8b06-47c5-8bca-c781d9cddaf8,NA
14,36972523,36972523,1,snv_mnv,NA,NA,"broad,dkfz,muse,sanger",4,COSN7228344,NA,NA,FALSE,0.2871,NA,29,72,NA,NA,NA,Intron,FALSE,FALSE,FALSE,FALSE,4,2,2,2_2,d4907a1b-8b06-47c5-8bca-c781d9cddaf8,NA
14,37312090,37312090,1,snv_mnv,NA,NA,"broad,dkfz,muse,sanger",4,COSN7228494,rs545021790,MER1B,FALSE,0.1266,NA,10,69,NA,NA,NA,Intron,FALSE,FALSE,FALSE,FALSE,4,2,2,2_2,d4907a1b-8b06-47c5-8bca-c781d9cddaf8,NA
14,38936754,38936754,1,snv_mnv,NA,NA,"broad,dkfz,muse,sanger",4,COSN7228943,NA,L1PA8A,FALSE,0.2794,NA,19,49,NA,NA,NA,IGR,FALSE,FALSE,FALSE,FALSE,4,2,2,2_2,d4907a1b-8b06-47c5-8bca-c781d9cddaf8,NA
14,39273686,39273686,1,snv_mnv,NA,NA,"broad,dkfz,muse,sanger",4,COSN7229076,NA,L1MA5,FALSE,0.2449,NA,24,74,NA,NA,NA,lincRNA,FALSE,FALSE,FALSE,FALSE,4,2,2,2_2,d4907a1b-8b06-47c5-8bca-c781d9cddaf8,NA
14,40144570,40144570,1,snv_mnv,1.9968e-4,rs532966635,"broad,dkfz,muse,sanger",4,COSN7229316,rs532966635,NA,FALSE,0.3333,NA,31,62,NA,NA,NA,IGR,FALSE,FALSE,FALSE,FALSE,4,2,2,2_2,d4907a1b-8b06-47c5-8bca-c781d9cddaf8,NA
14,40623064,40623064,1,snv_mnv,NA,NA,"broad,dkfz,muse,sanger",4,COSN7229595,NA,L1MA3,FALSE,0.3418,NA,27,52,NA,NA,NA,IGR,FALSE,FALSE,FALSE,FALSE,4,2,2,2_2,d4907a1b-8b06-47c5-8bca-c781d9cddaf8,NA
14,40632281,40632281,1,snv_mnv,NA,NA,"broad,dkfz,muse,sanger",4,COSN7229602,NA,THE1C-int,FALSE,0.4066,NA,37,54,NA,NA,NA,IGR,FALSE,FALSE,TRUE,FALSE,4,2,2,2_2,d4907a1b-8b06-47c5-8bca-c781d9cddaf8,NA
14,40770292,40770292,1,snv_mnv,NA,NA,"broad,dkfz,muse,sanger",4,COSN7229707,NA,L1MEf,FALSE,0.3482,NA,39,73,NA,NA,NA,IGR,FALSE,FALSE,FALSE,FALSE,4,2,2,2_2,d4907a1b-8b06-47c5-8bca-c781d9cddaf8,NA
14,41272827,41272827,1,snv_mnv,NA,NA,"broad,dkfz,muse,sanger",4,COSN7230124,NA,AT_rich,FALSE,0.2577,NA,25,72,NA,NA,NA,IGR,FALSE,FALSE,TRUE,FALSE,4,2,2,2_2,d4907a1b-8b06-47c5-8bca-c781d9cddaf8,NA
14,41480552,41480552,1,snv_mnv,0.0023962,rs150332297,"broad,dkfz,muse,sanger",4,COSN7230326,rs150332297,NA,FALSE,0.297,NA,30,71,NA,NA,NA,IGR,FALSE,FALSE,FALSE,FALSE,4,2,2,2_2,d4907a1b-8b06-47c5-8bca-c781d9cddaf8,NA
14,41539180,41539180,1,snv_mnv,NA,NA,"broad,dkfz,muse,sanger",4,COSN7230366,NA,MLT1G1-int,FALSE,0.337,NA,31,61,NA,NA,NA,IGR,FALSE,FALSE,FALSE,FALSE,4,2,2,2_2,d4907a1b-8b06-47c5-8bca-c781d9cddaf8,NA
14,41593517,41593517,1,snv_mnv,NA,NA,"broad,dkfz,muse,sanger",4,COSN7230408,NA,NA,FALSE,0.0976,NA,8,74,NA,NA,NA,IGR,FALSE,FALSE,FALSE,FALSE,4,2,2,2_2,d4907a1b-8b06-47c5-8bca-c781d9cddaf8,NA
14,41623956,41623956,1,snv_mnv,NA,NA,"broad,dkfz,muse,sanger",4,COSN7230444,NA,LTR12C,FALSE,0.2055,NA,15,58,NA,NA,NA,IGR,FALSE,FALSE,FALSE,FALSE,4,2,2,2_2,d4907a1b-8b06-47c5-8bca-c781d9cddaf8,NA
14,41670616,41670616,1,snv_mnv,NA,NA,"broad,dkfz,muse,sanger",4,COSN7230477,NA,NA,FALSE,0.2268,NA,22,75,NA,NA,NA,IGR,FALSE,FALSE,FALSE,FALSE,4,2,2,2_2,d4907a1b-8b06-47c5-8bca-c781d9cddaf8,NA
14,42129481,42129481,1,snv_mnv,NA,NA,"broad,dkfz,muse,sanger",4,COSN7230801,NA,AluSq2,FALSE,0.2436,NA,19,59,NA,NA,NA,Intron,FALSE,FALSE,FALSE,FALSE,4,2,2,2_2,d4907a1b-8b06-47c5-8bca-c781d9cddaf8,NA
14,42163756,42163756,1,snv_mnv,NA,NA,"broad,dkfz,muse,sanger",4,COSN7230832,NA,L1MA7,FALSE,0.2632,NA,25,70,NA,NA,NA,Intron,FALSE,FALSE,FALSE,FALSE,4,2,2,2_2,d4907a1b-8b06-47c5-8bca-c781d9cddaf8,LRFN5
14,42533616,42533616,1,snv_mnv,NA,NA,"broad,dkfz,muse,sanger",4,COSN7231128,NA,L1PA15,FALSE,0.1449,NA,10,59,NA,NA,NA,IGR,FALSE,FALSE,FALSE,FALSE,4,2,2,2_2,d4907a1b-8b06-47c5-8bca-c781d9cddaf8,NA
14,42618544,42618544,1,snv_mnv,NA,NA,"broad,dkfz,muse,sanger",4,COSN7231206,NA,L1MCa,FALSE,0.163,NA,15,77,NA,NA,NA,IGR,FALSE,FALSE,TRUE,FALSE,4,2,2,2_2,d4907a1b-8b06-47c5-8bca-c781d9cddaf8,NA
14,42632667,42632667,1,snv_mnv,NA,NA,"broad,dkfz,muse,sanger",4,COSN7231219,NA,LTR14B,FALSE,0.1687,NA,14,69,NA,NA,NA,IGR,FALSE,FALSE,FALSE,FALSE,4,2,2,2_2,d4907a1b-8b06-47c5-8bca-c781d9cddaf8,NA
14,42893066,42893066,1,snv_mnv,NA,NA,"broad,dkfz,muse,sanger",4,COSN7231430,NA,NA,FALSE,0.2366,NA,22,71,NA,NA,NA,lincRNA,FALSE,FALSE,FALSE,FALSE,4,2,2,2_2,d4907a1b-8b06-47c5-8bca-c781d9cddaf8,NA
14,42893140,42893140,1,snv_mnv,NA,NA,"broad,dkfz,muse,sanger",4,COSN7231431,NA,NA,FALSE,0.1845,NA,19,84,NA,NA,NA,lincRNA,FALSE,FALSE,FALSE,FALSE,4,2,2,2_2,d4907a1b-8b06-47c5-8bca-c781d9cddaf8,NA
14,43051153,43051153,1,snv_mnv,3.9936e-4,rs556631878,"broad,dkfz,muse,sanger",4,COSN7231558,rs556631878,AluY,FALSE,0.2667,NA,16,44,NA,NA,NA,RNA,FALSE,FALSE,FALSE,FALSE,4,2,2,2_2,d4907a1b-8b06-47c5-8bca-c781d9cddaf8,NA
14,43084361,43084361,1,snv_mnv,NA,NA,"broad,dkfz,muse,sanger",4,COSN7231577,NA,NA,FALSE,0.2604,NA,25,71,NA,NA,NA,RNA,FALSE,FALSE,FALSE,FALSE,4,2,2,2_2,d4907a1b-8b06-47c5-8bca-c781d9cddaf8,NA
14,43113245,43113245,1,snv_mnv,NA,NA,"broad,dkfz,muse,sanger",4,COSN7231596,NA,L1PA7,FALSE,0.253,NA,21,62,NA,NA,NA,RNA,FALSE,FALSE,TRUE,FALSE,4,2,2,2_2,d4907a1b-8b06-47c5-8bca-c781d9cddaf8,NA
14,43136803,43136803,1,snv_mnv,1.9968e-4,rs568502719,"broad,dkfz,muse,sanger",4,COSN7231621,rs568502719,NA,FALSE,0.3678,NA,32,55,NA,NA,NA,RNA,FALSE,FALSE,FALSE,FALSE,4,2,2,2_2,d4907a1b-8b06-47c5-8bca-c781d9cddaf8,NA
14,43220398,43220398,1,snv_mnv,NA,NA,"broad,dkfz,muse,sanger",4,COSN7231685,NA,NA,FALSE,0.2083,NA,20,76,NA,NA,NA,IGR,FALSE,FALSE,FALSE,FALSE,4,2,2,2_2,d4907a1b-8b06-47c5-8bca-c781d9cddaf8,NA
14,44086733,44086733,1,snv_mnv,NA,NA,"broad,dkfz,muse,sanger",4,COSN7232300,NA,MER51E,FALSE,0.1375,NA,11,69,NA,NA,NA,IGR,FALSE,FALSE,FALSE,FALSE,4,2,2,2_2,d4907a1b-8b06-47c5-8bca-c781d9cddaf8,NA
14,44133133,44133133,1,snv_mnv,NA,NA,"broad,dkfz,muse,sanger",4,COSN7232332,NA,NA,FALSE,0.2889,NA,26,64,NA,NA,NA,IGR,FALSE,FALSE,FALSE,FALSE,4,2,2,2_2,d4907a1b-8b06-47c5-8bca-c781d9cddaf8,NA
14,44528132,44528132,1,snv_mnv,NA,NA,"broad,dkfz,muse,sanger",4,COSN7232594,NA,AluSp,FALSE,0.1429,NA,10,60,NA,NA,NA,lincRNA,FALSE,FALSE,FALSE,FALSE,4,2,2,2_2,d4907a1b-8b06-47c5-8bca-c781d9cddaf8,NA
14,44971410,44971410,1,snv_mnv,NA,NA,"broad,dkfz,muse,sanger",4,COSN7232801,NA,L1ME1,FALSE,0.0941,NA,8,77,NA,NA,NA,IGR,FALSE,FALSE,FALSE,FALSE,4,2,2,2_2,d4907a1b-8b06-47c5-8bca-c781d9cddaf8,FSCB
14,44981681,44981681,1,snv_mnv,NA,NA,"broad,dkfz,muse,sanger",4,COSN7232807,NA,L1PA6,FALSE,0.2581,NA,24,69,NA,NA,NA,RNA,FALSE,FALSE,FALSE,FALSE,4,2,2,2_2,d4907a1b-8b06-47c5-8bca-c781d9cddaf8,AL356022.1
14,46154671,46154671,1,snv_mnv,NA,NA,"broad,dkfz,muse,sanger",4,COSN7233194,NA,L1MA4,FALSE,0.1262,NA,13,90,NA,NA,NA,IGR,FALSE,FALSE,FALSE,FALSE,4,2,2,2_2,d4907a1b-8b06-47c5-8bca-c781d9cddaf8,NA
14,46693524,46693524,1,snv_mnv,NA,NA,"broad,dkfz,muse,sanger",4,COSN7233550,NA,AluY,FALSE,0.1875,NA,9,39,NA,NA,NA,lincRNA,FALSE,FALSE,FALSE,FALSE,4,2,2,2_2,d4907a1b-8b06-47c5-8bca-c781d9cddaf8,NA
14,46874200,46874200,1,snv_mnv,NA,NA,"broad,dkfz,muse,sanger",4,COSN7233685,NA,NA,FALSE,0.1609,NA,14,73,NA,NA,NA,lincRNA,FALSE,FALSE,FALSE,FALSE,4,2,2,2_2,d4907a1b-8b06-47c5-8bca-c781d9cddaf8,NA
14,47043693,47043693,1,snv_mnv,NA,NA,"broad,dkfz,muse,sanger",4,COSN7233806,NA,MER44B,FALSE,0.1978,NA,18,73,NA,NA,NA,IGR,FALSE,FALSE,FALSE,FALSE,4,2,2,2_2,d4907a1b-8b06-47c5-8bca-c781d9cddaf8,NA
14,47149428,47149428,1,snv_mnv,NA,NA,"broad,dkfz,muse,sanger",4,COSN7233879,NA,AluSq10,FALSE,0.1067,NA,8,67,NA,NA,NA,IGR,FALSE,FALSE,FALSE,FALSE,4,2,2,2_2,d4907a1b-8b06-47c5-8bca-c781d9cddaf8,NA
14,47215398,47215398,1,snv_mnv,5.9904e-4,rs188234082,"broad,dkfz,muse,sanger",4,COSN7233930,rs188234082,MLT1F2,FALSE,0.3258,NA,29,60,NA,NA,NA,IGR,FALSE,FALSE,FALSE,FALSE,4,2,2,2_2,d4907a1b-8b06-47c5-8bca-c781d9cddaf8,NA
14,47307284,47307284,1,snv_mnv,1.9968e-4,rs540299500,"broad,dkfz,muse,sanger",4,COSN7233988,rs540299500,NA,FALSE,0.2209,NA,19,67,NA,NA,NA,IGR,FALSE,FALSE,FALSE,FALSE,4,2,2,2_2,d4907a1b-8b06-47c5-8bca-c781d9cddaf8,MDGA2
14,47638488,47638488,1,snv_mnv,NA,NA,"broad,dkfz,muse,sanger",4,COSN7234221,NA,NA,FALSE,0.3243,NA,36,75,NA,NA,NA,Intron,FALSE,FALSE,FALSE,FALSE,4,2,2,2_2,d4907a1b-8b06-47c5-8bca-c781d9cddaf8,NA
14,47723573,47723573,1,snv_mnv,NA,NA,"broad,dkfz,muse,sanger",4,COSN7234283,NA,THE1C-int,FALSE,0.2949,NA,23,55,NA,NA,NA,Intron,FALSE,FALSE,FALSE,FALSE,4,2,2,2_2,d4907a1b-8b06-47c5-8bca-c781d9cddaf8,NA
14,47912220,47912220,1,snv_mnv,NA,NA,"broad,dkfz,muse,sanger",4,COSN7234445,NA,MER44C,FALSE,0.2658,NA,21,58,NA,NA,NA,Intron,FALSE,FALSE,FALSE,FALSE,4,2,2,2_2,d4907a1b-8b06-47c5-8bca-c781d9cddaf8,RPS15AP3
14,48018046,48018046,1,snv_mnv,NA,NA,"broad,dkfz,muse,sanger",4,COSN7234544,NA,L1M4,FALSE,0.1786,NA,15,69,NA,NA,NA,Intron,FALSE,FALSE,TRUE,FALSE,4,2,2,2_2,d4907a1b-8b06-47c5-8bca-c781d9cddaf8,NA
14,48273224,48273224,1,snv_mnv,NA,NA,"broad,dkfz,muse,sanger",4,COSN7234740,NA,NA,FALSE,0.1887,NA,20,86,NA,NA,NA,IGR,FALSE,FALSE,FALSE,FALSE,4,2,2,2_2,d4907a1b-8b06-47c5-8bca-c781d9cddaf8,AL121576.1
14,49035048,49035048,1,snv_mnv,NA,NA,"broad,dkfz,muse,sanger",4,COSN7235356,NA,MER51-int,FALSE,0.0973,NA,11,102,NA,NA,NA,IGR,FALSE,FALSE,FALSE,FALSE,4,2,2,2_2,d4907a1b-8b06-47c5-8bca-c781d9cddaf8,NA
14,49396002,49396002,1,snv_mnv,1.9968e-4,rs538428477,"broad,dkfz,muse,sanger",4,COSN7235610,rs538428477,L1ME1,FALSE,0.2526,NA,24,71,NA,NA,NA,IGR,FALSE,FALSE,FALSE,FALSE,4,2,2,2_2,d4907a1b-8b06-47c5-8bca-c781d9cddaf8,NA
14,49759243,49759243,1,snv_mnv,NA,NA,"broad,dkfz,muse,sanger",4,COSN7235803,NA,NA,FALSE,0.1321,NA,14,92,NA,NA,NA,IGR,FALSE,FALSE,FALSE,FALSE,4,2,2,2_2,d4907a1b-8b06-47c5-8bca-c781d9cddaf8,NA
14,50376502,50376502,1,snv_mnv,NA,NA,"broad,dkfz,muse,sanger",4,COSN7235966,NA,AluSz6,FALSE,0.1507,NA,11,62,NA,NA,NA,IGR,FALSE,FALSE,FALSE,FALSE,4,2,2,2_2,d4907a1b-8b06-47c5-8bca-c781d9cddaf8,RF00017
14,51520575,51520575,1,snv_mnv,1.9968e-4,rs183878483,"broad,dkfz,muse,sanger",4,COSN7236204,rs183878483,NA,FALSE,0.2656,NA,17,47,NA,NA,NA,Intron,FALSE,FALSE,FALSE,FALSE,4,2,2,2_2,d4907a1b-8b06-47c5-8bca-c781d9cddaf8,NA
14,51919363,51919363,1,snv_mnv,NA,NA,"broad,dkfz,muse,sanger",4,COSN7236309,NA,L2b,FALSE,0.2222,NA,20,70,NA,NA,NA,IGR,FALSE,FALSE,FALSE,FALSE,4,2,2,2_2,d4907a1b-8b06-47c5-8bca-c781d9cddaf8,FRMD6-AS2
14,51921129,51921129,1,snv_mnv,NA,NA,"broad,dkfz,muse,sanger",4,COSN7236310,NA,L1ME4a,FALSE,0.122,NA,10,72,NA,NA,NA,IGR,FALSE,FALSE,FALSE,FALSE,4,2,2,2_2,d4907a1b-8b06-47c5-8bca-c781d9cddaf8,FRMD6-AS2
14,52062274,52062274,1,snv_mnv,NA,NA,"broad,dkfz,muse,sanger",4,COSN7236353,NA,NA,FALSE,0.1414,NA,14,85,NA,NA,NA,Intron,FALSE,FALSE,FALSE,FALSE,4,2,2,2_2,d4907a1b-8b06-47c5-8bca-c781d9cddaf8,NA
14,52464808,52464808,1,snv_mnv,NA,NA,"broad,dkfz,muse,sanger",4,COSN7021112,NA,Tigger4b,FALSE,0.1279,NA,11,75,NA,NA,NA,Intron,FALSE,FALSE,FALSE,FALSE,4,2,2,2_2,d4907a1b-8b06-47c5-8bca-c781d9cddaf8,RTRAF
14,53825467,53825467,1,snv_mnv,NA,NA,"broad,dkfz,muse,sanger",4,COSN7021426,NA,NA,FALSE,0.12,NA,12,88,NA,NA,NA,lincRNA,FALSE,FALSE,FALSE,FALSE,4,2,2,2_2,d4907a1b-8b06-47c5-8bca-c781d9cddaf8,NA
14,54195251,54195251,1,snv_mnv,NA,NA,"broad,dkfz,muse,sanger",4,COSN7021522,NA,AluSx1,FALSE,0.3085,NA,29,65,NA,NA,NA,IGR,FALSE,FALSE,FALSE,FALSE,4,2,2,2_2,d4907a1b-8b06-47c5-8bca-c781d9cddaf8,NA
14,54208440,54208440,1,snv_mnv,1.9968e-4,rs140130830,"broad,dkfz,muse,sanger",4,COSN7021530,rs140130830,MER121,FALSE,0.2737,NA,26,69,NA,NA,NA,IGR,FALSE,FALSE,FALSE,FALSE,4,2,2,2_2,d4907a1b-8b06-47c5-8bca-c781d9cddaf8,NA
14,54638904,54638904,1,snv_mnv,NA,NA,"broad,dkfz,muse,sanger",4,COSN7021619,rs781367107,NA,FALSE,0.3053,NA,29,66,NA,NA,NA,IGR,FALSE,FALSE,FALSE,FALSE,4,2,2,2_2,d4907a1b-8b06-47c5-8bca-c781d9cddaf8,NA
14,56717071,56717071,1,snv_mnv,NA,NA,"broad,dkfz,muse,sanger",4,COSN7022063,NA,MLT2A2,FALSE,0.3678,NA,32,55,NA,NA,NA,Intron,FALSE,FALSE,FALSE,FALSE,4,2,2,2_2,d4907a1b-8b06-47c5-8bca-c781d9cddaf8,NA
14,57371523,57371523,1,snv_mnv,NA,NA,"broad,dkfz,muse,sanger",4,COSN7022228,NA,L2,FALSE,0.2088,NA,19,72,NA,NA,NA,RNA,FALSE,FALSE,FALSE,FALSE,4,2,2,2_2,d4907a1b-8b06-47c5-8bca-c781d9cddaf8,NA
14,57439131,57439131,1,snv_mnv,NA,NA,"broad,dkfz,muse,sanger",4,COSN7022252,NA,AT_rich,FALSE,0.1124,NA,10,79,NA,NA,NA,RNA,FALSE,FALSE,FALSE,FALSE,4,2,2,2_2,d4907a1b-8b06-47c5-8bca-c781d9cddaf8,NA
14,57771215,57771215,1,snv_mnv,NA,NA,"broad,dkfz,muse,sanger",4,COSN7022370,NA,NA,FALSE,0.3218,NA,28,59,NA,NA,NA,IGR,FALSE,FALSE,FALSE,FALSE,4,2,2,2_2,d4907a1b-8b06-47c5-8bca-c781d9cddaf8,NA
14,57903423,57903423,1,snv_mnv,NA,NA,"broad,dkfz,muse,sanger",4,COSN7022409,NA,L1MA3,FALSE,0.2078,NA,16,61,NA,NA,NA,IGR,FALSE,FALSE,FALSE,FALSE,4,2,2,2_2,d4907a1b-8b06-47c5-8bca-c781d9cddaf8,NA
14,59012457,59012457,1,snv_mnv,NA,NA,"broad,dkfz,muse,sanger",4,COSN7022673,NA,AluJr,FALSE,0.1807,NA,15,68,NA,NA,NA,Intron,FALSE,FALSE,FALSE,FALSE,4,2,2,2_2,d4907a1b-8b06-47c5-8bca-c781d9cddaf8,NA
14,59191321,59191321,1,snv_mnv,NA,NA,"broad,dkfz,muse,sanger",4,COSN7022721,NA,NA,FALSE,0.1957,NA,18,74,NA,NA,NA,IGR,FALSE,FALSE,FALSE,FALSE,4,2,2,2_2,d4907a1b-8b06-47c5-8bca-c781d9cddaf8,NA
14,59543157,59543157,1,snv_mnv,NA,NA,"broad,dkfz,muse,sanger",4,COSN7022821,NA,L1MC,FALSE,0.1183,NA,11,82,NA,NA,NA,IGR,FALSE,FALSE,FALSE,FALSE,4,2,2,2_2,d4907a1b-8b06-47c5-8bca-c781d9cddaf8,NA
14,59934232,59934232,1,snv_mnv,NA,NA,"broad,dkfz,muse,sanger",4,COSN7022896,NA,L2c,FALSE,0.1842,NA,14,62,NA,NA,NA,5'Flank,FALSE,FALSE,FALSE,FALSE,4,2,2,2_2,d4907a1b-8b06-47c5-8bca-c781d9cddaf8,GPR135
14,61221931,61221931,1,snv_mnv,NA,NA,"broad,dkfz,muse,sanger",4,COSN7023261,NA,AluSc8,FALSE,0.1493,NA,10,57,NA,NA,NA,Intron,FALSE,FALSE,FALSE,FALSE,4,2,2,2_2,d4907a1b-8b06-47c5-8bca-c781d9cddaf8,MNAT1
14,61266354,61266354,1,snv_mnv,NA,NA,"broad,dkfz,muse,sanger",4,COSN7023268,NA,NA,FALSE,0.2717,NA,25,67,NA,NA,NA,Intron,FALSE,FALSE,FALSE,FALSE,4,2,2,2_2,d4907a1b-8b06-47c5-8bca-c781d9cddaf8,NA
14,62597329,62597329,1,snv_mnv,NA,NA,"broad,dkfz,muse,sanger",4,COSN7023591,NA,NA,FALSE,0.3196,NA,31,66,NA,NA,NA,lincRNA,FALSE,FALSE,FALSE,FALSE,4,2,2,2_2,d4907a1b-8b06-47c5-8bca-c781d9cddaf8,"LINC00643,LINC00644"
14,63200067,63200067,1,snv_mnv,NA,NA,"broad,dkfz,muse,sanger",4,COSN7023750,NA,MLT1A0,FALSE,0.3582,NA,24,43,NA,NA,NA,Intron,FALSE,FALSE,FALSE,FALSE,4,2,2,2_2,d4907a1b-8b06-47c5-8bca-c781d9cddaf8,NA
14,63644978,63644978,1,snv_mnv,NA,NA,"broad,dkfz,muse,sanger",4,COSN7023888,NA,NA,FALSE,0.3068,NA,27,61,NA,NA,NA,IGR,FALSE,FALSE,FALSE,FALSE,4,2,2,2_2,d4907a1b-8b06-47c5-8bca-c781d9cddaf8,NA
14,64295911,64295911,1,snv_mnv,NA,NA,"broad,dkfz,muse,sanger",4,COSN7024025,NA,AluJr,FALSE,0.2941,NA,20,48,NA,NA,NA,IGR,FALSE,FALSE,FALSE,FALSE,4,2,2,2_2,d4907a1b-8b06-47c5-8bca-c781d9cddaf8,NA
14,64795411,64795411,1,snv_mnv,NA,NA,"broad,dkfz,muse,sanger",4,COSN7024120,NA,MSTB1,FALSE,0.2471,NA,21,64,NA,NA,NA,Intron,FALSE,FALSE,FALSE,FALSE,4,2,2,2_2,d4907a1b-8b06-47c5-8bca-c781d9cddaf8,AL161756.1
14,65234638,65234638,1,snv_mnv,NA,NA,"broad,dkfz,muse,sanger",4,COSN7024208,NA,NA,FALSE,0.2535,NA,18,53,NA,NA,NA,Intron,FALSE,FALSE,FALSE,FALSE,4,2,2,2_2,d4907a1b-8b06-47c5-8bca-c781d9cddaf8,SPTB
14,66652039,66652039,1,snv_mnv,NA,NA,"broad,muse,sanger",3,COSN7024505,NA,L1PA5,FALSE,0.283,NA,30,76,NA,NA,NA,IGR,FALSE,FALSE,FALSE,FALSE,4,2,2,2_2,d4907a1b-8b06-47c5-8bca-c781d9cddaf8,NA
14,68007270,68007270,1,snv_mnv,NA,NA,"broad,dkfz,muse,sanger",4,COSN7024799,NA,AluSz6,FALSE,0.2436,NA,19,59,NA,NA,NA,Intron,FALSE,FALSE,FALSE,FALSE,4,2,2,2_2,d4907a1b-8b06-47c5-8bca-c781d9cddaf8,NA
14,68180007,68180007,1,snv_mnv,NA,NA,"broad,dkfz,muse,sanger",4,COSN7024819,NA,MER4-int,FALSE,0.1552,NA,9,49,NA,NA,NA,Intron,FALSE,FALSE,FALSE,FALSE,4,2,2,2_2,d4907a1b-8b06-47c5-8bca-c781d9cddaf8,"RPL21P9,RDH12"
14,68525970,68525970,1,snv_mnv,3.9936e-4,rs145765196,"broad,dkfz,muse,sanger",4,COSN7024881,rs145765196,L2c,FALSE,0.1224,NA,12,86,NA,NA,NA,Intron,FALSE,FALSE,FALSE,FALSE,4,2,2,2_2,d4907a1b-8b06-47c5-8bca-c781d9cddaf8,NA
14,69114372,69114372,1,snv_mnv,NA,NA,"broad,dkfz,muse,sanger",4,COSN7024993,NA,NA,FALSE,0.2897,NA,31,76,NA,NA,NA,Intron,FALSE,FALSE,TRUE,FALSE,4,2,2,2_2,d4907a1b-8b06-47c5-8bca-c781d9cddaf8,NA
14,69736797,69736797,1,snv_mnv,NA,NA,"broad,dkfz,muse,sanger",4,COSN7025094,NA,NA,FALSE,0.3151,NA,23,50,NA,NA,NA,Intron,FALSE,FALSE,FALSE,FALSE,4,2,2,2_2,d4907a1b-8b06-47c5-8bca-c781d9cddaf8,NA
14,69953460,69953460,1,snv_mnv,NA,NA,"broad,dkfz,muse,sanger",4,COSN7025132,NA,NA,FALSE,0.25,NA,22,66,NA,NA,NA,Intron,FALSE,FALSE,FALSE,FALSE,4,2,2,2_2,d4907a1b-8b06-47c5-8bca-c781d9cddaf8,NA
14,70521913,70521913,1,snv_mnv,NA,NA,"broad,dkfz,muse,sanger",4,COSN7025252,NA,NA,FALSE,0.3107,NA,32,71,NA,NA,NA,Intron,FALSE,FALSE,FALSE,FALSE,4,2,2,2_2,d4907a1b-8b06-47c5-8bca-c781d9cddaf8,SLC8A3
14,70643993,70643993,1,snv_mnv,NA,NA,"broad,dkfz,muse,sanger",4,COSN7025289,NA,L3,FALSE,0.1477,NA,13,75,NA,NA,NA,Intron,FALSE,FALSE,TRUE,FALSE,4,2,2,2_2,d4907a1b-8b06-47c5-8bca-c781d9cddaf8,NA
14,71099624,71099624,1,snv_mnv,NA,NA,"broad,dkfz,muse,sanger",4,COSN7025387,NA,NA,FALSE,0.1698,NA,18,88,NA,NA,NA,lincRNA,FALSE,FALSE,TRUE,FALSE,4,2,2,2_2,d4907a1b-8b06-47c5-8bca-c781d9cddaf8,NA
14,71186669,71186669,1,snv_mnv,NA,NA,"broad,dkfz,muse,sanger",4,COSN7025406,NA,L2c,FALSE,0.191,NA,17,72,NA,NA,NA,IGR,FALSE,FALSE,FALSE,FALSE,4,2,2,2_2,d4907a1b-8b06-47c5-8bca-c781d9cddaf8,MAP3K9
14,72821062,72821062,1,snv_mnv,NA,NA,"broad,dkfz,muse,sanger",4,COSN7025836,NA,AluSx,FALSE,0.3714,NA,26,44,NA,NA,NA,Intron,FALSE,FALSE,FALSE,FALSE,4,2,2,2_2,d4907a1b-8b06-47c5-8bca-c781d9cddaf8,NA
14,72863593,72863593,1,snv_mnv,NA,NA,"broad,dkfz,muse,sanger",4,COSN7025859,NA,L1PA4,FALSE,0.3258,NA,29,60,NA,NA,NA,Intron,FALSE,FALSE,FALSE,FALSE,4,2,2,2_2,d4907a1b-8b06-47c5-8bca-c781d9cddaf8,NA
14,74324445,74324445,1,snv_mnv,NA,NA,"broad,dkfz,muse,sanger",4,COSN7026239,NA,AluY,FALSE,0.1739,NA,8,38,NA,NA,NA,Intron,FALSE,FALSE,FALSE,FALSE,4,2,2,2_2,d4907a1b-8b06-47c5-8bca-c781d9cddaf8,"RF00019,PTGR2"
14,75379580,75379580,1,snv_mnv,NA,NA,"broad,dkfz,muse,sanger",4,COSN7026438,NA,NA,FALSE,0.3243,NA,24,50,NA,NA,NA,Intron,FALSE,FALSE,FALSE,FALSE,4,2,2,2_2,d4907a1b-8b06-47c5-8bca-c781d9cddaf8,RPS6KL1
14,77143166,77143166,1,snv_mnv,NA,NA,"broad,dkfz,muse,sanger",4,COSN7026860,NA,Charlie7,FALSE,0.1068,NA,11,92,NA,NA,NA,lincRNA,FALSE,FALSE,TRUE,FALSE,4,2,2,2_2,d4907a1b-8b06-47c5-8bca-c781d9cddaf8,NA
14,77152926,77152926,1,snv_mnv,NA,NA,"broad,dkfz,muse,sanger",4,COSN7026864,NA,L1M4,FALSE,0.1728,NA,14,67,NA,NA,NA,lincRNA,FALSE,FALSE,FALSE,FALSE,4,2,2,2_2,d4907a1b-8b06-47c5-8bca-c781d9cddaf8,AC007376.1
14,77506772,77506772,1,snv_mnv,NA,NA,"broad,dkfz,muse,sanger",4,COSN7026940,NA,NA,FALSE,0.1915,NA,9,38,NA,NA,NA,lincRNA,FALSE,FALSE,FALSE,FALSE,4,2,2,2_2,d4907a1b-8b06-47c5-8bca-c781d9cddaf8,LINC02288
14,78724109,78724109,1,snv_mnv,NA,NA,"broad,dkfz,muse,sanger",4,COSN7027234,NA,L2c,FALSE,0.3375,NA,27,53,NA,NA,NA,IGR,FALSE,FALSE,FALSE,FALSE,4,2,2,2_2,d4907a1b-8b06-47c5-8bca-c781d9cddaf8,NA
14,79270965,79270965,1,snv_mnv,NA,NA,"broad,dkfz,muse,sanger",4,COSN7027553,NA,NA,FALSE,0.2072,NA,23,88,NA,NA,NA,Intron,FALSE,FALSE,FALSE,FALSE,4,2,2,2_2,d4907a1b-8b06-47c5-8bca-c781d9cddaf8,NA
14,79273576,79273576,1,snv_mnv,NA,NA,"broad,dkfz,muse,sanger",4,COSN7027554,NA,NA,FALSE,0.3836,NA,28,45,NA,NA,NA,Intron,FALSE,FALSE,FALSE,FALSE,4,2,2,2_2,d4907a1b-8b06-47c5-8bca-c781d9cddaf8,NA
14,79278884,79278884,1,snv_mnv,NA,NA,"broad,dkfz,muse,sanger",4,COSN7027561,NA,NA,FALSE,0.1868,NA,17,74,NA,NA,NA,Intron,FALSE,FALSE,FALSE,FALSE,4,2,2,2_2,d4907a1b-8b06-47c5-8bca-c781d9cddaf8,NA
14,79314249,79314249,1,snv_mnv,NA,NA,"broad,dkfz,muse,sanger",4,COSN7027578,NA,NA,FALSE,0.1735,NA,17,81,NA,NA,NA,Intron,FALSE,FALSE,FALSE,FALSE,4,2,2,2_2,d4907a1b-8b06-47c5-8bca-c781d9cddaf8,NA
14,79333419,79333419,1,snv_mnv,NA,NA,"broad,dkfz,muse,sanger",4,COSN7027588,NA,AluSx3,FALSE,0.3371,NA,30,59,NA,NA,NA,Intron,FALSE,FALSE,FALSE,FALSE,4,2,2,2_2,d4907a1b-8b06-47c5-8bca-c781d9cddaf8,NA
14,79458959,79458959,1,snv_mnv,NA,NA,"broad,dkfz,muse,sanger",4,COSN7027642,NA,NA,FALSE,0.1538,NA,14,77,NA,NA,NA,Intron,FALSE,FALSE,FALSE,FALSE,4,2,2,2_2,d4907a1b-8b06-47c5-8bca-c781d9cddaf8,NRXN3
14,79772239,79772239,1,snv_mnv,NA,NA,"broad,dkfz,muse,sanger",4,COSN7027865,NA,NA,FALSE,0.15,NA,12,68,NA,NA,NA,Intron,FALSE,FALSE,FALSE,FALSE,4,2,2,2_2,d4907a1b-8b06-47c5-8bca-c781d9cddaf8,NA
14,80171906,80171906,1,snv_mnv,NA,NA,"broad,dkfz,muse,sanger",4,COSN7028157,NA,MER96B,FALSE,0.3548,NA,33,60,NA,NA,NA,Intron,FALSE,FALSE,FALSE,FALSE,4,2,2,2_2,d4907a1b-8b06-47c5-8bca-c781d9cddaf8,NA
14,80975326,80975326,1,snv_mnv,NA,NA,"broad,dkfz,muse,sanger",4,COSN7028620,NA,THE1D,FALSE,0.3587,NA,33,59,NA,NA,NA,Intron,FALSE,FALSE,FALSE,FALSE,4,2,2,2_2,d4907a1b-8b06-47c5-8bca-c781d9cddaf8,NA
14,81483525,81483525,1,snv_mnv,NA,NA,"broad,dkfz,muse,sanger",4,COSN7028759,NA,MER85,FALSE,0.1585,NA,13,69,NA,NA,NA,Intron,FALSE,FALSE,FALSE,FALSE,4,2,2,2_2,d4907a1b-8b06-47c5-8bca-c781d9cddaf8,NA
14,81697517,81697517,1,snv_mnv,NA,NA,"broad,dkfz,muse,sanger",4,COSN7028830,NA,ERVL-B4-int,FALSE,0.1354,NA,13,83,NA,NA,NA,IGR,FALSE,FALSE,FALSE,FALSE,4,2,2,2_2,d4907a1b-8b06-47c5-8bca-c781d9cddaf8,NA
14,83388961,83388961,1,snv_mnv,NA,NA,"broad,dkfz,muse,sanger",4,COSN7029914,rs759958488,L1MEd,FALSE,0.2841,NA,25,63,NA,NA,NA,IGR,FALSE,FALSE,FALSE,FALSE,4,2,2,2_2,d4907a1b-8b06-47c5-8bca-c781d9cddaf8,NA
14,83526720,83526720,1,snv_mnv,NA,NA,"broad,dkfz,muse,sanger",4,COSN7030033,NA,AluY,FALSE,0.1571,NA,11,59,NA,NA,NA,IGR,FALSE,FALSE,FALSE,FALSE,4,2,2,2_2,d4907a1b-8b06-47c5-8bca-c781d9cddaf8,NA
14,83714538,83714538,1,snv_mnv,1.9968e-4,rs531887520,"broad,dkfz,muse,sanger",4,COSN7030185,rs531887520,NA,FALSE,0.1667,NA,16,80,NA,NA,NA,IGR,FALSE,FALSE,FALSE,FALSE,4,2,2,2_2,d4907a1b-8b06-47c5-8bca-c781d9cddaf8,NA
14,84370437,84370437,1,snv_mnv,NA,NA,"broad,dkfz,muse,sanger",4,COSN7030640,rs775416316,AluY,FALSE,0.3108,NA,23,51,NA,NA,NA,lincRNA,FALSE,FALSE,FALSE,FALSE,4,2,2,2_2,d4907a1b-8b06-47c5-8bca-c781d9cddaf8,LINC02305
14,84450172,84450172,1,snv_mnv,NA,NA,"broad,dkfz,muse,sanger",4,COSN7030679,NA,NA,FALSE,0.2647,NA,18,50,NA,NA,NA,IGR,FALSE,FALSE,FALSE,FALSE,4,2,2,2_2,d4907a1b-8b06-47c5-8bca-c781d9cddaf8,NA
14,85507242,85507242,1,snv_mnv,NA,NA,"broad,dkfz,muse,sanger",4,COSN7031088,NA,NA,FALSE,0.1481,NA,12,69,NA,NA,NA,IGR,FALSE,FALSE,FALSE,FALSE,4,2,2,2_2,d4907a1b-8b06-47c5-8bca-c781d9cddaf8,NA
14,86025871,86025871,1,snv_mnv,NA,NA,"broad,dkfz,muse,sanger",4,COSN7031348,NA,NA,FALSE,0.1899,NA,15,64,NA,NA,NA,Intron,FALSE,FALSE,FALSE,FALSE,4,2,2,2_2,d4907a1b-8b06-47c5-8bca-c781d9cddaf8,FLRT2
14,86236733,86236733,1,snv_mnv,NA,NA,"broad,dkfz,muse,sanger",4,COSN7031500,NA,NA,FALSE,0.0865,NA,9,95,NA,NA,NA,IGR,FALSE,FALSE,FALSE,FALSE,4,2,2,2_2,d4907a1b-8b06-47c5-8bca-c781d9cddaf8,NA
14,87493920,87493920,1,snv_mnv,NA,NA,"broad,dkfz,muse,sanger",4,COSN7032146,NA,NA,FALSE,0.2353,NA,20,65,NA,NA,NA,IGR,FALSE,FALSE,FALSE,FALSE,4,2,2,2_2,d4907a1b-8b06-47c5-8bca-c781d9cddaf8,NA
14,87830879,87830879,1,snv_mnv,NA,NA,"broad,dkfz,muse,sanger",4,COSN7032400,NA,NA,FALSE,0.3902,NA,32,50,NA,NA,NA,lincRNA,FALSE,FALSE,FALSE,FALSE,4,2,2,2_2,d4907a1b-8b06-47c5-8bca-c781d9cddaf8,NA
14,87921677,87921677,1,snv_mnv,NA,NA,"broad,dkfz,muse,sanger",4,COSN7032474,NA,NA,FALSE,0.236,NA,21,68,NA,NA,NA,lincRNA,FALSE,FALSE,FALSE,FALSE,4,2,2,2_2,d4907a1b-8b06-47c5-8bca-c781d9cddaf8,NA
14,88000917,88000917,1,snv_mnv,NA,NA,"broad,dkfz,muse,sanger",4,COSN7032530,NA,L1MA5A,FALSE,0.3258,NA,29,60,NA,NA,NA,lincRNA,FALSE,FALSE,FALSE,FALSE,4,2,2,2_2,d4907a1b-8b06-47c5-8bca-c781d9cddaf8,NA
14,88043155,88043155,1,snv_mnv,NA,NA,"broad,dkfz,muse,sanger",4,COSN7032565,NA,MLT1A,FALSE,0.1884,NA,13,56,NA,NA,NA,IGR,FALSE,FALSE,TRUE,FALSE,4,2,2,2_2,d4907a1b-8b06-47c5-8bca-c781d9cddaf8,LINC02296
14,88151849,88151849,1,snv_mnv,NA,NA,"broad,dkfz,muse,sanger",4,COSN7032651,NA,NA,FALSE,0.2237,NA,17,59,NA,NA,NA,IGR,FALSE,FALSE,FALSE,FALSE,4,2,2,2_2,d4907a1b-8b06-47c5-8bca-c781d9cddaf8,NA
14,89168972,89168972,1,snv_mnv,NA,NA,"broad,dkfz,muse,sanger",4,COSM3769520,NA,NA,FALSE,0.2727,NA,27,72,NA,NA,NA,Silent,FALSE,FALSE,FALSE,FALSE,4,2,2,2_2,d4907a1b-8b06-47c5-8bca-c781d9cddaf8,NA
14,89487832,89487832,1,snv_mnv,NA,NA,"broad,dkfz,muse,sanger",4,COSN7033032,NA,AluJb,FALSE,0.3134,NA,21,46,NA,NA,NA,IGR,FALSE,FALSE,FALSE,FALSE,4,2,2,2_2,d4907a1b-8b06-47c5-8bca-c781d9cddaf8,NA
14,89693792,89693792,1,snv_mnv,NA,NA,"broad,dkfz,muse,sanger",4,COSN7033072,NA,NA,FALSE,0.1319,NA,12,79,NA,NA,NA,Intron,FALSE,FALSE,FALSE,FALSE,4,2,2,2_2,d4907a1b-8b06-47c5-8bca-c781d9cddaf8,FOXN3
14,90590322,90590322,1,snv_mnv,NA,NA,"broad,dkfz,muse,sanger",4,COSN7033268,NA,MER5B,FALSE,0.1778,NA,16,74,NA,NA,NA,Intron,FALSE,FALSE,TRUE,FALSE,4,2,2,2_2,d4907a1b-8b06-47c5-8bca-c781d9cddaf8,NA
14,90719379,90719379,1,snv_mnv,3.9936e-4,rs540453499,"broad,dkfz,muse,sanger",4,COSN7033318,rs540453499,Charlie2a,FALSE,0.2809,NA,25,64,NA,NA,NA,IGR,FALSE,FALSE,FALSE,FALSE,4,2,2,2_2,d4907a1b-8b06-47c5-8bca-c781d9cddaf8,PSMC1
14,90753126,90753126,1,snv_mnv,NA,NA,"broad,dkfz,muse,sanger",4,COSN7033325,NA,AluSg,FALSE,0.3478,NA,24,45,NA,NA,NA,Intron,FALSE,FALSE,FALSE,FALSE,4,2,2,2_2,d4907a1b-8b06-47c5-8bca-c781d9cddaf8,NRDE2
14,92506548,92506548,1,snv_mnv,NA,NA,"broad,dkfz,muse,sanger",4,COSN7033691,NA,NA,FALSE,0.2462,NA,16,49,NA,NA,NA,5'Flank,FALSE,FALSE,FALSE,FALSE,4,2,2,2_2,d4907a1b-8b06-47c5-8bca-c781d9cddaf8,"ATXN3,TRIP11"
14,97078140,97078140,1,snv_mnv,NA,NA,"broad,muse",2,COSN7034854,NA,AluY,FALSE,0.2838,NA,21,53,NA,NA,NA,IGR,FALSE,FALSE,FALSE,FALSE,4,2,2,2_2,d4907a1b-8b06-47c5-8bca-c781d9cddaf8,NA
14,97446576,97446576,1,snv_mnv,NA,NA,"broad,dkfz,muse,sanger",4,COSN7034965,NA,NA,FALSE,0.3608,NA,35,62,NA,NA,NA,IGR,FALSE,FALSE,TRUE,FALSE,4,2,2,2_2,d4907a1b-8b06-47c5-8bca-c781d9cddaf8,NA
14,97448827,97448827,1,snv_mnv,NA,NA,"broad,dkfz,muse,sanger",4,COSN7034966,NA,NA,FALSE,0.1447,NA,11,65,NA,NA,NA,IGR,FALSE,FALSE,FALSE,FALSE,4,2,2,2_2,d4907a1b-8b06-47c5-8bca-c781d9cddaf8,NA
14,97582716,97582716,1,snv_mnv,NA,NA,"broad,dkfz,muse,sanger",4,COSN7035046,NA,L2b,FALSE,0.2683,NA,22,60,NA,NA,NA,lincRNA,FALSE,FALSE,FALSE,FALSE,4,2,2,2_2,d4907a1b-8b06-47c5-8bca-c781d9cddaf8,AL049833.2
14,97673804,97673804,1,snv_mnv,1.9968e-4,rs569935744,"broad,dkfz,muse,sanger",4,COSN16252169,rs569935744,NA,FALSE,0.3462,NA,27,51,NA,NA,NA,IGR,FALSE,FALSE,FALSE,FALSE,4,2,2,2_2,d4907a1b-8b06-47c5-8bca-c781d9cddaf8,NA
14,97704057,97704057,1,snv_mnv,NA,NA,"broad,dkfz,muse,sanger",4,COSN7035123,rs572551868,L1ME4a,FALSE,0.3011,NA,28,65,NA,NA,NA,IGR,FALSE,FALSE,FALSE,FALSE,4,2,2,2_2,d4907a1b-8b06-47c5-8bca-c781d9cddaf8,NA
14,98433455,98433455,1,snv_mnv,NA,NA,"broad,dkfz,muse,sanger",4,COSN7035604,NA,NA,FALSE,0.1875,NA,15,65,NA,NA,NA,Intron,FALSE,FALSE,FALSE,FALSE,4,2,2,2_2,d4907a1b-8b06-47c5-8bca-c781d9cddaf8,LINC01550
14,98661367,98661367,1,snv_mnv,NA,NA,"broad,dkfz,muse,sanger",4,COSN7035732,NA,NA,FALSE,0.1398,NA,13,80,NA,NA,NA,lincRNA,FALSE,FALSE,FALSE,FALSE,4,2,2,2_2,d4907a1b-8b06-47c5-8bca-c781d9cddaf8,NA
14,101226741,101226741,1,snv_mnv,5.9904e-4,rs182646573,"broad,dkfz,muse,sanger",4,COSN7428708,rs182646573,L1MB8,FALSE,0.2111,NA,19,71,NA,NA,NA,IGR,FALSE,FALSE,FALSE,FALSE,4,2,2,2_2,d4907a1b-8b06-47c5-8bca-c781d9cddaf8,NA
14,101518899,101518899,1,snv_mnv,9.984e-4,rs112490197,"broad,dkfz,muse,sanger",4,COSN7428830,rs112490197,NA,FALSE,0.2887,NA,28,69,NA,NA,NA,lincRNA,FALSE,FALSE,FALSE,FALSE,4,2,2,2_2,d4907a1b-8b06-47c5-8bca-c781d9cddaf8,"MIR382,MIR544A,MIR323B,MIR485,MIR655,MIR889,MIR134,MIR487A,MIR668,MIR381HG"
14,101569194,101569194,1,snv_mnv,NA,NA,"broad,dkfz,muse,sanger",4,COSN7428850,NA,NA,FALSE,0.2833,NA,17,43,NA,NA,NA,IGR,FALSE,FALSE,FALSE,FALSE,4,2,2,2_2,d4907a1b-8b06-47c5-8bca-c781d9cddaf8,NA
14,102895463,102895463,1,snv_mnv,NA,NA,"broad,dkfz,muse,sanger",4,COSN7429187,NA,AluSp,FALSE,0.2576,NA,17,49,NA,NA,NA,Intron,FALSE,FALSE,FALSE,FALSE,4,2,2,2_2,d4907a1b-8b06-47c5-8bca-c781d9cddaf8,TECPR2
15,21891735,21891735,1,snv_mnv,NA,NA,"broad,muse",2,COSN7037531,NA,AluY,FALSE,0.2927,NA,24,58,NA,NA,NA,IGR,FALSE,FALSE,TRUE,FALSE,3,2,1,2_1,d4907a1b-8b06-47c5-8bca-c781d9cddaf8,AC068446.3
15,21952724,21952724,1,snv_mnv,NA,NA,"broad,muse,sanger",3,COSN7037578,NA,AluSz,FALSE,0.3077,NA,16,36,NA,NA,NA,lincRNA,FALSE,FALSE,FALSE,FALSE,3,2,1,2_1,d4907a1b-8b06-47c5-8bca-c781d9cddaf8,RNU6-1235P
15,23878829,23878829,1,snv_mnv,NA,NA,"broad,dkfz,muse",3,COSN7038354,NA,AluY,FALSE,0.4737,NA,27,30,NA,NA,NA,IGR,FALSE,FALSE,FALSE,FALSE,3,2,1,2_1,d4907a1b-8b06-47c5-8bca-c781d9cddaf8,MKRN3
15,23929604,23929604,1,snv_mnv,NA,NA,"broad,dkfz,muse,sanger",4,COSN7038387,NA,NA,FALSE,0.4156,NA,32,45,NA,NA,NA,IGR,FALSE,FALSE,FALSE,FALSE,3,2,1,2_1,d4907a1b-8b06-47c5-8bca-c781d9cddaf8,NDN
15,23987147,23987147,1,snv_mnv,NA,NA,"broad,dkfz,muse",3,COSN7038424,NA,L1PA16,FALSE,0.1163,NA,10,76,NA,NA,NA,IGR,FALSE,FALSE,FALSE,FALSE,3,2,1,2_1,d4907a1b-8b06-47c5-8bca-c781d9cddaf8,NA
15,23989045,23989045,1,snv_mnv,NA,NA,"broad,dkfz,muse,sanger",4,COSN7038426,NA,AluSq2,FALSE,0.1905,NA,12,51,NA,NA,NA,IGR,FALSE,FALSE,FALSE,FALSE,3,2,1,2_1,d4907a1b-8b06-47c5-8bca-c781d9cddaf8,NA
15,24053300,24053300,1,snv_mnv,NA,NA,"broad,dkfz,muse,sanger",4,COSN7038488,NA,NA,FALSE,0.1034,NA,6,52,NA,NA,NA,IGR,FALSE,FALSE,FALSE,FALSE,3,2,1,2_1,d4907a1b-8b06-47c5-8bca-c781d9cddaf8,NA
15,24285947,24285947,1,snv_mnv,NA,NA,"broad,dkfz,muse,sanger",4,COSN7038653,NA,L1MC3,FALSE,0.2619,NA,22,62,NA,NA,NA,IGR,FALSE,FALSE,FALSE,FALSE,3,2,1,2_1,d4907a1b-8b06-47c5-8bca-c781d9cddaf8,NA
15,24626102,24626102,1,snv_mnv,NA,NA,"broad,muse,sanger",3,COSN7038910,NA,PABL_B-int,FALSE,0.2716,NA,22,59,NA,NA,NA,IGR,FALSE,FALSE,FALSE,FALSE,3,2,1,2_1,d4907a1b-8b06-47c5-8bca-c781d9cddaf8,NA
15,24666692,24666692,1,snv_mnv,NA,NA,"broad,dkfz,muse,sanger",4,COSN7038938,NA,NA,FALSE,0.3913,NA,9,14,NA,NA,NA,IGR,FALSE,FALSE,FALSE,FALSE,3,2,1,2_1,d4907a1b-8b06-47c5-8bca-c781d9cddaf8,NA
15,24702261,24702261,1,snv_mnv,NA,NA,"broad,dkfz,muse,sanger",4,COSN7038962,NA,NA,FALSE,0.2268,NA,22,75,NA,NA,NA,IGR,FALSE,FALSE,FALSE,FALSE,3,2,1,2_1,d4907a1b-8b06-47c5-8bca-c781d9cddaf8,NA
15,24763446,24763446,1,snv_mnv,NA,NA,"broad,muse",2,COSN7039011,NA,MSTC-int,FALSE,0.2791,NA,24,62,NA,NA,NA,IGR,FALSE,FALSE,FALSE,FALSE,3,2,1,2_1,d4907a1b-8b06-47c5-8bca-c781d9cddaf8,PWRN1
15,25824018,25824018,1,snv_mnv,NA,NA,"broad,dkfz,muse,sanger",4,COSN7039754,NA,MSTD,FALSE,0.2239,NA,15,52,NA,NA,NA,lincRNA,FALSE,FALSE,FALSE,FALSE,3,2,1,2_1,d4907a1b-8b06-47c5-8bca-c781d9cddaf8,"AC023449.1,LINC02250"
15,26036968,26036968,1,snv_mnv,NA,NA,"broad,dkfz,muse,sanger",4,COSN7039924,NA,L1M5,FALSE,0.1868,NA,17,74,NA,NA,NA,Intron,FALSE,FALSE,FALSE,FALSE,3,2,1,2_1,d4907a1b-8b06-47c5-8bca-c781d9cddaf8,NA
15,26106456,26106456,1,snv_mnv,NA,NA,"broad,dkfz,muse,sanger",4,COSN7039976,NA,MER5A,FALSE,0.1875,NA,12,52,NA,NA,NA,Intron,FALSE,FALSE,FALSE,FALSE,3,2,1,2_1,d4907a1b-8b06-47c5-8bca-c781d9cddaf8,"ATP10A,AC016266.1"
15,26191903,26191903,1,snv_mnv,NA,NA,"broad,dkfz,muse,sanger",4,COSN7040040,NA,NA,FALSE,0.1852,NA,15,66,NA,NA,NA,lincRNA,FALSE,FALSE,FALSE,FALSE,3,2,1,2_1,d4907a1b-8b06-47c5-8bca-c781d9cddaf8,NA
15,26239355,26239355,1,snv_mnv,0.0011981,rs189321289,"broad,dkfz,muse,sanger",4,COSN7040076,rs189321289,NA,FALSE,0.194,NA,13,54,NA,NA,NA,lincRNA,FALSE,FALSE,FALSE,FALSE,3,2,1,2_1,d4907a1b-8b06-47c5-8bca-c781d9cddaf8,NA
15,26407337,26407337,1,snv_mnv,NA,NA,"broad,dkfz,muse,sanger",4,COSN7040210,NA,AluSq2,FALSE,0.1587,NA,10,53,NA,NA,NA,IGR,FALSE,FALSE,FALSE,FALSE,3,2,1,2_1,d4907a1b-8b06-47c5-8bca-c781d9cddaf8,NA
15,26412246,26412246,1,snv_mnv,NA,NA,"broad,dkfz,muse,sanger",4,COSN7040219,NA,L1MC4,FALSE,0.3425,NA,25,48,NA,NA,NA,IGR,FALSE,FALSE,FALSE,FALSE,3,2,1,2_1,d4907a1b-8b06-47c5-8bca-c781d9cddaf8,NA
15,26682718,26682718,1,snv_mnv,1.9968e-4,rs540940156,"broad,dkfz,muse,sanger",4,COSN7040467,rs540940156,NA,FALSE,0.1398,NA,13,80,NA,NA,NA,lincRNA,FALSE,FALSE,FALSE,FALSE,3,2,1,2_1,d4907a1b-8b06-47c5-8bca-c781d9cddaf8,NA
15,27451789,27451789,1,snv_mnv,NA,NA,"broad,dkfz,muse,sanger",4,COSN7041056,rs188656150,L1PA15,FALSE,0.1212,NA,8,58,NA,NA,NA,Intron,FALSE,FALSE,FALSE,FALSE,3,2,1,2_1,d4907a1b-8b06-47c5-8bca-c781d9cddaf8,AC136896.1
15,27507834,27507834,1,snv_mnv,NA,NA,"broad,dkfz,muse,sanger",4,COSN7041114,NA,NA,FALSE,0.1806,NA,13,59,NA,NA,NA,Intron,FALSE,FALSE,FALSE,FALSE,3,2,1,2_1,d4907a1b-8b06-47c5-8bca-c781d9cddaf8,NA
15,27616570,27616570,1,snv_mnv,NA,NA,"broad,dkfz,muse,sanger",4,COSN7041203,NA,NA,FALSE,0.3596,NA,32,57,NA,NA,NA,Intron,FALSE,FALSE,FALSE,FALSE,3,2,1,2_1,d4907a1b-8b06-47c5-8bca-c781d9cddaf8,NA
15,27709663,27709663,1,snv_mnv,NA,NA,"broad,dkfz,muse,sanger",4,COSN7041286,NA,L1MB7,FALSE,0.1648,NA,15,76,NA,NA,NA,Intron,FALSE,FALSE,FALSE,FALSE,3,2,1,2_1,d4907a1b-8b06-47c5-8bca-c781d9cddaf8,NA
15,28036363,28036363,1,snv_mnv,NA,NA,"broad,dkfz,muse,sanger",4,COSN7041532,NA,L1ME1,FALSE,0.137,NA,10,63,NA,NA,NA,Intron,FALSE,FALSE,FALSE,FALSE,3,2,1,2_1,d4907a1b-8b06-47c5-8bca-c781d9cddaf8,NA
15,29442794,29442794,1,snv_mnv,NA,NA,"broad,dkfz,muse,sanger",4,COSN7042049,NA,X3_LINE,FALSE,0.3636,NA,20,35,NA,NA,NA,Intron,FALSE,FALSE,FALSE,FALSE,3,2,1,2_1,d4907a1b-8b06-47c5-8bca-c781d9cddaf8,NA
15,32378488,32378488,1,snv_mnv,NA,NA,"broad,dkfz,muse,sanger",4,COSN7042853,NA,AluY,FALSE,0.1714,NA,12,58,NA,NA,NA,Intron,FALSE,FALSE,FALSE,FALSE,3,2,1,2_1,d4907a1b-8b06-47c5-8bca-c781d9cddaf8,NA
15,33727137,33727137,1,snv_mnv,NA,NA,"broad,muse,sanger",3,COSN7043143,NA,AluY,FALSE,0.1846,NA,12,53,NA,NA,NA,Intron,FALSE,FALSE,FALSE,FALSE,3,2,1,2_1,d4907a1b-8b06-47c5-8bca-c781d9cddaf8,NA
15,33903613,33903613,1,snv_mnv,NA,NA,"broad,dkfz,muse,sanger",4,COSN7043224,NA,AluY,FALSE,0.1739,NA,8,38,NA,NA,NA,Intron,FALSE,FALSE,FALSE,FALSE,3,2,1,2_1,d4907a1b-8b06-47c5-8bca-c781d9cddaf8,NA
15,34091326,34091326,1,snv_mnv,NA,NA,"broad,dkfz,muse,sanger",4,COSN7043280,NA,MER21C,FALSE,0.1279,NA,11,75,NA,NA,NA,Intron,FALSE,FALSE,FALSE,FALSE,3,2,1,2_1,d4907a1b-8b06-47c5-8bca-c781d9cddaf8,NA
15,34121912,34121912,1,snv_mnv,1.9968e-4,rs543950053,"broad,dkfz,muse,sanger",4,COSN7043295,rs543950053,AluY,FALSE,0.2791,NA,12,31,NA,NA,NA,Intron,FALSE,FALSE,FALSE,FALSE,3,2,1,2_1,d4907a1b-8b06-47c5-8bca-c781d9cddaf8,RYR3
15,36357616,36357616,1,snv_mnv,NA,NA,"broad,dkfz,muse,sanger",4,COSN7043854,NA,ERVL-E-int,FALSE,0.3647,NA,31,54,NA,NA,NA,lincRNA,FALSE,FALSE,FALSE,FALSE,3,2,1,2_1,d4907a1b-8b06-47c5-8bca-c781d9cddaf8,NA
15,36554458,36554458,1,snv_mnv,NA,NA,"broad,dkfz,muse,sanger",4,COSN7043919,NA,L1ME3B,FALSE,0.2326,NA,20,66,NA,NA,NA,IGR,FALSE,FALSE,FALSE,FALSE,3,2,1,2_1,d4907a1b-8b06-47c5-8bca-c781d9cddaf8,NA
15,37230682,37230682,1,snv_mnv,NA,NA,"broad,dkfz,muse",3,COSN7044083,NA,NA,FALSE,0.1429,NA,11,66,NA,NA,NA,Intron,FALSE,FALSE,FALSE,FALSE,3,2,1,2_1,d4907a1b-8b06-47c5-8bca-c781d9cddaf8,NA
15,39185145,39185145,1,snv_mnv,NA,NA,"broad,dkfz,muse,sanger",4,COSN7044562,rs746514506,L1PA10,FALSE,0.3833,NA,23,37,NA,NA,NA,RNA,FALSE,FALSE,FALSE,FALSE,3,2,1,2_1,d4907a1b-8b06-47c5-8bca-c781d9cddaf8,NA
15,39213623,39213623,1,snv_mnv,3.9936e-4,rs192787324,"broad,dkfz,muse,sanger",4,COSN7044569,rs192787324,NA,FALSE,0.2394,NA,17,54,NA,NA,NA,RNA,FALSE,FALSE,FALSE,FALSE,3,2,1,2_1,d4907a1b-8b06-47c5-8bca-c781d9cddaf8,C15orf53
15,40204077,40204077,1,snv_mnv,NA,NA,"broad,dkfz,muse,sanger",4,COSN7044775,NA,NA,FALSE,0.1481,NA,12,69,NA,NA,NA,Intron,FALSE,FALSE,FALSE,FALSE,3,2,1,2_1,d4907a1b-8b06-47c5-8bca-c781d9cddaf8,NA
15,41060390,41060390,1,snv_mnv,NA,NA,"broad,dkfz,muse,sanger",4,COSN7044931,NA,NA,FALSE,0.2778,NA,15,39,NA,NA,NA,Intron,FALSE,FALSE,FALSE,FALSE,3,2,1,2_1,d4907a1b-8b06-47c5-8bca-c781d9cddaf8,"GCHFR,C15orf62"
15,42107061,42107061,1,snv_mnv,NA,NA,"broad,dkfz,muse,sanger",4,COSN7045142,NA,NA,FALSE,0.1774,NA,11,51,NA,NA,NA,Intron,FALSE,FALSE,FALSE,FALSE,3,2,1,2_1,d4907a1b-8b06-47c5-8bca-c781d9cddaf8,MAPKBP1
15,42725449,42725449,1,snv_mnv,NA,NA,"dkfz,muse,sanger",3,COSN7045246,NA,AluY,FALSE,0.1296,NA,7,47,NA,NA,NA,Intron,FALSE,FALSE,FALSE,FALSE,3,2,1,2_1,d4907a1b-8b06-47c5-8bca-c781d9cddaf8,NA
15,42761070,42761070,1,snv_mnv,NA,NA,"broad,dkfz,muse,sanger",4,COSN7045251,NA,NA,FALSE,0.381,NA,32,52,NA,NA,NA,Intron,FALSE,FALSE,FALSE,FALSE,3,2,1,2_1,d4907a1b-8b06-47c5-8bca-c781d9cddaf8,NA
15,42822690,42822690,1,snv_mnv,NA,NA,"broad,dkfz,muse,sanger",4,COSN7045261,NA,AluJo,FALSE,0.1429,NA,10,60,NA,NA,NA,Intron,FALSE,FALSE,FALSE,FALSE,3,2,1,2_1,d4907a1b-8b06-47c5-8bca-c781d9cddaf8,"SNAP23,AC018362.1"
15,43509295,43509295,1,snv_mnv,NA,NA,"broad,dkfz,muse,sanger",4,COSN7045418,NA,MSTA,FALSE,0.1348,NA,12,77,NA,NA,NA,Intron,FALSE,FALSE,FALSE,FALSE,3,2,1,2_1,d4907a1b-8b06-47c5-8bca-c781d9cddaf8,EPB42
15,46684406,46684406,1,snv_mnv,NA,NA,"broad,dkfz,muse,sanger",4,COSN7046094,NA,L1MA7,FALSE,0.1125,NA,9,71,NA,NA,NA,IGR,FALSE,FALSE,FALSE,FALSE,3,2,1,2_1,d4907a1b-8b06-47c5-8bca-c781d9cddaf8,NA
15,46755446,46755446,1,snv_mnv,NA,NA,"broad,dkfz,muse",3,COSN7046137,NA,(TA)n,FALSE,0.1724,NA,15,72,NA,NA,NA,IGR,FALSE,FALSE,TRUE,FALSE,3,2,1,2_1,d4907a1b-8b06-47c5-8bca-c781d9cddaf8,NA
15,46787560,46787560,1,snv_mnv,NA,NA,"broad,dkfz,muse,sanger",4,COSN7046152,NA,L1PB2,FALSE,0.1728,NA,14,67,NA,NA,NA,IGR,FALSE,FALSE,FALSE,FALSE,3,2,1,2_1,d4907a1b-8b06-47c5-8bca-c781d9cddaf8,NA
15,47545006,47545006,1,snv_mnv,NA,NA,"broad,dkfz,muse,sanger",4,COSN7046549,NA,L1MA6,FALSE,0.1915,NA,18,76,NA,NA,NA,Intron,FALSE,FALSE,FALSE,FALSE,3,2,1,2_1,d4907a1b-8b06-47c5-8bca-c781d9cddaf8,NA
15,47891828,47891828,1,snv_mnv,NA,NA,"broad,dkfz,muse,sanger",4,COSN7046699,NA,NA,FALSE,0.3404,NA,32,62,NA,NA,NA,Intron,FALSE,FALSE,FALSE,FALSE,3,2,1,2_1,d4907a1b-8b06-47c5-8bca-c781d9cddaf8,AC012050.1
15,48077375,48077375,1,snv_mnv,NA,NA,"broad,dkfz,muse,sanger",4,COSN7046784,NA,NA,FALSE,0.25,NA,19,57,NA,NA,NA,IGR,FALSE,FALSE,FALSE,FALSE,3,2,1,2_1,d4907a1b-8b06-47c5-8bca-c781d9cddaf8,NA
15,48433305,48433305,1,snv_mnv,NA,NA,"broad,dkfz,muse,sanger",4,COSM3769598,NA,NA,FALSE,0.1644,NA,12,61,NA,NA,NA,3'UTR,FALSE,FALSE,FALSE,FALSE,3,2,1,2_1,d4907a1b-8b06-47c5-8bca-c781d9cddaf8,"MYEF2,SLC24A5"
15,49011179,49011179,1,snv_mnv,NA,NA,"broad,dkfz,muse,sanger",4,COSN7047124,NA,NA,FALSE,0.1522,NA,14,78,NA,NA,NA,IGR,FALSE,FALSE,FALSE,FALSE,3,2,1,2_1,d4907a1b-8b06-47c5-8bca-c781d9cddaf8,NA
15,50157249,50157249,1,snv_mnv,NA,NA,"broad,dkfz,muse,sanger",4,COSN7047412,NA,MER21B,FALSE,0.381,NA,24,39,NA,NA,NA,Intron,FALSE,FALSE,FALSE,FALSE,3,2,1,2_1,d4907a1b-8b06-47c5-8bca-c781d9cddaf8,NA
15,50370442,50370442,1,snv_mnv,NA,NA,"broad,dkfz,muse,sanger",4,COSN7047482,NA,AluJr,FALSE,0.2075,NA,11,42,NA,NA,NA,Intron,FALSE,FALSE,TRUE,FALSE,3,2,1,2_1,d4907a1b-8b06-47c5-8bca-c781d9cddaf8,NA
15,50649959,50649959,1,snv_mnv,NA,NA,"broad,dkfz,muse,sanger",4,COSN7047548,NA,L2a,FALSE,0.3699,NA,27,46,NA,NA,NA,5'Flank,FALSE,FALSE,TRUE,FALSE,3,2,1,2_1,d4907a1b-8b06-47c5-8bca-c781d9cddaf8,"GABPB1,GABPB1-IT1,GABPB1-AS1,MIR4712,AC022087.1"
15,51061285,51061285,1,snv_mnv,NA,NA,"broad,dkfz,muse,sanger",4,COSN7047630,NA,MER5B,FALSE,0.1014,NA,7,62,NA,NA,NA,IGR,FALSE,FALSE,FALSE,FALSE,3,2,1,2_1,d4907a1b-8b06-47c5-8bca-c781d9cddaf8,SPPL2A
15,52670666,52670666,1,snv_mnv,1.9968e-4,rs556978905,"broad,dkfz,muse,sanger",4,COSN7047908,rs556978905,AluSg,FALSE,0.3333,NA,10,20,NA,NA,NA,Intron,FALSE,FALSE,FALSE,FALSE,3,2,1,2_1,d4907a1b-8b06-47c5-8bca-c781d9cddaf8,NA
15,52749727,52749727,1,snv_mnv,NA,NA,"broad,dkfz,muse,sanger",4,COSN7047933,NA,L1MA4A,FALSE,0.1549,NA,11,60,NA,NA,NA,Intron,FALSE,FALSE,FALSE,FALSE,3,2,1,2_1,d4907a1b-8b06-47c5-8bca-c781d9cddaf8,NA
15,53578846,53578846,1,snv_mnv,NA,NA,"broad,dkfz,muse,sanger",4,COSN7048146,NA,NA,FALSE,0.2097,NA,13,49,NA,NA,NA,IGR,FALSE,FALSE,FALSE,FALSE,3,2,1,2_1,d4907a1b-8b06-47c5-8bca-c781d9cddaf8,NA
15,54619672,54619672,1,snv_mnv,NA,NA,"broad,dkfz,muse,sanger",4,COSN7048519,NA,Arthur1,FALSE,0.1977,NA,17,69,NA,NA,NA,Intron,FALSE,FALSE,FALSE,FALSE,3,2,1,2_1,d4907a1b-8b06-47c5-8bca-c781d9cddaf8,NA
15,54782456,54782456,1,snv_mnv,NA,NA,"broad,dkfz,muse,sanger",4,COSN7048605,NA,NA,FALSE,0.2208,NA,17,60,NA,NA,NA,Intron,FALSE,FALSE,FALSE,FALSE,3,2,1,2_1,d4907a1b-8b06-47c5-8bca-c781d9cddaf8,NA
15,56358560,56358560,1,snv_mnv,NA,NA,"broad,dkfz,muse,sanger",4,COSN7049138,NA,L1PA5,FALSE,0.2909,NA,16,39,NA,NA,NA,IGR,FALSE,FALSE,FALSE,FALSE,3,2,1,2_1,d4907a1b-8b06-47c5-8bca-c781d9cddaf8,NA
15,57832934,57832934,1,snv_mnv,7.9872e-4,rs183689044,"broad,dkfz,muse,sanger",4,COSN7049391,rs183689044,L2c,FALSE,0.169,NA,12,59,NA,NA,NA,Intron,FALSE,FALSE,FALSE,FALSE,3,2,1,2_1,d4907a1b-8b06-47c5-8bca-c781d9cddaf8,NA
15,59141113,59141113,1,snv_mnv,NA,NA,"broad,dkfz,muse,sanger",4,COSN7049632,NA,NA,FALSE,0.1774,NA,11,51,NA,NA,NA,Intron,FALSE,FALSE,FALSE,FALSE,3,2,1,2_1,d4907a1b-8b06-47c5-8bca-c781d9cddaf8,NA
15,61665323,61665323,1,snv_mnv,NA,NA,"broad,dkfz,muse,sanger",4,COSN7050208,NA,L2b,FALSE,0.0833,NA,5,55,NA,NA,NA,lincRNA,FALSE,FALSE,FALSE,FALSE,3,2,1,2_1,d4907a1b-8b06-47c5-8bca-c781d9cddaf8,NA
15,62552202,62552202,1,snv_mnv,NA,NA,"broad,dkfz,muse,sanger",4,COSN7050485,rs553321563,NA,FALSE,0.1481,NA,12,69,NA,NA,NA,IGR,FALSE,FALSE,FALSE,FALSE,3,2,1,2_1,d4907a1b-8b06-47c5-8bca-c781d9cddaf8,"GOLGA2P11,AC126323.4"
15,64157834,64157834,1,snv_mnv,NA,NA,"broad,dkfz,muse,sanger",4,COSN7050793,NA,AluSz,FALSE,0.225,NA,18,62,NA,NA,NA,IGR,FALSE,FALSE,FALSE,FALSE,3,2,1,2_1,d4907a1b-8b06-47c5-8bca-c781d9cddaf8,NA
15,65594864,65594864,1,snv_mnv,1.9968e-4,rs558819348,"dkfz,muse,sanger",3,COSN7246521,rs558819348,NA,FALSE,0.1882,NA,16,69,NA,NA,NA,5'Flank,FALSE,FALSE,FALSE,FALSE,3,2,1,2_1,d4907a1b-8b06-47c5-8bca-c781d9cddaf8,"RNU5B-1,AC105129.2,PARP16"
15,67476589,67476589,1,snv_mnv,NA,NA,"broad,dkfz,muse,sanger",4,COSN7246882,NA,AluJr,FALSE,0.3043,NA,21,48,NA,NA,NA,Intron,FALSE,FALSE,FALSE,FALSE,3,2,1,2_1,d4907a1b-8b06-47c5-8bca-c781d9cddaf8,SMAD3
15,68230883,68230883,1,snv_mnv,NA,NA,"broad,dkfz,muse,sanger",4,COSN7247002,NA,NA,FALSE,0.2532,NA,20,59,NA,NA,NA,IGR,FALSE,FALSE,FALSE,FALSE,3,2,1,2_1,d4907a1b-8b06-47c5-8bca-c781d9cddaf8,NA
15,68676368,68676368,1,snv_mnv,NA,NA,"broad,dkfz,muse,sanger",4,COSN7247085,NA,NA,FALSE,0.3478,NA,24,45,NA,NA,NA,Intron,FALSE,FALSE,FALSE,FALSE,3,2,1,2_1,d4907a1b-8b06-47c5-8bca-c781d9cddaf8,NA
15,70418791,70418791,1,snv_mnv,NA,NA,"broad,dkfz,muse,sanger",4,COSN7247558,NA,NA,FALSE,0.1795,NA,14,64,NA,NA,NA,IGR,FALSE,FALSE,FALSE,FALSE,3,2,1,2_1,d4907a1b-8b06-47c5-8bca-c781d9cddaf8,NA
15,70418815,70418815,1,snv_mnv,NA,NA,"broad,dkfz,muse,sanger",4,COSN7247559,NA,NA,FALSE,0.1899,NA,15,64,NA,NA,NA,IGR,FALSE,FALSE,FALSE,FALSE,3,2,1,2_1,d4907a1b-8b06-47c5-8bca-c781d9cddaf8,NA
15,70474829,70474829,1,snv_mnv,NA,NA,"broad,dkfz,muse,sanger",4,COSN7247579,NA,NA,FALSE,0.1406,NA,9,55,NA,NA,NA,IGR,FALSE,FALSE,FALSE,FALSE,3,2,1,2_1,d4907a1b-8b06-47c5-8bca-c781d9cddaf8,NA
15,71888116,71888116,1,snv_mnv,NA,NA,"broad,dkfz,muse,sanger",4,COSN7247861,NA,NA,FALSE,0.2,NA,15,60,NA,NA,NA,Intron,FALSE,FALSE,FALSE,FALSE,3,2,1,2_1,d4907a1b-8b06-47c5-8bca-c781d9cddaf8,NA
15,72246686,72246686,1,snv_mnv,NA,NA,"dkfz,muse,sanger",3,COSN7247944,NA,AluY,FALSE,0.1311,NA,8,53,NA,NA,NA,Intron,FALSE,FALSE,FALSE,FALSE,3,2,1,2_1,d4907a1b-8b06-47c5-8bca-c781d9cddaf8,MYO9A
15,73653561,73653561,1,snv_mnv,NA,NA,"broad,dkfz,muse,sanger",4,COSN7248246,NA,L3,FALSE,0.2157,NA,11,40,NA,NA,NA,Intron,FALSE,FALSE,FALSE,FALSE,3,2,1,2_1,d4907a1b-8b06-47c5-8bca-c781d9cddaf8,NA
15,74833581,74833581,1,snv_mnv,NA,NA,"broad,dkfz,muse,sanger",4,COSN7248511,NA,NA,FALSE,0.2432,NA,9,28,NA,NA,NA,5'UTR,FALSE,FALSE,FALSE,FALSE,3,2,1,2_1,d4907a1b-8b06-47c5-8bca-c781d9cddaf8,ARID3B
15,77442716,77442716,1,snv_mnv,NA,NA,"broad,dkfz,muse,sanger",4,COSN7249073,NA,MIR,FALSE,0.1143,NA,8,62,NA,NA,NA,Intron,FALSE,FALSE,FALSE,FALSE,3,2,1,2_1,d4907a1b-8b06-47c5-8bca-c781d9cddaf8,PEAK1
15,77442729,77442729,1,snv_mnv,NA,NA,"broad,dkfz,muse,sanger",4,COSN7249074,NA,MIR,FALSE,0.1231,NA,8,57,NA,NA,NA,Intron,FALSE,FALSE,FALSE,FALSE,3,2,1,2_1,d4907a1b-8b06-47c5-8bca-c781d9cddaf8,PEAK1
15,77933566,77933566,1,snv_mnv,NA,NA,"broad,dkfz,muse,sanger",4,COSN7249172,NA,NA,FALSE,0.1912,NA,13,55,NA,NA,NA,Intron,FALSE,FALSE,FALSE,FALSE,3,2,1,2_1,d4907a1b-8b06-47c5-8bca-c781d9cddaf8,LINGO1-AS1
15,78072826,78072826,1,snv_mnv,NA,NA,"broad,dkfz,muse,sanger",4,COSN7249234,NA,NA,FALSE,0.1833,NA,11,49,NA,NA,NA,Intron,FALSE,FALSE,FALSE,FALSE,3,2,1,2_1,d4907a1b-8b06-47c5-8bca-c781d9cddaf8,AC105133.2
15,78096949,78096949,1,snv_mnv,NA,NA,"broad,dkfz,muse,sanger",4,COSN7249242,NA,NA,FALSE,0.1791,NA,12,55,NA,NA,NA,Intron,FALSE,FALSE,FALSE,FALSE,3,2,1,2_1,d4907a1b-8b06-47c5-8bca-c781d9cddaf8,NA
15,78959933,78959933,1,snv_mnv,NA,NA,"broad,dkfz,muse,sanger",4,COSN7249447,NA,L2b,FALSE,0.4821,NA,27,29,NA,NA,NA,Intron,FALSE,FALSE,FALSE,FALSE,3,2,1,2_1,d4907a1b-8b06-47c5-8bca-c781d9cddaf8,NA
15,79396062,79396062,1,snv_mnv,NA,NA,"broad,dkfz,muse,sanger",4,COSN7249553,NA,NA,FALSE,0.1558,NA,12,65,NA,NA,NA,IGR,FALSE,FALSE,FALSE,FALSE,3,2,1,2_1,d4907a1b-8b06-47c5-8bca-c781d9cddaf8,NA
15,79898033,79898033,1,snv_mnv,NA,NA,"broad,dkfz,muse,sanger",4,COSN7249668,NA,NA,FALSE,0.1558,NA,12,65,NA,NA,NA,IGR,FALSE,FALSE,FALSE,FALSE,3,2,1,2_1,d4907a1b-8b06-47c5-8bca-c781d9cddaf8,NA
15,81754561,81754561,1,snv_mnv,NA,NA,"broad,dkfz,muse,sanger",4,COSN7250148,NA,L1M2,FALSE,0.1379,NA,12,75,NA,NA,NA,lincRNA,FALSE,FALSE,FALSE,FALSE,3,2,1,2_1,d4907a1b-8b06-47c5-8bca-c781d9cddaf8,NA
15,82061303,82061303,1,snv_mnv,NA,NA,"broad,dkfz,muse,sanger",4,COSN7250300,NA,ERV3-16A3_LTR,FALSE,0.137,NA,10,63,NA,NA,NA,lincRNA,FALSE,FALSE,FALSE,FALSE,3,2,1,2_1,d4907a1b-8b06-47c5-8bca-c781d9cddaf8,NA
15,82357246,82357246,1,snv_mnv,NA,NA,"broad,dkfz,muse,sanger",4,COSN7250468,NA,MLT1K,FALSE,0.1625,NA,13,67,NA,NA,NA,IGR,FALSE,FALSE,FALSE,FALSE,3,2,1,2_1,d4907a1b-8b06-47c5-8bca-c781d9cddaf8,NA
15,83822176,83822176,1,snv_mnv,NA,NA,"broad,dkfz,muse,sanger",4,COSN7250704,NA,Charlie20a,FALSE,0.1266,NA,10,69,NA,NA,NA,Intron,FALSE,FALSE,FALSE,FALSE,3,2,1,2_1,d4907a1b-8b06-47c5-8bca-c781d9cddaf8,HDGFL3
15,83899973,83899973,1,snv_mnv,NA,NA,"broad,dkfz,muse",3,COSN7250732,NA,(TA)n,FALSE,0.1731,NA,9,43,NA,NA,NA,RNA,FALSE,FALSE,FALSE,FALSE,3,2,1,2_1,d4907a1b-8b06-47c5-8bca-c781d9cddaf8,NA
15,83915724,83915724,1,snv_mnv,NA,NA,"broad,dkfz,muse,sanger",4,COSN7250743,NA,L1PREC2,FALSE,0.2329,NA,17,56,NA,NA,NA,RNA,FALSE,FALSE,TRUE,FALSE,3,2,1,2_1,d4907a1b-8b06-47c5-8bca-c781d9cddaf8,NA
15,85466599,85466599,1,snv_mnv,NA,NA,"broad,dkfz,muse,sanger",4,COSN7251323,NA,L2a,FALSE,0.2075,NA,11,42,NA,NA,NA,Intron,FALSE,FALSE,FALSE,FALSE,3,2,1,2_1,d4907a1b-8b06-47c5-8bca-c781d9cddaf8,NA
15,85825159,85825159,1,snv_mnv,NA,NA,"broad,muse,sanger",3,COSN7251395,NA,MLT2A1,FALSE,0.1429,NA,10,60,NA,NA,NA,IGR,FALSE,FALSE,TRUE,FALSE,3,2,1,2_1,d4907a1b-8b06-47c5-8bca-c781d9cddaf8,NA
15,87374265,87374265,1,snv_mnv,NA,NA,"broad,dkfz,muse,sanger",4,COSN7251937,NA,THE1B,FALSE,0.3333,NA,22,44,NA,NA,NA,Intron,FALSE,FALSE,FALSE,FALSE,3,2,1,2_1,d4907a1b-8b06-47c5-8bca-c781d9cddaf8,NA
15,87526002,87526002,1,snv_mnv,NA,NA,"broad,dkfz,muse,sanger",4,COSN7252069,NA,Tigger2,FALSE,0.398,NA,39,59,NA,NA,NA,Intron,FALSE,FALSE,FALSE,FALSE,3,2,1,2_1,d4907a1b-8b06-47c5-8bca-c781d9cddaf8,NA
15,87574243,87574243,1,snv_mnv,NA,NA,"broad,dkfz,muse,sanger",4,COSN7252108,NA,NA,FALSE,0.2949,NA,23,55,NA,NA,NA,IGR,FALSE,FALSE,TRUE,FALSE,3,2,1,2_1,d4907a1b-8b06-47c5-8bca-c781d9cddaf8,AGBL1
15,87778784,87778784,1,snv_mnv,1.9968e-4,rs566798192,"broad,dkfz,muse,sanger",4,COSN7252255,rs566798192,L1PA4,FALSE,0.3175,NA,20,43,NA,NA,NA,IGR,FALSE,FALSE,FALSE,FALSE,3,2,1,2_1,d4907a1b-8b06-47c5-8bca-c781d9cddaf8,NA
15,88144085,88144085,1,snv_mnv,1.9968e-4,rs570843333,"broad,dkfz,muse,sanger",4,COSN7252547,rs570843333,L1MD1,FALSE,0.1304,NA,9,60,NA,NA,NA,lincRNA,FALSE,FALSE,FALSE,FALSE,3,2,1,2_1,d4907a1b-8b06-47c5-8bca-c781d9cddaf8,NA
15,88340401,88340401,1,snv_mnv,1.9968e-4,rs556454246,"broad,dkfz,muse,sanger",4,COSN7252684,rs556454246,NA,FALSE,0.3553,NA,27,49,NA,NA,NA,IGR,FALSE,FALSE,FALSE,FALSE,3,2,1,2_1,d4907a1b-8b06-47c5-8bca-c781d9cddaf8,NA
15,88610432,88610432,1,snv_mnv,NA,NA,"broad,dkfz,muse,sanger",4,COSN7252884,NA,NA,FALSE,0.2917,NA,21,51,NA,NA,NA,Intron,FALSE,FALSE,FALSE,FALSE,3,2,1,2_1,d4907a1b-8b06-47c5-8bca-c781d9cddaf8,NA
15,90036242,90036242,1,snv_mnv,3.9936e-4,rs539910789,"broad,dkfz,muse,sanger",4,COSN7253393,rs539910789,NA,FALSE,0.1449,NA,10,59,NA,NA,NA,Intron,FALSE,FALSE,FALSE,FALSE,3,2,1,2_1,d4907a1b-8b06-47c5-8bca-c781d9cddaf8,NA
15,90109653,90109653,1,snv_mnv,NA,NA,"broad,dkfz,muse,sanger",4,COSN7253415,NA,L2b,FALSE,0.1176,NA,8,60,NA,NA,NA,RNA,FALSE,FALSE,FALSE,FALSE,3,2,1,2_1,d4907a1b-8b06-47c5-8bca-c781d9cddaf8,NA
15,90901437,90901437,1,snv_mnv,NA,NA,"broad,dkfz,muse,sanger",4,COSN7253594,NA,MIR,FALSE,0.3559,NA,21,38,NA,NA,NA,Intron,FALSE,FALSE,TRUE,FALSE,3,2,1,2_1,d4907a1b-8b06-47c5-8bca-c781d9cddaf8,NA
15,91457708,91457708,1,snv_mnv,NA,NA,"broad,dkfz,muse,sanger",4,COSN7253710,NA,NA,FALSE,0.1461,NA,13,76,NA,NA,NA,Intron,FALSE,FALSE,FALSE,FALSE,3,2,1,2_1,d4907a1b-8b06-47c5-8bca-c781d9cddaf8,MAN2A2
15,93025273,93025273,1,snv_mnv,NA,NA,"broad,dkfz,muse,sanger",4,COSN7254156,NA,NA,FALSE,0.1846,NA,12,53,NA,NA,NA,Intron,FALSE,FALSE,FALSE,FALSE,3,2,1,2_1,d4907a1b-8b06-47c5-8bca-c781d9cddaf8,NA
15,94242359,94242359,1,snv_mnv,NA,NA,"broad,dkfz,muse,sanger",4,COSN7254607,NA,L1MEg,FALSE,0.3333,NA,22,44,NA,NA,NA,lincRNA,FALSE,FALSE,TRUE,FALSE,3,2,1,2_1,d4907a1b-8b06-47c5-8bca-c781d9cddaf8,NA
15,94333136,94333136,1,snv_mnv,NA,NA,"broad,dkfz,muse,sanger",4,COSN7254667,NA,NA,FALSE,0.3077,NA,24,54,NA,NA,NA,lincRNA,FALSE,FALSE,FALSE,FALSE,3,2,1,2_1,d4907a1b-8b06-47c5-8bca-c781d9cddaf8,NA
15,94927309,94927309,1,snv_mnv,NA,NA,"broad,dkfz,muse,sanger",4,COSM2141151,NA,NA,FALSE,0.4028,NA,29,43,NA,NA,NA,Silent,FALSE,FALSE,FALSE,FALSE,3,2,1,2_1,d4907a1b-8b06-47c5-8bca-c781d9cddaf8,NA
15,95551507,95551507,1,snv_mnv,NA,NA,"broad,dkfz,muse,sanger",4,COSN7255249,NA,NA,FALSE,0.1803,NA,11,50,NA,NA,NA,IGR,FALSE,FALSE,FALSE,FALSE,3,2,1,2_1,d4907a1b-8b06-47c5-8bca-c781d9cddaf8,NA
15,95559814,95559814,1,snv_mnv,NA,NA,"broad,dkfz,muse,sanger",4,COSN7255255,rs779644273,NA,FALSE,0.2286,NA,16,54,NA,NA,NA,IGR,FALSE,FALSE,FALSE,FALSE,3,2,1,2_1,d4907a1b-8b06-47c5-8bca-c781d9cddaf8,NA
15,95672154,95672154,1,snv_mnv,NA,NA,"broad,dkfz,muse,sanger",4,COSN7255335,NA,NA,FALSE,0.1932,NA,17,71,NA,NA,NA,lincRNA,FALSE,FALSE,FALSE,FALSE,3,2,1,2_1,d4907a1b-8b06-47c5-8bca-c781d9cddaf8,NA
15,95686015,95686015,1,snv_mnv,NA,NA,"broad,dkfz,muse,sanger",4,COSN7255347,NA,MLT1K,FALSE,0.175,NA,14,66,NA,NA,NA,IGR,FALSE,FALSE,FALSE,FALSE,3,2,1,2_1,d4907a1b-8b06-47c5-8bca-c781d9cddaf8,NA
15,96233855,96233855,1,snv_mnv,NA,NA,"broad,dkfz,muse,sanger",4,COSN7255686,NA,L2c,FALSE,0.1341,NA,11,71,NA,NA,NA,IGR,FALSE,FALSE,FALSE,FALSE,3,2,1,2_1,d4907a1b-8b06-47c5-8bca-c781d9cddaf8,NA
15,96412374,96412374,1,snv_mnv,NA,NA,"broad,dkfz,muse,sanger",4,COSN7255789,rs747377948,NA,FALSE,0.1923,NA,15,63,NA,NA,NA,IGR,FALSE,FALSE,FALSE,FALSE,3,2,1,2_1,d4907a1b-8b06-47c5-8bca-c781d9cddaf8,NA
15,96971782,96971782,1,snv_mnv,NA,NA,"broad,dkfz,muse,sanger",4,COSN7256023,NA,NA,FALSE,0.1867,NA,14,61,NA,NA,NA,IGR,FALSE,FALSE,FALSE,FALSE,3,2,1,2_1,d4907a1b-8b06-47c5-8bca-c781d9cddaf8,NA
15,97410853,97410853,1,snv_mnv,NA,NA,"broad,dkfz,muse,sanger",4,COSN7256287,NA,LTR1D,FALSE,0.141,NA,11,67,NA,NA,NA,IGR,FALSE,FALSE,FALSE,FALSE,3,2,1,2_1,d4907a1b-8b06-47c5-8bca-c781d9cddaf8,NA
15,97414277,97414277,1,snv_mnv,NA,NA,"broad,dkfz,muse,sanger",4,COSN7256291,NA,NA,FALSE,0.1538,NA,12,66,NA,NA,NA,IGR,FALSE,FALSE,FALSE,FALSE,3,2,1,2_1,d4907a1b-8b06-47c5-8bca-c781d9cddaf8,NA
15,97571215,97571215,1,snv_mnv,1.9968e-4,rs530083796,"broad,dkfz,muse,sanger",4,COSN7296214,rs530083796,NA,FALSE,0.1333,NA,8,52,NA,NA,NA,IGR,FALSE,FALSE,FALSE,FALSE,3,2,1,2_1,d4907a1b-8b06-47c5-8bca-c781d9cddaf8,NA
15,97573873,97573873,1,snv_mnv,NA,NA,"broad,dkfz,muse,sanger",4,COSN7296218,NA,L1MD1,FALSE,0.2051,NA,16,62,NA,NA,NA,IGR,FALSE,FALSE,FALSE,FALSE,3,2,1,2_1,d4907a1b-8b06-47c5-8bca-c781d9cddaf8,NA
15,97678578,97678578,1,snv_mnv,NA,NA,"broad,dkfz,muse,sanger",4,COSN7296285,NA,MER45C,FALSE,0.4,NA,22,33,NA,NA,NA,IGR,FALSE,FALSE,FALSE,FALSE,3,2,1,2_1,d4907a1b-8b06-47c5-8bca-c781d9cddaf8,NA
15,97732409,97732409,1,snv_mnv,NA,NA,"broad,dkfz,muse,sanger",4,COSN7296325,NA,MIRc,FALSE,0.1831,NA,13,58,NA,NA,NA,IGR,FALSE,FALSE,TRUE,FALSE,3,2,1,2_1,d4907a1b-8b06-47c5-8bca-c781d9cddaf8,NA
15,97993407,97993407,1,snv_mnv,NA,NA,"broad,dkfz,muse,sanger",4,COSN7296456,NA,NA,FALSE,0.1398,NA,13,80,NA,NA,NA,IGR,FALSE,FALSE,FALSE,FALSE,3,2,1,2_1,d4907a1b-8b06-47c5-8bca-c781d9cddaf8,NA
15,98340631,98340631,1,snv_mnv,NA,NA,"broad,dkfz,muse,sanger",4,COSN7296648,NA,NA,FALSE,0.1392,NA,11,68,NA,NA,NA,Intron,FALSE,FALSE,FALSE,FALSE,3,2,1,2_1,d4907a1b-8b06-47c5-8bca-c781d9cddaf8,NA
15,98525718,98525718,1,snv_mnv,NA,NA,"broad,dkfz,muse,sanger",4,COSN7296717,NA,NA,FALSE,0.4103,NA,32,46,NA,NA,NA,lincRNA,FALSE,FALSE,FALSE,FALSE,3,2,1,2_1,d4907a1b-8b06-47c5-8bca-c781d9cddaf8,AC024651.1
15,98692177,98692177,1,snv_mnv,NA,NA,"broad,dkfz,muse,sanger",4,COSN7296802,rs181331832,NA,FALSE,0.3625,NA,29,51,NA,NA,NA,lincRNA,FALSE,FALSE,FALSE,FALSE,3,2,1,2_1,d4907a1b-8b06-47c5-8bca-c781d9cddaf8,NA
15,98749415,98749415,1,snv_mnv,NA,NA,"broad,dkfz,muse,sanger",4,COSN7296837,NA,MSTB,FALSE,0.1515,NA,10,56,NA,NA,NA,lincRNA,FALSE,FALSE,FALSE,FALSE,3,2,1,2_1,d4907a1b-8b06-47c5-8bca-c781d9cddaf8,NA
15,98864018,98864018,1,snv_mnv,NA,NA,"broad,dkfz,muse",3,COSN7296897,NA,NA,FALSE,0.1754,NA,10,47,NA,NA,NA,IGR,FALSE,FALSE,FALSE,FALSE,3,2,1,2_1,d4907a1b-8b06-47c5-8bca-c781d9cddaf8,"LINC02351,AC015722.2"
15,98936054,98936054,1,snv_mnv,7.9872e-4,rs529059652,"broad,dkfz,muse,sanger",4,COSN7296935,rs529059652,NA,FALSE,0.4247,NA,31,42,NA,NA,NA,IGR,FALSE,FALSE,FALSE,FALSE,3,2,1,2_1,d4907a1b-8b06-47c5-8bca-c781d9cddaf8,NA
15,100354434,100354434,1,snv_mnv,NA,NA,"muse,sanger",2,COSN7036288,rs772856024,AluSc,FALSE,0.1379,NA,8,50,NA,NA,NA,Intron,FALSE,FALSE,FALSE,FALSE,3,2,1,2_1,d4907a1b-8b06-47c5-8bca-c781d9cddaf8,NA
15,100693727,100693727,1,snv_mnv,NA,NA,"broad,dkfz,muse,sanger",4,COSN7036375,NA,AluSz,FALSE,0.2029,NA,14,55,NA,NA,NA,Intron,FALSE,FALSE,FALSE,FALSE,3,2,1,2_1,d4907a1b-8b06-47c5-8bca-c781d9cddaf8,NA
15,101341843,101341843,1,snv_mnv,NA,NA,"broad,dkfz,muse,sanger",4,COSN7036563,NA,NA,FALSE,0.16,NA,8,42,NA,NA,NA,lincRNA,FALSE,FALSE,FALSE,FALSE,3,2,1,2_1,d4907a1b-8b06-47c5-8bca-c781d9cddaf8,NA
15,101617798,101617798,1,snv_mnv,NA,NA,"broad,muse,sanger",3,COSN7036629,NA,HERVH-int,FALSE,0.2222,NA,14,49,NA,NA,NA,RNA,FALSE,FALSE,FALSE,FALSE,3,2,1,2_1,d4907a1b-8b06-47c5-8bca-c781d9cddaf8,NA
15,101797539,101797539,1,snv_mnv,NA,NA,"broad,dkfz,muse,sanger",4,COSN7036684,NA,AluSc,FALSE,0.1803,NA,11,50,NA,NA,NA,IGR,FALSE,FALSE,FALSE,FALSE,3,2,1,2_1,d4907a1b-8b06-47c5-8bca-c781d9cddaf8,NA
16,303776,303776,1,snv_mnv,NA,NA,"broad,dkfz,muse,sanger",4,COSN7304145,NA,MIR,FALSE,0.3871,NA,36,57,NA,NA,NA,Intron,FALSE,FALSE,FALSE,FALSE,5,3,2,3_2,d4907a1b-8b06-47c5-8bca-c781d9cddaf8,FAM234A
16,736146,736146,1,snv_mnv,NA,NA,"broad,dkfz,muse,sanger",4,COSM3772017,NA,NA,FALSE,0.3143,NA,22,48,NA,NA,NA,Missense_Mutation,FALSE,FALSE,FALSE,FALSE,5,3,2,3_2,d4907a1b-8b06-47c5-8bca-c781d9cddaf8,NA
16,1528890,1528890,1,snv_mnv,NA,NA,"broad,dkfz,muse,sanger",4,COSN7299061,NA,AluSx1,FALSE,0.186,NA,16,70,NA,NA,NA,IGR,FALSE,FALSE,FALSE,FALSE,5,3,2,3_2,d4907a1b-8b06-47c5-8bca-c781d9cddaf8,"CLCN7,RPS3AP2"
16,2073277,2073277,1,snv_mnv,NA,NA,"broad,dkfz,muse,sanger",4,COSN7300780,NA,NA,FALSE,0.4079,NA,31,45,NA,NA,NA,IGR,FALSE,FALSE,FALSE,FALSE,5,3,2,3_2,d4907a1b-8b06-47c5-8bca-c781d9cddaf8,"SLC9A3R2,NPW"
16,3223474,3223474,1,snv_mnv,NA,NA,"broad,dkfz,muse,sanger",4,COSN7304723,NA,AluSx1,FALSE,0.1087,NA,10,82,NA,NA,NA,IGR,FALSE,FALSE,FALSE,FALSE,5,3,2,3_2,d4907a1b-8b06-47c5-8bca-c781d9cddaf8,NA
16,3848710,3848710,1,snv_mnv,NA,NA,"broad,dkfz,muse,sanger",4,COSN7257434,NA,L1MB7,FALSE,0.219,NA,23,82,NA,NA,NA,Intron,FALSE,FALSE,FALSE,FALSE,5,3,2,3_2,d4907a1b-8b06-47c5-8bca-c781d9cddaf8,NA
16,5558671,5558671,1,snv_mnv,NA,NA,"broad,dkfz,muse,sanger",4,COSN7261091,NA,NA,FALSE,0.3231,NA,21,44,NA,NA,NA,RNA,FALSE,FALSE,FALSE,FALSE,5,3,2,3_2,d4907a1b-8b06-47c5-8bca-c781d9cddaf8,NA
16,6192443,6192443,1,snv_mnv,NA,NA,"broad,dkfz,muse,sanger",4,COSN7264993,NA,AluY,FALSE,0.32,NA,24,51,NA,NA,NA,Intron,FALSE,FALSE,FALSE,FALSE,5,3,2,3_2,d4907a1b-8b06-47c5-8bca-c781d9cddaf8,NA
16,6258847,6258847,1,snv_mnv,NA,NA,"broad,dkfz,muse,sanger",4,COSN7265665,NA,MER102c,FALSE,0.2564,NA,20,58,NA,NA,NA,Intron,FALSE,FALSE,FALSE,FALSE,5,3,2,3_2,d4907a1b-8b06-47c5-8bca-c781d9cddaf8,NA
16,6351600,6351600,1,snv_mnv,NA,NA,"broad,dkfz,muse,sanger",4,COSN7266416,NA,L1MC1,FALSE,0.2692,NA,28,76,NA,NA,NA,Intron,FALSE,FALSE,FALSE,FALSE,5,3,2,3_2,d4907a1b-8b06-47c5-8bca-c781d9cddaf8,NA
16,6529817,6529817,1,snv_mnv,NA,NA,"broad,dkfz,muse,sanger",4,COSN7267642,NA,AluSx1,FALSE,0.3226,NA,30,63,NA,NA,NA,Intron,FALSE,FALSE,FALSE,FALSE,5,3,2,3_2,d4907a1b-8b06-47c5-8bca-c781d9cddaf8,RBFOX1
16,6680066,6680066,1,snv_mnv,NA,NA,"broad,dkfz,muse,sanger",4,COSN7268483,NA,NA,FALSE,0.3152,NA,29,63,NA,NA,NA,Intron,FALSE,FALSE,FALSE,FALSE,5,3,2,3_2,d4907a1b-8b06-47c5-8bca-c781d9cddaf8,NA
16,7183556,7183556,1,snv_mnv,NA,NA,"broad,dkfz,muse,sanger",4,COSN7270079,NA,NA,FALSE,0.3761,NA,41,68,NA,NA,NA,Intron,FALSE,FALSE,FALSE,FALSE,5,3,2,3_2,d4907a1b-8b06-47c5-8bca-c781d9cddaf8,NA
16,7394216,7394216,1,snv_mnv,NA,NA,"broad,dkfz,muse,sanger",4,COSN7271032,NA,MIR,FALSE,0.1489,NA,14,80,NA,NA,NA,Intron,FALSE,FALSE,FALSE,FALSE,5,3,2,3_2,d4907a1b-8b06-47c5-8bca-c781d9cddaf8,NA
16,8080133,8080133,1,snv_mnv,NA,NA,"broad,dkfz,muse,sanger",4,COSN7274556,NA,L1PA13,FALSE,0.3833,NA,46,74,NA,NA,NA,IGR,FALSE,FALSE,FALSE,FALSE,5,3,2,3_2,d4907a1b-8b06-47c5-8bca-c781d9cddaf8,NA
16,8366963,8366963,1,snv_mnv,NA,NA,"broad,dkfz,muse,sanger",4,COSN7275909,NA,NA,FALSE,0.1188,NA,12,89,NA,NA,NA,lincRNA,FALSE,FALSE,FALSE,FALSE,5,3,2,3_2,d4907a1b-8b06-47c5-8bca-c781d9cddaf8,NA
16,8579023,8579023,1,snv_mnv,NA,NA,"broad,dkfz,muse,sanger",4,COSN7157366,NA,NA,FALSE,0.2716,NA,22,59,NA,NA,NA,lincRNA,FALSE,FALSE,FALSE,FALSE,5,3,2,3_2,d4907a1b-8b06-47c5-8bca-c781d9cddaf8,NA
16,8951025,8951025,1,snv_mnv,NA,NA,"broad,dkfz,muse,sanger",4,COSN7158682,NA,NA,FALSE,0.358,NA,29,52,NA,NA,NA,Intron,FALSE,FALSE,FALSE,FALSE,5,3,2,3_2,d4907a1b-8b06-47c5-8bca-c781d9cddaf8,"CARHSP1,AC022167.1,AC022167.2"
16,10270117,10270117,1,snv_mnv,NA,NA,"broad,dkfz,muse,sanger",4,COSN7297319,NA,AluSx1,FALSE,0.3372,NA,29,57,NA,NA,NA,Intron,FALSE,FALSE,FALSE,FALSE,5,3,2,3_2,d4907a1b-8b06-47c5-8bca-c781d9cddaf8,GRIN2A
16,10962131,10962131,1,snv_mnv,1.9968e-4,rs538620237,"broad,dkfz,muse,sanger",4,COSN7297542,rs538620237,MIRb,FALSE,0.3158,NA,24,52,NA,NA,NA,RNA,FALSE,FALSE,FALSE,FALSE,5,3,2,3_2,d4907a1b-8b06-47c5-8bca-c781d9cddaf8,NA
16,11480321,11480321,1,snv_mnv,NA,NA,"broad,dkfz,muse,sanger",4,COSN7297662,NA,NA,FALSE,0.1889,NA,17,73,NA,NA,NA,IGR,FALSE,FALSE,FALSE,FALSE,5,3,2,3_2,d4907a1b-8b06-47c5-8bca-c781d9cddaf8,AC099489.1
16,12440190,12440190,1,snv_mnv,7.9872e-4,rs548460058,"broad,dkfz,muse,sanger",4,COSN7297927,rs548460058,MIR,FALSE,0.3636,NA,40,70,NA,NA,NA,Intron,FALSE,FALSE,FALSE,FALSE,5,3,2,3_2,d4907a1b-8b06-47c5-8bca-c781d9cddaf8,NA
16,13177523,13177523,1,snv_mnv,NA,NA,"broad,muse,sanger",3,COSN7298276,NA,LTR16A1,FALSE,0.1809,NA,17,77,NA,NA,NA,Intron,FALSE,FALSE,FALSE,FALSE,5,3,2,3_2,d4907a1b-8b06-47c5-8bca-c781d9cddaf8,NA
16,13311613,13311613,1,snv_mnv,3.9936e-4,rs576160208,"broad,dkfz,muse,sanger",4,COSN7298370,rs576160208,AluSz,FALSE,0.3908,NA,34,53,NA,NA,NA,Intron,FALSE,FALSE,FALSE,FALSE,5,3,2,3_2,d4907a1b-8b06-47c5-8bca-c781d9cddaf8,NA
16,15848961,15848961,1,snv_mnv,NA,NA,"broad,dkfz,muse,sanger",4,COSN7299188,NA,MER58A,FALSE,0.3704,NA,40,68,NA,NA,NA,Intron,FALSE,FALSE,FALSE,FALSE,5,3,2,3_2,d4907a1b-8b06-47c5-8bca-c781d9cddaf8,NA
16,16229972,16229972,1,snv_mnv,NA,NA,"broad,dkfz,muse,sanger",4,COSN7299315,NA,AluSz6,FALSE,0.4128,NA,45,64,NA,NA,NA,Intron,FALSE,FALSE,FALSE,FALSE,5,3,2,3_2,d4907a1b-8b06-47c5-8bca-c781d9cddaf8,NA
16,16911052,16911052,1,snv_mnv,NA,NA,"broad,dkfz,muse,sanger",4,COSN7299463,NA,NA,FALSE,0.1829,NA,15,67,NA,NA,NA,IGR,FALSE,FALSE,FALSE,FALSE,5,3,2,3_2,d4907a1b-8b06-47c5-8bca-c781d9cddaf8,NA
16,17769362,17769362,1,snv_mnv,NA,NA,"broad,dkfz,muse,sanger",4,COSN7299841,NA,AluY,FALSE,0.1935,NA,12,50,NA,NA,NA,IGR,FALSE,FALSE,FALSE,FALSE,5,3,2,3_2,d4907a1b-8b06-47c5-8bca-c781d9cddaf8,NA
16,19066595,19066595,1,snv_mnv,NA,NA,"broad,dkfz,muse,sanger",4,COSN7300294,NA,L1MC5,FALSE,0.2159,NA,19,69,NA,NA,NA,Intron,FALSE,FALSE,FALSE,FALSE,5,3,2,3_2,d4907a1b-8b06-47c5-8bca-c781d9cddaf8,NA
16,22710725,22710725,1,snv_mnv,NA,NA,"broad,muse,sanger",3,COSN7301170,NA,MIR,FALSE,0.1566,NA,26,140,NA,NA,NA,IGR,FALSE,FALSE,FALSE,FALSE,5,3,2,3_2,d4907a1b-8b06-47c5-8bca-c781d9cddaf8,NA
16,22848583,22848583,1,snv_mnv,NA,NA,"broad,dkfz,muse,sanger",4,COSN7301250,NA,MIR,FALSE,0.1011,NA,9,80,NA,NA,NA,Intron,FALSE,FALSE,FALSE,FALSE,5,3,2,3_2,d4907a1b-8b06-47c5-8bca-c781d9cddaf8,NA
16,23163102,23163102,1,snv_mnv,NA,NA,"broad,dkfz,muse,sanger",4,COSN7301385,NA,AluSz,FALSE,0.2375,NA,19,61,NA,NA,NA,5'Flank,FALSE,FALSE,FALSE,FALSE,5,3,2,3_2,d4907a1b-8b06-47c5-8bca-c781d9cddaf8,USP31
16,25093500,25093500,1,snv_mnv,NA,NA,"broad,dkfz,muse,sanger",4,COSN7302116,NA,MER58B,FALSE,0.3628,NA,41,72,NA,NA,NA,IGR,FALSE,FALSE,FALSE,FALSE,5,3,2,3_2,d4907a1b-8b06-47c5-8bca-c781d9cddaf8,LCMT1-AS1
16,25305518,25305518,1,snv_mnv,NA,NA,"broad,muse,sanger",3,COSN7302175,NA,AluY,FALSE,0.2088,NA,19,72,NA,NA,NA,IGR,FALSE,FALSE,FALSE,FALSE,5,3,2,3_2,d4907a1b-8b06-47c5-8bca-c781d9cddaf8,NA
16,25698014,25698014,1,snv_mnv,NA,NA,"broad,dkfz,muse,sanger",4,COSN7302431,rs762149712,AluSc8,FALSE,0.314,NA,27,59,NA,NA,NA,IGR,FALSE,FALSE,FALSE,FALSE,5,3,2,3_2,d4907a1b-8b06-47c5-8bca-c781d9cddaf8,NA
16,25992766,25992766,1,snv_mnv,NA,NA,"broad,dkfz,muse,sanger",4,COSN7302636,NA,MER74A,FALSE,0.1327,NA,13,85,NA,NA,NA,Intron,FALSE,FALSE,FALSE,FALSE,5,3,2,3_2,d4907a1b-8b06-47c5-8bca-c781d9cddaf8,NA
16,26109541,26109541,1,snv_mnv,NA,NA,"broad,dkfz,muse,sanger",4,COSN7302726,NA,L1PA6,FALSE,0.3774,NA,40,66,NA,NA,NA,Intron,FALSE,FALSE,FALSE,FALSE,5,3,2,3_2,d4907a1b-8b06-47c5-8bca-c781d9cddaf8,NA
16,26167596,26167596,1,snv_mnv,NA,NA,"broad,dkfz,muse,sanger",4,COSN7302774,rs370335279,AluSx,FALSE,0.4468,NA,42,52,NA,NA,NA,IGR,FALSE,FALSE,FALSE,FALSE,5,3,2,3_2,d4907a1b-8b06-47c5-8bca-c781d9cddaf8,NA
16,26240353,26240353,1,snv_mnv,NA,NA,"broad,dkfz,muse,sanger",4,COSN5215818,NA,L1PA2,FALSE,0.3625,NA,29,51,NA,NA,NA,IGR,FALSE,FALSE,FALSE,FALSE,5,3,2,3_2,d4907a1b-8b06-47c5-8bca-c781d9cddaf8,NA
16,26267701,26267701,1,snv_mnv,NA,NA,"broad,dkfz,muse,sanger",4,COSN7302856,NA,L1MD1,FALSE,0.3853,NA,42,67,NA,NA,NA,IGR,FALSE,FALSE,FALSE,FALSE,5,3,2,3_2,d4907a1b-8b06-47c5-8bca-c781d9cddaf8,NA
16,26518803,26518803,1,snv_mnv,NA,NA,"broad,dkfz,muse",3,COSN7303046,NA,NA,FALSE,0.4057,NA,43,63,NA,NA,NA,IGR,FALSE,FALSE,FALSE,FALSE,5,3,2,3_2,d4907a1b-8b06-47c5-8bca-c781d9cddaf8,NA
16,27938186,27938186,1,snv_mnv,NA,NA,"broad,dkfz,muse,sanger",4,COSN7303650,NA,MIR,FALSE,0.42,NA,42,58,NA,NA,NA,Intron,FALSE,FALSE,FALSE,FALSE,5,3,2,3_2,d4907a1b-8b06-47c5-8bca-c781d9cddaf8,NA
16,28502468,28502468,1,snv_mnv,NA,NA,"broad,dkfz,muse,sanger",4,COSN7303790,rs367696318,NA,FALSE,0.3294,NA,28,57,NA,NA,NA,Intron,FALSE,FALSE,FALSE,FALSE,5,3,2,3_2,d4907a1b-8b06-47c5-8bca-c781d9cddaf8,"CLN3,AC138894.1,APOBR"
16,31157076,31157076,1,snv_mnv,NA,NA,"broad,dkfz,muse,sanger",4,COSN7304336,NA,NA,FALSE,0.3289,NA,25,51,NA,NA,NA,Intron,FALSE,FALSE,FALSE,FALSE,5,3,2,3_2,d4907a1b-8b06-47c5-8bca-c781d9cddaf8,PRSS36
16,31374316,31374316,1,snv_mnv,NA,NA,"broad,dkfz,muse,sanger",4,COSM3772203,rs758096156,NA,FALSE,0.4107,NA,23,33,NA,NA,NA,Missense_Mutation,FALSE,FALSE,FALSE,FALSE,5,3,2,3_2,d4907a1b-8b06-47c5-8bca-c781d9cddaf8,"AC093520.2,ITGAX"
16,31827242,31827242,1,snv_mnv,NA,NA,"broad,dkfz,muse,sanger",4,COSN7304561,NA,NA,FALSE,0.2642,NA,28,78,NA,NA,NA,IGR,FALSE,FALSE,FALSE,FALSE,5,3,2,3_2,d4907a1b-8b06-47c5-8bca-c781d9cddaf8,NA
16,34205858,34205858,1,snv_mnv,NA,NA,"broad,dkfz,muse,sanger",4,COSN16020069,rs868354158,NA,FALSE,0.3556,NA,32,58,NA,NA,NA,IGR,FALSE,FALSE,FALSE,FALSE,5,3,2,3_2,d4907a1b-8b06-47c5-8bca-c781d9cddaf8,NA
16,34228526,34228526,1,snv_mnv,NA,NA,"broad,dkfz,muse,sanger",4,COSN7306073,NA,MIRb,FALSE,0.0928,NA,9,88,NA,NA,NA,IGR,FALSE,FALSE,FALSE,FALSE,5,3,2,3_2,d4907a1b-8b06-47c5-8bca-c781d9cddaf8,NA
16,34332343,34332343,1,snv_mnv,NA,NA,"broad,dkfz,muse,sanger",4,COSN7256426,NA,NA,FALSE,0.1444,NA,13,77,NA,NA,NA,IGR,FALSE,FALSE,FALSE,FALSE,5,3,2,3_2,d4907a1b-8b06-47c5-8bca-c781d9cddaf8,NA
16,34440949,34440949,1,snv_mnv,NA,NA,"broad,dkfz,muse,sanger",4,COSN7256553,NA,NA,FALSE,0.2316,NA,22,73,NA,NA,NA,lincRNA,FALSE,FALSE,TRUE,FALSE,5,3,2,3_2,d4907a1b-8b06-47c5-8bca-c781d9cddaf8,"AC023824.3,TP53TG3GP"
16,34447755,34447755,1,snv_mnv,NA,NA,"broad,dkfz,muse,sanger",4,COSN7256562,NA,L1M4,FALSE,0.2212,NA,23,81,NA,NA,NA,lincRNA,FALSE,FALSE,FALSE,FALSE,5,3,2,3_2,d4907a1b-8b06-47c5-8bca-c781d9cddaf8,NA
16,34522892,34522892,1,snv_mnv,NA,NA,"broad,dkfz,muse,sanger",4,COSN7256636,NA,L1PA4,FALSE,0.0943,NA,10,96,NA,NA,NA,IGR,FALSE,FALSE,FALSE,FALSE,5,3,2,3_2,d4907a1b-8b06-47c5-8bca-c781d9cddaf8,AC023824.3
16,34551639,34551639,1,snv_mnv,NA,NA,"broad,dkfz,muse,sanger",4,COSN7256659,NA,NA,FALSE,0.2917,NA,28,68,NA,NA,NA,IGR,FALSE,FALSE,FALSE,FALSE,5,3,2,3_2,d4907a1b-8b06-47c5-8bca-c781d9cddaf8,NA
16,35134860,35134860,1,snv_mnv,NA,NA,"broad,dkfz,muse,sanger",4,COSN7257214,NA,HERVS71-int,FALSE,0.2195,NA,18,64,NA,NA,NA,RNA,FALSE,FALSE,FALSE,FALSE,5,3,2,3_2,d4907a1b-8b06-47c5-8bca-c781d9cddaf8,AC116553.2
16,35168645,35168645,1,snv_mnv,NA,NA,"broad,muse",2,COSN7257242,NA,ALR/Alpha,FALSE,0.2211,NA,21,74,NA,NA,NA,IGR,FALSE,FALSE,FALSE,FALSE,5,3,2,3_2,d4907a1b-8b06-47c5-8bca-c781d9cddaf8,NA
16,46993009,46993009,1,snv_mnv,NA,NA,"broad,dkfz,muse,sanger",4,COSM3771949,rs773950249,NA,FALSE,0.1047,NA,9,77,NA,NA,NA,Missense_Mutation,FALSE,FALSE,FALSE,FALSE,5,3,2,3_2,d4907a1b-8b06-47c5-8bca-c781d9cddaf8,NA
16,48962336,48962336,1,snv_mnv,NA,NA,"broad,dkfz,muse,sanger",4,COSN7258500,NA,THE1B,FALSE,0.2581,NA,24,69,NA,NA,NA,IGR,FALSE,FALSE,FALSE,FALSE,5,3,2,3_2,d4907a1b-8b06-47c5-8bca-c781d9cddaf8,NA
16,49283872,49283872,1,snv_mnv,NA,NA,"broad,dkfz,muse,sanger",4,COSN7258641,NA,NA,FALSE,0.3043,NA,28,64,NA,NA,NA,IGR,FALSE,FALSE,FALSE,FALSE,5,3,2,3_2,d4907a1b-8b06-47c5-8bca-c781d9cddaf8,NA
16,49451915,49451915,1,snv_mnv,NA,NA,"broad,dkfz,muse,sanger",4,COSN7258721,NA,NA,FALSE,0.381,NA,40,65,NA,NA,NA,IGR,FALSE,FALSE,FALSE,FALSE,5,3,2,3_2,d4907a1b-8b06-47c5-8bca-c781d9cddaf8,NA
16,49562105,49562105,1,snv_mnv,1.9968e-4,rs567576978,"broad,dkfz,muse,sanger",4,COSN7258783,rs567576978,NA,FALSE,0.3696,NA,34,58,NA,NA,NA,Intron,FALSE,FALSE,FALSE,FALSE,5,3,2,3_2,d4907a1b-8b06-47c5-8bca-c781d9cddaf8,NA
16,49980763,49980763,1,snv_mnv,NA,NA,"broad,dkfz,muse,sanger",4,COSN7258997,NA,NA,FALSE,0.4186,NA,36,50,NA,NA,NA,IGR,FALSE,FALSE,FALSE,FALSE,5,3,2,3_2,d4907a1b-8b06-47c5-8bca-c781d9cddaf8,NA
16,51749209,51749209,1,snv_mnv,NA,NA,"broad,dkfz,muse,sanger",4,COSN7259753,NA,NA,FALSE,0.1646,NA,13,66,NA,NA,NA,IGR,FALSE,FALSE,FALSE,FALSE,5,3,2,3_2,d4907a1b-8b06-47c5-8bca-c781d9cddaf8,NA
16,51971808,51971808,1,snv_mnv,NA,NA,"broad,dkfz,muse,sanger",4,COSN7259848,rs755770813,NA,FALSE,0.1026,NA,8,70,NA,NA,NA,IGR,FALSE,FALSE,FALSE,FALSE,5,3,2,3_2,d4907a1b-8b06-47c5-8bca-c781d9cddaf8,NA
16,52655283,52655283,1,snv_mnv,NA,NA,"broad,dkfz,muse,sanger",4,COSN7260073,NA,NA,FALSE,0.1509,NA,8,45,NA,NA,NA,lincRNA,FALSE,FALSE,FALSE,FALSE,5,3,2,3_2,d4907a1b-8b06-47c5-8bca-c781d9cddaf8,AC026462.4
16,52925627,52925627,1,snv_mnv,NA,NA,"broad,dkfz,muse,sanger",4,COSN7260157,NA,L1MA3,FALSE,0.1579,NA,15,80,NA,NA,NA,IGR,FALSE,FALSE,FALSE,FALSE,5,3,2,3_2,d4907a1b-8b06-47c5-8bca-c781d9cddaf8,NA
16,55214596,55214596,1,snv_mnv,NA,NA,"broad,dkfz,muse,sanger",4,COSN7260957,NA,AluJr,FALSE,0.1786,NA,15,69,NA,NA,NA,IGR,FALSE,FALSE,FALSE,FALSE,5,3,2,3_2,d4907a1b-8b06-47c5-8bca-c781d9cddaf8,NA
16,55609524,55609524,1,snv_mnv,NA,NA,"broad,dkfz,muse,sanger",4,COSN7261095,NA,NA,FALSE,0.1818,NA,14,63,NA,NA,NA,Intron,FALSE,FALSE,FALSE,FALSE,5,3,2,3_2,d4907a1b-8b06-47c5-8bca-c781d9cddaf8,LPCAT2
16,56056642,56056642,1,snv_mnv,NA,NA,"broad,dkfz,muse,sanger",4,COSN7261348,NA,NA,FALSE,0.2857,NA,24,60,NA,NA,NA,IGR,FALSE,FALSE,FALSE,FALSE,5,3,2,3_2,d4907a1b-8b06-47c5-8bca-c781d9cddaf8,NA
16,56295363,56295363,1,snv_mnv,NA,NA,"broad,dkfz,muse,sanger",4,COSN7261471,NA,NA,FALSE,0.2644,NA,23,64,NA,NA,NA,Intron,FALSE,FALSE,FALSE,FALSE,5,3,2,3_2,d4907a1b-8b06-47c5-8bca-c781d9cddaf8,NA
16,58062480,58062480,1,snv_mnv,NA,NA,"broad,dkfz,muse,sanger",4,COSN7261997,NA,NA,FALSE,0.2857,NA,24,60,NA,NA,NA,Intron,FALSE,FALSE,FALSE,FALSE,5,3,2,3_2,d4907a1b-8b06-47c5-8bca-c781d9cddaf8,NA
16,59313333,59313333,1,snv_mnv,NA,NA,"broad,dkfz,muse,sanger",4,COSN7262534,NA,L1MA4A,FALSE,0.3978,NA,37,56,NA,NA,NA,IGR,FALSE,FALSE,FALSE,FALSE,5,3,2,3_2,d4907a1b-8b06-47c5-8bca-c781d9cddaf8,NA
16,60138119,60138119,1,snv_mnv,NA,NA,"broad,dkfz,muse,sanger",4,COSN7263159,NA,NA,FALSE,0.2872,NA,27,67,NA,NA,NA,IGR,FALSE,FALSE,FALSE,FALSE,5,3,2,3_2,d4907a1b-8b06-47c5-8bca-c781d9cddaf8,NA
16,60272827,60272827,1,snv_mnv,NA,NA,"broad,dkfz,muse,sanger",4,COSN7263285,NA,NA,FALSE,0.3884,NA,40,63,NA,NA,NA,IGR,FALSE,FALSE,FALSE,FALSE,5,3,2,3_2,d4907a1b-8b06-47c5-8bca-c781d9cddaf8,NA
16,60437034,60437034,1,snv_mnv,NA,NA,"broad,dkfz,muse,sanger",4,COSN7263424,NA,AluSp,FALSE,0.2889,NA,13,32,NA,NA,NA,IGR,FALSE,FALSE,FALSE,FALSE,5,3,2,3_2,d4907a1b-8b06-47c5-8bca-c781d9cddaf8,NA
16,60505626,60505626,1,snv_mnv,NA,NA,"broad,dkfz,muse,sanger",4,COSN7263467,NA,NA,FALSE,0.1158,NA,11,84,NA,NA,NA,IGR,FALSE,FALSE,FALSE,FALSE,5,3,2,3_2,d4907a1b-8b06-47c5-8bca-c781d9cddaf8,NA
16,60522009,60522009,1,snv_mnv,NA,NA,"broad,dkfz,muse,sanger",4,COSN7263477,NA,L1MC2,FALSE,0.1619,NA,17,88,NA,NA,NA,lincRNA,FALSE,FALSE,FALSE,FALSE,5,3,2,3_2,d4907a1b-8b06-47c5-8bca-c781d9cddaf8,NA
16,60800218,60800218,1,snv_mnv,NA,NA,"broad,dkfz,muse,sanger",4,COSN7263735,NA,NA,FALSE,0.3011,NA,28,65,NA,NA,NA,IGR,FALSE,FALSE,FALSE,FALSE,5,3,2,3_2,d4907a1b-8b06-47c5-8bca-c781d9cddaf8,NA
16,60828774,60828774,1,snv_mnv,NA,NA,"broad,dkfz,muse,sanger",4,COSN7263757,NA,NA,FALSE,0.3587,NA,33,59,NA,NA,NA,IGR,FALSE,FALSE,FALSE,FALSE,5,3,2,3_2,d4907a1b-8b06-47c5-8bca-c781d9cddaf8,NA
16,60976097,60976097,1,snv_mnv,1.9968e-4,rs551942451,"broad,dkfz,muse,sanger",4,COSN7263902,rs551942451,MER11C,FALSE,0.4211,NA,40,55,NA,NA,NA,IGR,FALSE,FALSE,FALSE,FALSE,5,3,2,3_2,d4907a1b-8b06-47c5-8bca-c781d9cddaf8,NA
16,61302598,61302598,1,snv_mnv,NA,NA,"broad,dkfz,muse,sanger",4,COSN7264291,NA,AluSp,FALSE,0.25,NA,23,69,NA,NA,NA,IGR,FALSE,FALSE,FALSE,FALSE,5,3,2,3_2,d4907a1b-8b06-47c5-8bca-c781d9cddaf8,NA
16,61349121,61349121,1,snv_mnv,NA,NA,"broad,dkfz,muse,sanger",4,COSN7264344,NA,AluSp,FALSE,0.3896,NA,30,47,NA,NA,NA,IGR,FALSE,FALSE,FALSE,FALSE,5,3,2,3_2,d4907a1b-8b06-47c5-8bca-c781d9cddaf8,NA
16,61393849,61393849,1,snv_mnv,NA,NA,"broad,dkfz,muse,sanger",4,COSN7264403,NA,L1MC3,FALSE,0.2959,NA,29,69,NA,NA,NA,IGR,FALSE,FALSE,FALSE,FALSE,5,3,2,3_2,d4907a1b-8b06-47c5-8bca-c781d9cddaf8,NA
16,61543782,61543782,1,snv_mnv,NA,NA,"broad,dkfz,muse,sanger",4,COSN7264586,NA,NA,FALSE,0.4056,NA,58,85,NA,NA,NA,IGR,FALSE,FALSE,FALSE,FALSE,5,3,2,3_2,d4907a1b-8b06-47c5-8bca-c781d9cddaf8,NA
16,61979906,61979906,1,snv_mnv,NA,NA,"broad,dkfz,muse,sanger",4,COSN7265039,NA,NA,FALSE,0.1193,NA,13,96,NA,NA,NA,Intron,FALSE,FALSE,FALSE,FALSE,5,3,2,3_2,d4907a1b-8b06-47c5-8bca-c781d9cddaf8,NA
16,62117221,62117221,1,snv_mnv,NA,NA,"broad,dkfz,muse,sanger",4,COSN7265178,NA,NA,FALSE,0.1667,NA,16,80,NA,NA,NA,IGR,FALSE,FALSE,FALSE,FALSE,5,3,2,3_2,d4907a1b-8b06-47c5-8bca-c781d9cddaf8,NA
16,62339260,62339260,1,snv_mnv,NA,NA,"broad,dkfz,muse,sanger",4,COSN7265405,NA,NA,FALSE,0.3412,NA,29,56,NA,NA,NA,IGR,FALSE,FALSE,FALSE,FALSE,5,3,2,3_2,d4907a1b-8b06-47c5-8bca-c781d9cddaf8,NA
16,62520459,62520459,1,snv_mnv,NA,NA,"broad,dkfz,muse,sanger",4,COSN7265586,NA,NA,FALSE,0.2553,NA,24,70,NA,NA,NA,IGR,FALSE,FALSE,FALSE,FALSE,5,3,2,3_2,d4907a1b-8b06-47c5-8bca-c781d9cddaf8,NA
16,62528958,62528958,1,snv_mnv,NA,NA,"broad,dkfz,muse,sanger",4,COSN7265598,NA,NA,FALSE,0.1263,NA,12,83,NA,NA,NA,IGR,FALSE,FALSE,FALSE,FALSE,5,3,2,3_2,d4907a1b-8b06-47c5-8bca-c781d9cddaf8,NA
16,62603712,62603712,1,snv_mnv,NA,NA,"broad,dkfz,muse",3,COSN7265678,NA,NA,FALSE,0.0851,NA,8,86,NA,NA,NA,IGR,FALSE,FALSE,FALSE,FALSE,5,3,2,3_2,d4907a1b-8b06-47c5-8bca-c781d9cddaf8,NA
16,63146548,63146548,1,snv_mnv,NA,NA,"broad,dkfz,muse,sanger",4,COSN7266160,NA,LTR52,FALSE,0.236,NA,21,68,NA,NA,NA,RNA,FALSE,FALSE,FALSE,FALSE,5,3,2,3_2,d4907a1b-8b06-47c5-8bca-c781d9cddaf8,NA
16,64036007,64036007,1,snv_mnv,NA,NA,"broad,dkfz,muse,sanger",4,COSN7266763,NA,L1M4b,FALSE,0.115,NA,13,100,NA,NA,NA,IGR,FALSE,FALSE,FALSE,FALSE,5,3,2,3_2,d4907a1b-8b06-47c5-8bca-c781d9cddaf8,NA
16,64786704,64786704,1,snv_mnv,NA,NA,"broad,dkfz,muse,sanger",4,COSN7267284,NA,MIRb,FALSE,0.1224,NA,12,86,NA,NA,NA,IGR,FALSE,FALSE,FALSE,FALSE,5,3,2,3_2,d4907a1b-8b06-47c5-8bca-c781d9cddaf8,NA
16,64834599,64834599,1,snv_mnv,NA,NA,"broad,dkfz,muse,sanger",4,COSN7267319,NA,NA,FALSE,0.1818,NA,12,54,NA,NA,NA,IGR,FALSE,FALSE,FALSE,FALSE,5,3,2,3_2,d4907a1b-8b06-47c5-8bca-c781d9cddaf8,NA
16,65239516,65239516,1,snv_mnv,NA,NA,"broad,dkfz,muse,sanger",4,COSN7267609,NA,MIR,FALSE,0.2095,NA,22,83,NA,NA,NA,lincRNA,FALSE,FALSE,FALSE,FALSE,5,3,2,3_2,d4907a1b-8b06-47c5-8bca-c781d9cddaf8,NA
16,65383807,65383807,1,snv_mnv,NA,NA,"broad,dkfz,muse,sanger",4,COSN7267685,NA,NA,FALSE,0.2243,NA,24,83,NA,NA,NA,lincRNA,FALSE,FALSE,FALSE,FALSE,5,3,2,3_2,d4907a1b-8b06-47c5-8bca-c781d9cddaf8,NA
16,65441017,65441017,1,snv_mnv,NA,NA,"broad,dkfz,muse,sanger",4,COSN7267723,NA,NA,FALSE,0.1565,NA,18,97,NA,NA,NA,lincRNA,FALSE,FALSE,FALSE,FALSE,5,3,2,3_2,d4907a1b-8b06-47c5-8bca-c781d9cddaf8,NA
16,65575805,65575805,1,snv_mnv,NA,NA,"broad,dkfz,muse,sanger",4,COSN7267834,NA,L1MC3,FALSE,0.1463,NA,18,105,NA,NA,NA,lincRNA,FALSE,FALSE,FALSE,FALSE,5,3,2,3_2,d4907a1b-8b06-47c5-8bca-c781d9cddaf8,NA
16,65682591,65682591,1,snv_mnv,NA,NA,"broad,dkfz,muse,sanger",4,COSN7267921,NA,AluSz6,FALSE,0.325,NA,26,54,NA,NA,NA,lincRNA,FALSE,FALSE,FALSE,FALSE,5,3,2,3_2,d4907a1b-8b06-47c5-8bca-c781d9cddaf8,AC092138.2
16,65885367,65885367,1,snv_mnv,NA,NA,"broad,dkfz,muse,sanger",4,COSN7268062,NA,NA,FALSE,0.2316,NA,22,73,NA,NA,NA,IGR,FALSE,FALSE,FALSE,FALSE,5,3,2,3_2,d4907a1b-8b06-47c5-8bca-c781d9cddaf8,NA
16,66887002,66887002,1,snv_mnv,NA,NA,"broad,dkfz,muse,sanger",4,COSN7268517,NA,NA,FALSE,0.1089,NA,11,90,NA,NA,NA,Intron,FALSE,FALSE,FALSE,FALSE,5,3,2,3_2,d4907a1b-8b06-47c5-8bca-c781d9cddaf8,NA
16,72821773,72821773,1,snv_mnv,NA,NA,"broad,dkfz,muse,sanger",4,COSM3772013,rs376130810,NA,FALSE,0.3559,NA,21,38,NA,NA,NA,Missense_Mutation,FALSE,FALSE,FALSE,FALSE,5,3,2,3_2,d4907a1b-8b06-47c5-8bca-c781d9cddaf8,NA
16,73096687,73096687,1,snv_mnv,NA,NA,"broad,dkfz,muse,sanger",4,COSN7270551,NA,NA,FALSE,0.1758,NA,16,75,NA,NA,NA,lincRNA,FALSE,FALSE,FALSE,FALSE,5,3,2,3_2,d4907a1b-8b06-47c5-8bca-c781d9cddaf8,"ZFHX3,AC116667.1"
16,73354303,73354303,1,snv_mnv,NA,NA,"broad,dkfz,muse,sanger",4,COSN7270663,NA,NA,FALSE,0.1146,NA,11,85,NA,NA,NA,IGR,FALSE,FALSE,FALSE,FALSE,5,3,2,3_2,d4907a1b-8b06-47c5-8bca-c781d9cddaf8,NA
16,73596221,73596221,1,snv_mnv,NA,NA,"broad,muse,sanger",3,COSN7270804,NA,AluY,FALSE,0.3,NA,27,63,NA,NA,NA,IGR,FALSE,FALSE,FALSE,FALSE,5,3,2,3_2,d4907a1b-8b06-47c5-8bca-c781d9cddaf8,AC092114.1
16,74240400,74240400,1,snv_mnv,NA,NA,"broad,dkfz,muse,sanger",4,COSN7271172,NA,AluY,FALSE,0.2667,NA,24,66,NA,NA,NA,lincRNA,FALSE,FALSE,FALSE,FALSE,5,3,2,3_2,d4907a1b-8b06-47c5-8bca-c781d9cddaf8,AC138627.1
16,75228216,75228216,1,snv_mnv,NA,NA,"broad,dkfz,muse,sanger",4,COSN7271456,NA,NA,FALSE,0.2024,NA,17,67,NA,NA,NA,IGR,FALSE,FALSE,FALSE,FALSE,5,3,2,3_2,d4907a1b-8b06-47c5-8bca-c781d9cddaf8,AC009078.1
16,75744350,75744350,1,snv_mnv,NA,NA,"broad,dkfz,muse,sanger",4,COSN7271621,NA,MER50-int,FALSE,0.2593,NA,21,60,NA,NA,NA,IGR,FALSE,FALSE,FALSE,FALSE,5,3,2,3_2,d4907a1b-8b06-47c5-8bca-c781d9cddaf8,"CPHXL,ATP5PBP7"
16,76625034,76625034,1,snv_mnv,NA,NA,"broad,dkfz,muse,sanger",4,COSN7272143,NA,NA,FALSE,0.1628,NA,14,72,NA,NA,NA,Intron,FALSE,FALSE,FALSE,FALSE,5,3,2,3_2,d4907a1b-8b06-47c5-8bca-c781d9cddaf8,NA
16,77255787,77255787,1,snv_mnv,NA,NA,"broad,sanger",2,COSN7272525,rs868584107,AluSx1,FALSE,0.2683,NA,11,30,NA,NA,NA,RNA,FALSE,FALSE,FALSE,FALSE,5,3,2,3_2,d4907a1b-8b06-47c5-8bca-c781d9cddaf8,VN2R10P
16,77349861,77349861,1,snv_mnv,NA,NA,"broad,dkfz,muse,sanger",4,COSN7272581,NA,L2b,FALSE,0.402,NA,41,61,NA,NA,NA,Intron,FALSE,FALSE,FALSE,FALSE,5,3,2,3_2,d4907a1b-8b06-47c5-8bca-c781d9cddaf8,NA
16,77501676,77501676,1,snv_mnv,NA,NA,"broad,dkfz,muse,sanger",4,COSN7272668,NA,NA,FALSE,0.2069,NA,18,69,NA,NA,NA,IGR,FALSE,FALSE,FALSE,FALSE,5,3,2,3_2,d4907a1b-8b06-47c5-8bca-c781d9cddaf8,NA
16,77800850,77800850,1,snv_mnv,NA,NA,"broad,dkfz,muse,sanger",4,COSN7272842,NA,MIRc,FALSE,0.25,NA,21,63,NA,NA,NA,IGR,FALSE,FALSE,FALSE,FALSE,5,3,2,3_2,d4907a1b-8b06-47c5-8bca-c781d9cddaf8,NA
16,77971136,77971136,1,snv_mnv,NA,NA,"broad,dkfz,muse,sanger",4,COSN7272954,NA,HERVFH19-int,FALSE,0.2533,NA,19,56,NA,NA,NA,Intron,FALSE,FALSE,FALSE,FALSE,5,3,2,3_2,d4907a1b-8b06-47c5-8bca-c781d9cddaf8,NA
16,78774212,78774212,1,snv_mnv,NA,NA,"broad,dkfz,muse,sanger",4,COSN7273506,NA,NA,FALSE,0.2805,NA,23,59,NA,NA,NA,Intron,FALSE,FALSE,FALSE,FALSE,5,3,2,3_2,d4907a1b-8b06-47c5-8bca-c781d9cddaf8,NA
16,78844879,78844879,1,snv_mnv,NA,NA,"broad,dkfz,muse,sanger",4,COSN7273549,NA,NA,FALSE,0.0928,NA,9,88,NA,NA,NA,Intron,FALSE,FALSE,FALSE,FALSE,5,3,2,3_2,d4907a1b-8b06-47c5-8bca-c781d9cddaf8,NA
16,79675881,79675881,1,snv_mnv,NA,NA,"broad,dkfz,muse,sanger",4,COSN7273999,NA,AluSq2,FALSE,0.2727,NA,21,56,NA,NA,NA,IGR,FALSE,FALSE,FALSE,FALSE,5,3,2,3_2,d4907a1b-8b06-47c5-8bca-c781d9cddaf8,NA
16,79677378,79677378,1,snv_mnv,NA,NA,"broad,dkfz,muse,sanger",4,COSN7274001,NA,NA,FALSE,0.4105,NA,39,56,NA,NA,NA,IGR,FALSE,FALSE,FALSE,FALSE,5,3,2,3_2,d4907a1b-8b06-47c5-8bca-c781d9cddaf8,NA
16,80143486,80143486,1,snv_mnv,NA,NA,"broad,dkfz,muse,sanger",4,COSN7274240,NA,NA,FALSE,0.4421,NA,42,53,NA,NA,NA,lincRNA,FALSE,FALSE,FALSE,FALSE,5,3,2,3_2,d4907a1b-8b06-47c5-8bca-c781d9cddaf8,NA
16,81519745,81519745,1,snv_mnv,NA,NA,"broad,dkfz,muse,sanger",4,COSN7274807,NA,NA,FALSE,0.3797,NA,30,49,NA,NA,NA,Intron,FALSE,FALSE,FALSE,FALSE,5,3,2,3_2,d4907a1b-8b06-47c5-8bca-c781d9cddaf8,NA
16,81745762,81745762,1,snv_mnv,NA,NA,"broad,dkfz,muse,sanger",4,COSN7274871,NA,NA,FALSE,0.2299,NA,20,67,NA,NA,NA,IGR,FALSE,FALSE,FALSE,FALSE,5,3,2,3_2,d4907a1b-8b06-47c5-8bca-c781d9cddaf8,CMIP
16,83034101,83034101,1,snv_mnv,NA,NA,"broad,dkfz,muse,sanger",4,COSN7275448,NA,AluSq,FALSE,0.197,NA,13,53,NA,NA,NA,Intron,FALSE,FALSE,FALSE,FALSE,5,3,2,3_2,d4907a1b-8b06-47c5-8bca-c781d9cddaf8,NA
16,83043058,83043058,1,snv_mnv,NA,NA,"broad,dkfz,muse,sanger",4,COSN7275457,NA,MIRb,FALSE,0.4098,NA,50,72,NA,NA,NA,Intron,FALSE,FALSE,FALSE,FALSE,5,3,2,3_2,d4907a1b-8b06-47c5-8bca-c781d9cddaf8,NA
16,83325033,83325033,1,snv_mnv,NA,NA,"broad,dkfz,muse,sanger",4,COSN7275677,rs774586403,NA,FALSE,0.2824,NA,24,61,NA,NA,NA,Intron,FALSE,FALSE,FALSE,FALSE,5,3,2,3_2,d4907a1b-8b06-47c5-8bca-c781d9cddaf8,NA
16,83649332,83649332,1,snv_mnv,NA,NA,"broad,dkfz,muse,sanger",4,COSN7275895,NA,NA,FALSE,0.213,NA,23,85,NA,NA,NA,Intron,FALSE,FALSE,FALSE,FALSE,5,3,2,3_2,d4907a1b-8b06-47c5-8bca-c781d9cddaf8,NA
16,83863513,83863513,1,snv_mnv,NA,NA,"broad,dkfz,muse,sanger",4,COSN7276004,NA,NA,FALSE,0.4512,NA,37,45,NA,NA,NA,IGR,FALSE,FALSE,FALSE,FALSE,5,3,2,3_2,d4907a1b-8b06-47c5-8bca-c781d9cddaf8,NA
16,84078702,84078702,1,snv_mnv,NA,NA,"broad,dkfz,muse,sanger",4,COSN7276072,NA,NA,FALSE,0.2706,NA,23,62,NA,NA,NA,5'Flank,FALSE,FALSE,FALSE,FALSE,5,3,2,3_2,d4907a1b-8b06-47c5-8bca-c781d9cddaf8,SLC38A8
16,84489155,84489155,1,snv_mnv,NA,NA,"broad,dkfz,muse,sanger",4,COSN7276203,NA,NA,FALSE,0.2805,NA,23,59,NA,NA,NA,Intron,FALSE,FALSE,FALSE,FALSE,5,3,2,3_2,d4907a1b-8b06-47c5-8bca-c781d9cddaf8,"ATP2C2-AS1,ATP2C2"
16,86152295,86152295,1,snv_mnv,NA,NA,"broad,dkfz,muse,sanger",4,COSN7157484,NA,MER5B,FALSE,0.1556,NA,14,76,NA,NA,NA,IGR,FALSE,FALSE,FALSE,FALSE,5,3,2,3_2,d4907a1b-8b06-47c5-8bca-c781d9cddaf8,NA
16,86883804,86883804,1,snv_mnv,NA,NA,"broad,dkfz,muse,sanger",4,COSN7157802,NA,NA,FALSE,0.2927,NA,24,58,NA,NA,NA,IGR,FALSE,FALSE,FALSE,FALSE,5,3,2,3_2,d4907a1b-8b06-47c5-8bca-c781d9cddaf8,NA
16,87074959,87074959,1,snv_mnv,NA,NA,"broad,dkfz,muse,sanger",4,COSN7157915,NA,NA,FALSE,0.4821,NA,27,29,NA,NA,NA,IGR,FALSE,FALSE,FALSE,FALSE,5,3,2,3_2,d4907a1b-8b06-47c5-8bca-c781d9cddaf8,NA
16,87627397,87627397,1,snv_mnv,0.0025959,rs553748397,"broad,dkfz,muse,sanger",4,COSN7158097,rs553748397,AluSp,FALSE,0.1935,NA,18,75,NA,NA,NA,IGR,FALSE,FALSE,FALSE,FALSE,5,3,2,3_2,d4907a1b-8b06-47c5-8bca-c781d9cddaf8,NA
16,87715235,87715235,1,snv_mnv,NA,NA,"broad,dkfz,muse,sanger",4,COSN7158132,NA,NA,FALSE,0.2264,NA,12,41,NA,NA,NA,Intron,FALSE,FALSE,FALSE,FALSE,5,3,2,3_2,d4907a1b-8b06-47c5-8bca-c781d9cddaf8,AC010536.3
16,88381929,88381929,1,snv_mnv,NA,NA,"broad,dkfz,muse,sanger",4,COSN7158335,NA,MLT1C,FALSE,0.375,NA,27,45,NA,NA,NA,IGR,FALSE,FALSE,FALSE,FALSE,5,3,2,3_2,d4907a1b-8b06-47c5-8bca-c781d9cddaf8,NA
16,89542260,89542260,1,snv_mnv,NA,NA,"broad,dkfz,muse,sanger",4,COSN7158695,NA,AluSx1,FALSE,0.4022,NA,37,55,NA,NA,NA,Intron,FALSE,FALSE,FALSE,FALSE,5,3,2,3_2,d4907a1b-8b06-47c5-8bca-c781d9cddaf8,NA
16,89767666,89767666,1,snv_mnv,NA,NA,"broad,dkfz,muse,sanger",4,COSN7158745,NA,NA,FALSE,0.15,NA,12,68,NA,NA,NA,Intron,FALSE,FALSE,FALSE,FALSE,5,3,2,3_2,d4907a1b-8b06-47c5-8bca-c781d9cddaf8,CDK10
17,114010,114010,1,snv_mnv,NA,NA,"broad,dkfz,muse,sanger",4,COSN7159613,NA,NA,FALSE,0.22,NA,11,39,NA,NA,NA,Intron,FALSE,FALSE,FALSE,FALSE,2,2,0,2_0,d4907a1b-8b06-47c5-8bca-c781d9cddaf8,NA
17,2779876,2779876,1,snv_mnv,NA,NA,"broad,dkfz,muse,sanger",4,COSN7163279,NA,MER4B,FALSE,0.1587,NA,10,53,NA,NA,NA,Intron,FALSE,FALSE,FALSE,FALSE,2,2,0,2_0,d4907a1b-8b06-47c5-8bca-c781d9cddaf8,NA
17,4309627,4309627,1,snv_mnv,NA,NA,"broad,dkfz,muse,sanger",4,COSN7436085,rs866119978,AluSx,FALSE,0.2826,NA,13,33,NA,NA,NA,IGR,FALSE,FALSE,FALSE,FALSE,2,2,0,2_0,d4907a1b-8b06-47c5-8bca-c781d9cddaf8,NA
17,6203161,6203161,1,snv_mnv,NA,NA,"broad,muse,sanger",3,COSN7442438,NA,MLT1C,FALSE,0.1132,NA,6,47,NA,NA,NA,IGR,FALSE,FALSE,FALSE,FALSE,2,2,0,2_0,d4907a1b-8b06-47c5-8bca-c781d9cddaf8,NA
17,6385984,6385984,1,snv_mnv,NA,NA,"broad,dkfz,muse,sanger",4,COSN7442907,NA,MER21A,FALSE,0.4,NA,22,33,NA,NA,NA,Intron,FALSE,FALSE,FALSE,FALSE,2,2,0,2_0,d4907a1b-8b06-47c5-8bca-c781d9cddaf8,PITPNM3
17,6626427,6626427,1,snv_mnv,NA,NA,"broad,dkfz,muse,sanger",4,COSN7443487,NA,MSTA,FALSE,0.3913,NA,18,28,NA,NA,NA,IGR,FALSE,FALSE,FALSE,FALSE,2,2,0,2_0,d4907a1b-8b06-47c5-8bca-c781d9cddaf8,NA
17,7579699,7579699,1,snv_mnv,NA,NA,"broad,dkfz,muse,sanger",4,COSM3717687,NA,NA,FALSE,0.3611,NA,13,23,NA,NA,NA,Splice_Site,FALSE,FALSE,FALSE,FALSE,2,2,0,2_0,d4907a1b-8b06-47c5-8bca-c781d9cddaf8,NA
17,8117341,8117341,1,snv_mnv,NA,NA,"broad,dkfz,muse,sanger",4,COSN7457444,NA,AluSg,FALSE,0.303,NA,10,23,NA,NA,NA,IGR,FALSE,FALSE,FALSE,FALSE,2,2,0,2_0,d4907a1b-8b06-47c5-8bca-c781d9cddaf8,AURKB
17,8637251,8637251,1,snv_mnv,NA,NA,"broad,dkfz,muse,sanger",4,COSN7457541,rs750035159,Charlie1b,FALSE,0.4107,NA,23,33,NA,NA,NA,Intron,FALSE,FALSE,FALSE,FALSE,2,2,0,2_0,d4907a1b-8b06-47c5-8bca-c781d9cddaf8,NA
17,11785021,11785021,1,snv_mnv,NA,NA,"broad,dkfz,muse,sanger",4,COSN7159786,rs753490041,AluSx3,FALSE,0.4286,NA,27,36,NA,NA,NA,Intron,FALSE,FALSE,FALSE,FALSE,2,2,0,2_0,d4907a1b-8b06-47c5-8bca-c781d9cddaf8,DNAH9
17,12328846,12328846,1,snv_mnv,NA,NA,"broad,dkfz,muse,sanger",4,COSN7159931,NA,NA,FALSE,0.2456,NA,14,43,NA,NA,NA,IGR,FALSE,FALSE,FALSE,FALSE,2,2,0,2_0,d4907a1b-8b06-47c5-8bca-c781d9cddaf8,NA
17,20608314,20608314,1,snv_mnv,NA,NA,"muse,sanger",2,COSN7161775,NA,LTR34,FALSE,0.3,NA,15,35,NA,NA,NA,IGR,FALSE,FALSE,FALSE,FALSE,2,2,0,2_0,d4907a1b-8b06-47c5-8bca-c781d9cddaf8,NA
17,22122535,22122535,1,snv_mnv,NA,NA,"broad,muse,sanger",3,COSN7162391,NA,AluSx,FALSE,0.3243,NA,12,25,NA,NA,NA,IGR,FALSE,FALSE,FALSE,FALSE,2,2,0,2_0,d4907a1b-8b06-47c5-8bca-c781d9cddaf8,NA
17,27709034,27709034,1,snv_mnv,NA,NA,"broad,dkfz,muse,sanger",4,COSN7163260,NA,NA,FALSE,0.3239,NA,23,48,NA,NA,NA,RNA,FALSE,FALSE,FALSE,FALSE,4,2,2,2_2,d4907a1b-8b06-47c5-8bca-c781d9cddaf8,NA
17,28427764,28427764,1,snv_mnv,NA,NA,"broad,dkfz,muse,sanger",4,COSN7163430,NA,AluSx1,FALSE,0.2195,NA,18,64,NA,NA,NA,Intron,FALSE,FALSE,FALSE,FALSE,4,2,2,2_2,d4907a1b-8b06-47c5-8bca-c781d9cddaf8,NA
17,29382959,29382959,1,snv_mnv,NA,NA,"broad,dkfz,muse,sanger",4,COSN7163680,NA,NA,FALSE,0.2347,NA,23,75,NA,NA,NA,IGR,FALSE,FALSE,FALSE,FALSE,4,2,2,2_2,d4907a1b-8b06-47c5-8bca-c781d9cddaf8,AC138207.6
17,31944435,31944435,1,snv_mnv,5.9904e-4,rs542865676,"broad,dkfz,muse,sanger",4,COSN7164451,rs542865676,L1PA15,FALSE,0.3708,NA,33,56,NA,NA,NA,Intron,FALSE,FALSE,FALSE,FALSE,4,2,2,2_2,d4907a1b-8b06-47c5-8bca-c781d9cddaf8,NA
17,32079079,32079079,1,snv_mnv,NA,NA,"broad,dkfz,muse,sanger",4,COSN7164533,NA,NA,FALSE,0.2593,NA,14,40,NA,NA,NA,Intron,FALSE,FALSE,FALSE,FALSE,4,2,2,2_2,d4907a1b-8b06-47c5-8bca-c781d9cddaf8,NA
17,32537191,32537191,1,snv_mnv,NA,NA,"broad,muse,sanger",3,COSN7164833,NA,L1PA5,FALSE,0.337,NA,31,61,NA,NA,NA,IGR,FALSE,FALSE,FALSE,FALSE,4,2,2,2_2,d4907a1b-8b06-47c5-8bca-c781d9cddaf8,NA
17,32932931,32932931,1,snv_mnv,1.9968e-4,rs546675459,"broad,dkfz,muse,sanger",4,COSN7165017,rs546675459,NA,FALSE,0.2619,NA,22,62,NA,NA,NA,Intron,FALSE,FALSE,FALSE,FALSE,4,2,2,2_2,d4907a1b-8b06-47c5-8bca-c781d9cddaf8,NA
17,35178370,35178370,1,snv_mnv,NA,NA,"broad,dkfz,muse,sanger",4,COSN7165561,NA,Plat_L3,FALSE,0.3086,NA,25,56,NA,NA,NA,IGR,FALSE,FALSE,FALSE,FALSE,4,2,2,2_2,d4907a1b-8b06-47c5-8bca-c781d9cddaf8,NA
17,35573325,35573325,1,snv_mnv,NA,NA,"broad,dkfz,muse,sanger",4,COSN7165659,NA,NA,FALSE,0.127,NA,8,55,NA,NA,NA,Intron,FALSE,FALSE,TRUE,FALSE,4,2,2,2_2,d4907a1b-8b06-47c5-8bca-c781d9cddaf8,NA
17,35828860,35828860,1,snv_mnv,NA,NA,"broad,dkfz,muse,sanger",4,COSN7165725,NA,MIRb,FALSE,0.3366,NA,34,67,NA,NA,NA,Intron,FALSE,FALSE,FALSE,FALSE,4,2,2,2_2,d4907a1b-8b06-47c5-8bca-c781d9cddaf8,NA
17,36102974,36102974,1,snv_mnv,NA,NA,"broad,dkfz,muse,sanger",4,COSN7165778,NA,NA,FALSE,0.2537,NA,17,50,NA,NA,NA,Intron,FALSE,FALSE,FALSE,FALSE,4,2,2,2_2,d4907a1b-8b06-47c5-8bca-c781d9cddaf8,NA
17,36540761,36540761,1,snv_mnv,NA,NA,"broad,muse,sanger",3,COSN7165897,NA,AluSq4,FALSE,0.2826,NA,13,33,NA,NA,NA,Intron,FALSE,FALSE,FALSE,FALSE,4,2,2,2_2,d4907a1b-8b06-47c5-8bca-c781d9cddaf8,NA
17,37681398,37681398,1,snv_mnv,NA,NA,"broad,dkfz,muse,sanger",4,COSN7166158,NA,NA,FALSE,0.3434,NA,34,65,NA,NA,NA,Intron,FALSE,FALSE,TRUE,FALSE,4,2,2,2_2,d4907a1b-8b06-47c5-8bca-c781d9cddaf8,CDK12
17,41348579,41348579,1,snv_mnv,NA,NA,"broad,muse,sanger",3,COSM3772927,NA,NA,FALSE,0.2727,NA,21,56,NA,NA,NA,Missense_Mutation,FALSE,FALSE,TRUE,FALSE,4,2,2,2_2,d4907a1b-8b06-47c5-8bca-c781d9cddaf8,NA
17,41860999,41860999,1,snv_mnv,NA,NA,"broad,dkfz,muse,sanger",4,COSN7435763,NA,NA,FALSE,0.2347,NA,23,75,NA,NA,NA,Intron,FALSE,FALSE,FALSE,FALSE,4,2,2,2_2,d4907a1b-8b06-47c5-8bca-c781d9cddaf8,DUSP3
17,46176830,46176830,1,snv_mnv,NA,NA,"broad,dkfz,muse,sanger",4,COSN7436899,NA,NA,FALSE,0.2162,NA,16,58,NA,NA,NA,Intron,FALSE,FALSE,FALSE,FALSE,4,2,2,2_2,d4907a1b-8b06-47c5-8bca-c781d9cddaf8,SNX11
17,48950298,48950298,1,snv_mnv,NA,NA,"broad,dkfz,muse,sanger",4,COSN7437594,NA,MLT1G,FALSE,0.2763,NA,21,55,NA,NA,NA,RNA,FALSE,FALSE,FALSE,FALSE,2,2,0,2_0,d4907a1b-8b06-47c5-8bca-c781d9cddaf8,"TOB1,TOB1-AS1"
17,48952258,48952258,1,snv_mnv,NA,NA,"broad,dkfz,muse,sanger",4,COSN7437597,NA,AluJr,FALSE,0.2911,NA,23,56,NA,NA,NA,RNA,FALSE,FALSE,FALSE,FALSE,2,2,0,2_0,d4907a1b-8b06-47c5-8bca-c781d9cddaf8,NA
17,48952367,48952367,1,snv_mnv,NA,NA,"broad,dkfz,muse,sanger",4,COSN7437598,NA,NA,FALSE,0.2099,NA,17,64,NA,NA,NA,RNA,FALSE,FALSE,FALSE,FALSE,2,2,0,2_0,d4907a1b-8b06-47c5-8bca-c781d9cddaf8,NA
17,48952424,48952424,1,snv_mnv,NA,NA,"broad,dkfz,muse,sanger",4,COSN7437599,NA,NA,FALSE,0.2361,NA,17,55,NA,NA,NA,RNA,FALSE,FALSE,FALSE,FALSE,2,2,0,2_0,d4907a1b-8b06-47c5-8bca-c781d9cddaf8,NA
17,48952535,48952535,1,snv_mnv,NA,NA,"broad,muse",2,COSN7437600,NA,MIRc,FALSE,0.253,NA,21,62,NA,NA,NA,RNA,FALSE,FALSE,FALSE,FALSE,2,2,0,2_0,d4907a1b-8b06-47c5-8bca-c781d9cddaf8,NA
17,49611476,49611476,1,snv_mnv,NA,NA,"broad,dkfz,muse,sanger",4,COSN7437771,NA,MLT1F2,FALSE,0.4286,NA,27,36,NA,NA,NA,IGR,FALSE,FALSE,FALSE,FALSE,2,2,0,2_0,d4907a1b-8b06-47c5-8bca-c781d9cddaf8,NA
17,50417181,50417181,1,snv_mnv,NA,NA,"broad,dkfz,muse,sanger",4,COSN7438198,NA,NA,FALSE,0.2368,NA,18,58,NA,NA,NA,IGR,FALSE,FALSE,FALSE,FALSE,2,2,0,2_0,d4907a1b-8b06-47c5-8bca-c781d9cddaf8,NA
17,51062548,51062548,1,snv_mnv,NA,NA,"broad,dkfz,muse,sanger",4,COSN7438597,NA,NA,FALSE,0.2143,NA,15,55,NA,NA,NA,5'Flank,FALSE,FALSE,FALSE,FALSE,2,2,0,2_0,d4907a1b-8b06-47c5-8bca-c781d9cddaf8,C17orf112
17,51238329,51238329,1,snv_mnv,NA,NA,"broad,dkfz,muse,sanger",4,COSN7438727,NA,NA,FALSE,0.3971,NA,27,41,NA,NA,NA,IGR,FALSE,FALSE,FALSE,FALSE,2,2,0,2_0,d4907a1b-8b06-47c5-8bca-c781d9cddaf8,NA
17,52572620,52572620,1,snv_mnv,NA,NA,"broad,dkfz,muse,sanger",4,COSN7439756,NA,NA,FALSE,0.4324,NA,32,42,NA,NA,NA,IGR,FALSE,FALSE,FALSE,FALSE,2,2,0,2_0,d4907a1b-8b06-47c5-8bca-c781d9cddaf8,NA
17,53163202,53163202,1,snv_mnv,NA,NA,"broad,dkfz,muse,sanger",4,COSN7440025,NA,NA,FALSE,0.303,NA,20,46,NA,NA,NA,Intron,FALSE,FALSE,TRUE,FALSE,2,2,0,2_0,d4907a1b-8b06-47c5-8bca-c781d9cddaf8,NA
17,53325818,53325818,1,snv_mnv,NA,NA,"broad,dkfz,muse,sanger",4,COSN7440061,NA,NA,FALSE,0.1321,NA,7,46,NA,NA,NA,IGR,FALSE,FALSE,FALSE,FALSE,2,2,0,2_0,d4907a1b-8b06-47c5-8bca-c781d9cddaf8,NA
17,53782222,53782222,1,snv_mnv,NA,NA,"broad,dkfz,muse,sanger",4,COSN7440166,NA,L2c,FALSE,0.2593,NA,14,40,NA,NA,NA,IGR,FALSE,FALSE,FALSE,FALSE,2,2,0,2_0,d4907a1b-8b06-47c5-8bca-c781d9cddaf8,NA
17,53797775,53797775,1,snv_mnv,NA,NA,"broad,dkfz,muse,sanger",4,COSN7440175,NA,NA,FALSE,0.2254,NA,16,55,NA,NA,NA,3'UTR,FALSE,FALSE,FALSE,FALSE,2,2,0,2_0,d4907a1b-8b06-47c5-8bca-c781d9cddaf8,TMEM100
17,54543264,54543264,1,snv_mnv,1.9968e-4,rs530359230,"broad,dkfz,muse,sanger",4,COSN7440449,rs530359230,NA,FALSE,0.4638,NA,32,37,NA,NA,NA,Intron,FALSE,FALSE,FALSE,FALSE,2,2,0,2_0,d4907a1b-8b06-47c5-8bca-c781d9cddaf8,ANKFN1
17,55429254,55429254,1,snv_mnv,NA,NA,"broad,dkfz,muse,sanger",4,COSN7440682,NA,NA,FALSE,0.3803,NA,27,44,NA,NA,NA,Intron,FALSE,FALSE,FALSE,FALSE,2,2,0,2_0,d4907a1b-8b06-47c5-8bca-c781d9cddaf8,NA
17,58175703,58175703,1,snv_mnv,NA,NA,"broad,muse,sanger",3,COSN7441396,rs575195722,L1MA9,FALSE,0.4688,NA,30,34,NA,NA,NA,IGR,FALSE,FALSE,FALSE,FALSE,2,2,0,2_0,d4907a1b-8b06-47c5-8bca-c781d9cddaf8,AC025048.6
17,58512812,58512812,1,snv_mnv,NA,NA,"broad,dkfz,muse,sanger",4,COSN7441477,NA,NA,FALSE,0.2203,NA,13,46,NA,NA,NA,RNA,FALSE,FALSE,FALSE,FALSE,2,2,0,2_0,d4907a1b-8b06-47c5-8bca-c781d9cddaf8,"RPL12P38,C17orf64"
17,60398459,60398459,1,snv_mnv,NA,NA,"broad,dkfz,muse,sanger",4,COSN7442021,NA,NA,FALSE,0.1481,NA,12,69,NA,NA,NA,IGR,FALSE,FALSE,TRUE,FALSE,2,2,0,2_0,d4907a1b-8b06-47c5-8bca-c781d9cddaf8,AC053481.1
17,65107813,65107813,1,snv_mnv,NA,NA,"broad,dkfz,muse,sanger",4,COSN7443215,NA,NA,FALSE,0.3649,NA,27,47,NA,NA,NA,Intron,FALSE,FALSE,FALSE,FALSE,2,2,0,2_0,d4907a1b-8b06-47c5-8bca-c781d9cddaf8,NA
17,68890075,68890075,1,snv_mnv,NA,NA,"broad,dkfz,muse,sanger",4,COSN7444412,NA,MER1A,FALSE,0.1569,NA,8,43,NA,NA,NA,IGR,FALSE,FALSE,FALSE,FALSE,2,2,0,2_0,d4907a1b-8b06-47c5-8bca-c781d9cddaf8,NA
17,70661693,70661693,1,snv_mnv,1.9968e-4,rs568199072,"broad,dkfz,muse,sanger",4,COSN7444903,rs568199072,AluJb,FALSE,0.1509,NA,8,45,NA,NA,NA,Intron,FALSE,FALSE,FALSE,FALSE,2,2,0,2_0,d4907a1b-8b06-47c5-8bca-c781d9cddaf8,RN7SKP180
17,72363967,72363967,1,snv_mnv,NA,NA,"broad,dkfz,muse,sanger",4,COSN7455167,NA,NA,FALSE,0.4,NA,22,33,NA,NA,NA,Intron,FALSE,FALSE,TRUE,FALSE,2,2,0,2_0,d4907a1b-8b06-47c5-8bca-c781d9cddaf8,NA
17,75437442,75437442,1,snv_mnv,3.9936e-4,rs565541975,"broad,dkfz,muse,sanger",4,COSN7455933,rs565541975,NA,FALSE,0.2333,NA,14,46,NA,NA,NA,Intron,FALSE,FALSE,FALSE,FALSE,2,2,0,2_0,d4907a1b-8b06-47c5-8bca-c781d9cddaf8,"AC111170.3,RF00019"
17,78775437,78775437,1,snv_mnv,NA,NA,"broad,dkfz,muse,sanger",4,COSN7456853,NA,NA,FALSE,0.4382,NA,39,50,NA,NA,NA,Intron,FALSE,FALSE,FALSE,FALSE,2,2,0,2_0,d4907a1b-8b06-47c5-8bca-c781d9cddaf8,AC016245.1
17,79555722,79555722,1,snv_mnv,NA,NA,"broad,dkfz,muse,sanger",4,COSN7457077,NA,NA,FALSE,0.2653,NA,13,36,NA,NA,NA,Intron,FALSE,FALSE,FALSE,FALSE,2,2,0,2_0,d4907a1b-8b06-47c5-8bca-c781d9cddaf8,NA
18,1960692,1960692,1,snv_mnv,NA,NA,"broad,dkfz,muse,sanger",4,COSN7460936,NA,L1PA15,FALSE,0.4118,NA,28,40,NA,NA,NA,IGR,FALSE,FALSE,FALSE,FALSE,3,2,1,2_1,d4907a1b-8b06-47c5-8bca-c781d9cddaf8,NA
18,2923616,2923616,1,snv_mnv,NA,NA,"broad,muse",2,COSN7464830,NA,NA,FALSE,0.18,NA,9,41,NA,NA,NA,Intron,FALSE,FALSE,FALSE,FALSE,3,2,1,2_1,d4907a1b-8b06-47c5-8bca-c781d9cddaf8,AP000919.4
18,4249681,4249681,1,snv_mnv,NA,NA,"broad,dkfz,muse,sanger",4,COSN7360246,rs764291169,AluJo,FALSE,0.1818,NA,10,45,NA,NA,NA,Intron,FALSE,FALSE,FALSE,FALSE,3,2,1,2_1,d4907a1b-8b06-47c5-8bca-c781d9cddaf8,DLGAP1
18,4627702,4627702,1,snv_mnv,NA,NA,"broad,dkfz,muse,sanger",4,COSN7361260,NA,NA,FALSE,0.2,NA,16,64,NA,NA,NA,IGR,FALSE,FALSE,FALSE,FALSE,3,2,1,2_1,d4907a1b-8b06-47c5-8bca-c781d9cddaf8,NA
18,4875994,4875994,1,snv_mnv,NA,NA,"broad,dkfz,muse,sanger",4,COSN7361820,NA,L1MEg,FALSE,0.3218,NA,28,59,NA,NA,NA,lincRNA,FALSE,FALSE,FALSE,FALSE,3,2,1,2_1,d4907a1b-8b06-47c5-8bca-c781d9cddaf8,NA
18,5675239,5675239,1,snv_mnv,NA,NA,"broad,dkfz,muse,sanger",4,COSN7364298,NA,NA,FALSE,0.1519,NA,12,67,NA,NA,NA,IGR,FALSE,FALSE,FALSE,FALSE,3,2,1,2_1,d4907a1b-8b06-47c5-8bca-c781d9cddaf8,NA
18,5786943,5786943,1,snv_mnv,NA,NA,"broad,dkfz,muse,sanger",4,COSN7364616,NA,AluSx1,FALSE,0.1754,NA,10,47,NA,NA,NA,lincRNA,FALSE,FALSE,FALSE,FALSE,3,2,1,2_1,d4907a1b-8b06-47c5-8bca-c781d9cddaf8,NA
18,7233329,7233329,1,snv_mnv,NA,NA,"broad,dkfz,muse,sanger",4,COSN7350425,NA,NA,FALSE,0.2151,NA,20,73,NA,NA,NA,IGR,FALSE,FALSE,TRUE,FALSE,3,2,1,2_1,d4907a1b-8b06-47c5-8bca-c781d9cddaf8,LRRC30
18,7305722,7305722,1,snv_mnv,NA,NA,"broad,dkfz,muse,sanger",4,COSN7350594,NA,NA,FALSE,0.3594,NA,23,41,NA,NA,NA,IGR,FALSE,FALSE,FALSE,FALSE,3,2,1,2_1,d4907a1b-8b06-47c5-8bca-c781d9cddaf8,RF00554
18,7392871,7392871,1,snv_mnv,NA,NA,"broad,dkfz,muse,sanger",4,COSN7351032,NA,NA,FALSE,0.1667,NA,12,60,NA,NA,NA,IGR,FALSE,FALSE,FALSE,FALSE,3,2,1,2_1,d4907a1b-8b06-47c5-8bca-c781d9cddaf8,NA
18,7761760,7761760,1,snv_mnv,NA,NA,"broad,dkfz,muse,sanger",4,COSN7352667,NA,NA,FALSE,0.1882,NA,16,69,NA,NA,NA,Intron,FALSE,FALSE,FALSE,FALSE,3,2,1,2_1,d4907a1b-8b06-47c5-8bca-c781d9cddaf8,NA
18,7921676,7921676,1,snv_mnv,NA,NA,"broad,dkfz,muse,sanger",4,COSN7352858,NA,AluY,FALSE,0.2319,NA,16,53,NA,NA,NA,Intron,FALSE,FALSE,FALSE,FALSE,3,2,1,2_1,d4907a1b-8b06-47c5-8bca-c781d9cddaf8,NA
18,8301491,8301491,1,snv_mnv,NA,NA,"broad,dkfz,muse,sanger",4,COSN7353002,NA,NA,FALSE,0.125,NA,8,56,NA,NA,NA,Intron,FALSE,FALSE,FALSE,FALSE,3,2,1,2_1,d4907a1b-8b06-47c5-8bca-c781d9cddaf8,NA
18,8712426,8712426,1,snv_mnv,NA,NA,"broad,dkfz,muse,sanger",4,COSN7353134,NA,NA,FALSE,0.1525,NA,9,50,NA,NA,NA,Intron,FALSE,FALSE,FALSE,FALSE,3,2,1,2_1,d4907a1b-8b06-47c5-8bca-c781d9cddaf8,"MTCL1,GACAT2"
18,8857125,8857125,1,snv_mnv,NA,NA,"broad,dkfz,muse,sanger",4,COSN7353173,NA,NA,FALSE,0.3778,NA,17,28,NA,NA,NA,IGR,FALSE,FALSE,FALSE,FALSE,3,2,1,2_1,d4907a1b-8b06-47c5-8bca-c781d9cddaf8,NA
18,9969678,9969678,1,snv_mnv,NA,NA,"broad,dkfz,muse,sanger",4,COSN7353458,NA,NA,FALSE,0.1385,NA,9,56,NA,NA,NA,IGR,FALSE,FALSE,FALSE,FALSE,3,2,1,2_1,d4907a1b-8b06-47c5-8bca-c781d9cddaf8,NA
18,10487320,10487320,1,snv_mnv,NA,NA,"broad,dkfz,muse,sanger",4,COSN7458110,NA,NA,FALSE,0.1333,NA,10,65,NA,NA,NA,Intron,FALSE,FALSE,FALSE,FALSE,3,2,1,2_1,d4907a1b-8b06-47c5-8bca-c781d9cddaf8,APCDD1
18,10491748,10491748,1,snv_mnv,NA,NA,"broad,dkfz,muse,sanger",4,COSN7458114,NA,NA,FALSE,0.2947,NA,28,67,NA,NA,NA,IGR,FALSE,FALSE,FALSE,FALSE,3,2,1,2_1,d4907a1b-8b06-47c5-8bca-c781d9cddaf8,APCDD1
18,10506954,10506954,1,snv_mnv,NA,NA,"broad,muse,sanger",3,COSN7458118,NA,SVA_B,FALSE,0.2128,NA,10,37,NA,NA,NA,IGR,FALSE,FALSE,FALSE,FALSE,3,2,1,2_1,d4907a1b-8b06-47c5-8bca-c781d9cddaf8,NA
18,11300223,11300223,1,snv_mnv,NA,NA,"broad,dkfz,muse,sanger",4,COSN7458466,NA,L1MA2,FALSE,0.3516,NA,32,59,NA,NA,NA,IGR,FALSE,FALSE,FALSE,FALSE,3,2,1,2_1,d4907a1b-8b06-47c5-8bca-c781d9cddaf8,NA
18,11591838,11591838,1,snv_mnv,NA,NA,"broad,dkfz,muse,sanger",4,COSN7458629,NA,AluSc,FALSE,0.017544,NA,1,56,NA,NA,NA,IGR,FALSE,FALSE,FALSE,FALSE,3,2,1,2_1,d4907a1b-8b06-47c5-8bca-c781d9cddaf8,NA
18,12056890,12056890,1,snv_mnv,1.9968e-4,rs558253618,"broad,dkfz,muse,sanger",4,COSN7458768,rs558253618,NA,FALSE,0.3175,NA,20,43,NA,NA,NA,IGR,FALSE,FALSE,FALSE,FALSE,3,2,1,2_1,d4907a1b-8b06-47c5-8bca-c781d9cddaf8,NA
18,12384495,12384495,1,snv_mnv,NA,NA,"broad,dkfz,muse,sanger",4,COSN7458878,NA,L1MB7,FALSE,0.1493,NA,10,57,NA,NA,NA,IGR,FALSE,FALSE,TRUE,FALSE,3,2,1,2_1,d4907a1b-8b06-47c5-8bca-c781d9cddaf8,NA
18,13238439,13238439,1,snv_mnv,NA,NA,"broad,dkfz,muse,sanger",4,COSN7459120,NA,NA,FALSE,0.1591,NA,14,74,NA,NA,NA,Intron,FALSE,FALSE,FALSE,FALSE,3,2,1,2_1,d4907a1b-8b06-47c5-8bca-c781d9cddaf8,"AP002505.1,C18orf15"
18,13690383,13690383,1,snv_mnv,NA,NA,"broad,muse,sanger",3,COSN7459325,NA,L1PA5,FALSE,0.2794,NA,19,49,NA,NA,NA,Intron,FALSE,FALSE,FALSE,FALSE,3,2,1,2_1,d4907a1b-8b06-47c5-8bca-c781d9cddaf8,NA
18,14224852,14224852,1,snv_mnv,NA,NA,"broad,muse,sanger",3,COSN7459544,NA,SVA_A,FALSE,0.1702,NA,8,39,NA,NA,NA,IGR,FALSE,FALSE,FALSE,FALSE,3,2,1,2_1,d4907a1b-8b06-47c5-8bca-c781d9cddaf8,"ANKRD20A5P,AP005212.4,RHOT1P1"
18,14735296,14735296,1,snv_mnv,NA,NA,"broad,dkfz,muse,sanger",4,COSN7459815,NA,NA,FALSE,0.1905,NA,16,68,NA,NA,NA,Intron,FALSE,FALSE,TRUE,FALSE,3,2,1,2_1,d4907a1b-8b06-47c5-8bca-c781d9cddaf8,NA
18,14921685,14921685,1,snv_mnv,NA,NA,"broad,dkfz,muse,sanger",4,COSN7459935,NA,NA,FALSE,0.1642,NA,11,56,NA,NA,NA,IGR,FALSE,FALSE,FALSE,FALSE,3,2,1,2_1,d4907a1b-8b06-47c5-8bca-c781d9cddaf8,NA
18,15083421,15083421,1,snv_mnv,NA,NA,"broad,dkfz,muse,sanger",4,COSN7460063,NA,NA,FALSE,0.1667,NA,12,60,NA,NA,NA,lincRNA,FALSE,FALSE,TRUE,FALSE,3,2,1,2_1,d4907a1b-8b06-47c5-8bca-c781d9cddaf8,NA
18,20116137,20116137,1,snv_mnv,NA,NA,"broad,dkfz,muse,sanger",4,COSN7461096,rs745561446,AluJb,FALSE,0.2353,NA,12,39,NA,NA,NA,IGR,FALSE,FALSE,FALSE,FALSE,2,1,1,1_1,d4907a1b-8b06-47c5-8bca-c781d9cddaf8,NA
18,20926037,20926037,1,snv_mnv,NA,NA,"broad,dkfz,muse,sanger",4,COSN7461325,NA,AluJr,FALSE,0.2623,NA,16,45,NA,NA,NA,Intron,FALSE,FALSE,FALSE,FALSE,2,1,1,1_1,d4907a1b-8b06-47c5-8bca-c781d9cddaf8,NA
18,21306816,21306816,1,snv_mnv,NA,NA,"broad,dkfz,muse,sanger",4,COSN7461424,NA,AluSz6,FALSE,0.2353,NA,12,39,NA,NA,NA,Intron,FALSE,FALSE,FALSE,FALSE,2,1,1,1_1,d4907a1b-8b06-47c5-8bca-c781d9cddaf8,NA
18,22574358,22574358,1,snv_mnv,NA,NA,"broad,dkfz,muse,sanger",4,COSN7461815,NA,NA,FALSE,0.2055,NA,15,58,NA,NA,NA,IGR,FALSE,FALSE,FALSE,FALSE,2,1,1,1_1,d4907a1b-8b06-47c5-8bca-c781d9cddaf8,NA
18,23112121,23112121,1,snv_mnv,NA,NA,"broad,dkfz,muse,sanger",4,COSN7462122,NA,NA,FALSE,0.1778,NA,8,37,NA,NA,NA,IGR,FALSE,FALSE,FALSE,FALSE,2,1,1,1_1,d4907a1b-8b06-47c5-8bca-c781d9cddaf8,NA
18,23255405,23255405,1,snv_mnv,NA,NA,"broad,dkfz,muse,sanger",4,COSN7462233,NA,NA,FALSE,0.1475,NA,9,52,NA,NA,NA,IGR,FALSE,FALSE,FALSE,FALSE,2,1,1,1_1,d4907a1b-8b06-47c5-8bca-c781d9cddaf8,NA
18,23806512,23806512,1,snv_mnv,NA,NA,"broad,dkfz,muse,sanger",4,COSN7462503,NA,NA,FALSE,0.2295,NA,14,47,NA,NA,NA,5'UTR,FALSE,FALSE,FALSE,FALSE,2,1,1,1_1,d4907a1b-8b06-47c5-8bca-c781d9cddaf8,TAF4B
18,24328381,24328381,1,snv_mnv,NA,NA,"broad,dkfz,muse,sanger",4,COSN7462621,rs748097418,L1MEd,FALSE,0.2182,NA,12,43,NA,NA,NA,RNA,FALSE,FALSE,FALSE,FALSE,2,1,1,1_1,d4907a1b-8b06-47c5-8bca-c781d9cddaf8,NA
18,25301390,25301390,1,snv_mnv,1.9968e-4,rs556830304,"broad,dkfz,muse,sanger",4,COSN7463019,rs556830304,MER39,FALSE,0.2545,NA,14,41,NA,NA,NA,IGR,FALSE,FALSE,FALSE,FALSE,2,1,1,1_1,d4907a1b-8b06-47c5-8bca-c781d9cddaf8,NA
18,25899115,25899115,1,snv_mnv,NA,NA,"broad,dkfz,muse,sanger",4,COSN7463326,NA,L1ME3A,FALSE,0.1803,NA,11,50,NA,NA,NA,IGR,FALSE,FALSE,FALSE,FALSE,2,1,1,1_1,d4907a1b-8b06-47c5-8bca-c781d9cddaf8,NA
18,27102825,27102825,1,snv_mnv,NA,NA,"broad,dkfz,muse,sanger",4,COSN7463864,NA,L2c,FALSE,0.1923,NA,10,42,NA,NA,NA,lincRNA,FALSE,FALSE,FALSE,FALSE,2,1,1,1_1,d4907a1b-8b06-47c5-8bca-c781d9cddaf8,NA
18,27464209,27464209,1,snv_mnv,NA,NA,"broad,muse",2,COSN7464094,NA,MER61-int,FALSE,0.1296,NA,7,47,NA,NA,NA,IGR,FALSE,FALSE,FALSE,FALSE,2,1,1,1_1,d4907a1b-8b06-47c5-8bca-c781d9cddaf8,NA
18,27500366,27500366,1,snv_mnv,NA,NA,"broad,dkfz,muse,sanger",4,COSN7464121,NA,LTR50,FALSE,0.2206,NA,15,53,NA,NA,NA,IGR,FALSE,FALSE,FALSE,FALSE,2,1,1,1_1,d4907a1b-8b06-47c5-8bca-c781d9cddaf8,NA
18,27678575,27678575,1,snv_mnv,NA,NA,"broad,dkfz,muse,sanger",4,COSN7464230,NA,NA,FALSE,0.2537,NA,17,50,NA,NA,NA,IGR,FALSE,FALSE,FALSE,FALSE,2,1,1,1_1,d4907a1b-8b06-47c5-8bca-c781d9cddaf8,NA
18,27755580,27755580,1,snv_mnv,NA,NA,"broad,dkfz,muse,sanger",4,COSN7464278,NA,LTR12C,FALSE,0.2157,NA,11,40,NA,NA,NA,IGR,FALSE,FALSE,FALSE,FALSE,2,1,1,1_1,d4907a1b-8b06-47c5-8bca-c781d9cddaf8,NA
18,27912537,27912537,1,snv_mnv,NA,NA,"broad,dkfz,muse,sanger",4,COSN7464366,NA,AluJr,FALSE,0.2542,NA,15,44,NA,NA,NA,IGR,FALSE,FALSE,FALSE,FALSE,2,1,1,1_1,d4907a1b-8b06-47c5-8bca-c781d9cddaf8,NA
18,27982188,27982188,1,snv_mnv,NA,NA,"broad,dkfz,muse,sanger",4,COSN7464406,NA,NA,FALSE,0.1786,NA,10,46,NA,NA,NA,IGR,FALSE,FALSE,FALSE,FALSE,2,1,1,1_1,d4907a1b-8b06-47c5-8bca-c781d9cddaf8,NA
18,27995245,27995245,1,snv_mnv,NA,NA,"broad,dkfz,muse,sanger",4,COSN7464414,NA,Tigger4,FALSE,0.1579,NA,9,48,NA,NA,NA,IGR,FALSE,FALSE,FALSE,FALSE,2,1,1,1_1,d4907a1b-8b06-47c5-8bca-c781d9cddaf8,NA
18,28060921,28060921,1,snv_mnv,NA,NA,"broad,dkfz,muse,sanger",4,COSN7464458,NA,NA,FALSE,0.2264,NA,12,41,NA,NA,NA,IGR,FALSE,FALSE,FALSE,FALSE,2,1,1,1_1,d4907a1b-8b06-47c5-8bca-c781d9cddaf8,NA
18,28240256,28240256,1,snv_mnv,NA,NA,"broad,dkfz,muse,sanger",4,COSN7464549,NA,L1PA11,FALSE,0.2264,NA,12,41,NA,NA,NA,IGR,FALSE,FALSE,FALSE,FALSE,2,1,1,1_1,d4907a1b-8b06-47c5-8bca-c781d9cddaf8,NA
18,28502219,28502219,1,snv_mnv,NA,NA,"broad,dkfz,muse,sanger",4,COSN7464656,NA,NA,FALSE,0.1538,NA,10,55,NA,NA,NA,IGR,FALSE,FALSE,FALSE,FALSE,2,1,1,1_1,d4907a1b-8b06-47c5-8bca-c781d9cddaf8,NA
18,28516274,28516274,1,snv_mnv,NA,NA,"broad,dkfz,muse,sanger",4,COSN7464665,NA,L1MA9,FALSE,0.1864,NA,11,48,NA,NA,NA,IGR,FALSE,FALSE,FALSE,FALSE,2,1,1,1_1,d4907a1b-8b06-47c5-8bca-c781d9cddaf8,NA
18,28699487,28699487,1,snv_mnv,NA,NA,"broad,dkfz,muse,sanger",4,COSN7464703,NA,L2,FALSE,0.24,NA,18,57,NA,NA,NA,RNA,FALSE,FALSE,FALSE,FALSE,2,1,1,1_1,d4907a1b-8b06-47c5-8bca-c781d9cddaf8,NA
18,28740658,28740658,1,snv_mnv,NA,NA,"broad,dkfz,muse,sanger",4,COSN7464715,NA,NA,FALSE,0.0886,NA,7,72,NA,NA,NA,Intron,FALSE,FALSE,FALSE,FALSE,2,1,1,1_1,d4907a1b-8b06-47c5-8bca-c781d9cddaf8,NA
18,29939908,29939908,1,snv_mnv,NA,NA,"broad,dkfz,muse",3,COSN7464959,NA,(TAAA)n,FALSE,0.2167,NA,13,47,NA,NA,NA,Intron,FALSE,FALSE,FALSE,FALSE,2,1,1,1_1,d4907a1b-8b06-47c5-8bca-c781d9cddaf8,NA
18,30268073,30268073,1,snv_mnv,NA,NA,"broad,dkfz,muse,sanger",4,COSN7355808,NA,NA,FALSE,0.1538,NA,12,66,NA,NA,NA,Intron,FALSE,FALSE,FALSE,FALSE,2,1,1,1_1,d4907a1b-8b06-47c5-8bca-c781d9cddaf8,NA
18,31825955,31825955,1,snv_mnv,NA,NA,"broad,dkfz,muse,sanger",4,COSN7356335,NA,L1PREC2,FALSE,0.1207,NA,7,51,NA,NA,NA,IGR,FALSE,FALSE,FALSE,FALSE,2,1,1,1_1,d4907a1b-8b06-47c5-8bca-c781d9cddaf8,NA
18,32228166,32228166,1,snv_mnv,NA,NA,"broad,dkfz,muse,sanger",4,COSN7356475,NA,L2b,FALSE,0.1525,NA,9,50,NA,NA,NA,Intron,FALSE,FALSE,FALSE,FALSE,2,1,1,1_1,d4907a1b-8b06-47c5-8bca-c781d9cddaf8,NA
18,34745385,34745385,1,snv_mnv,NA,NA,"broad,muse",2,COSN7357102,NA,AluSx,FALSE,0.2667,NA,12,33,NA,NA,NA,Intron,FALSE,FALSE,FALSE,FALSE,2,1,1,1_1,d4907a1b-8b06-47c5-8bca-c781d9cddaf8,NA
18,36184187,36184187,1,snv_mnv,NA,NA,"broad,dkfz,muse,sanger",4,COSN7357842,NA,NA,FALSE,0.2459,NA,15,46,NA,NA,NA,IGR,FALSE,FALSE,FALSE,FALSE,2,1,1,1_1,d4907a1b-8b06-47c5-8bca-c781d9cddaf8,NA
18,37708361,37708361,1,snv_mnv,NA,NA,"broad,dkfz,muse,sanger",4,COSN7358371,NA,L1M7,FALSE,0.2143,NA,15,55,NA,NA,NA,IGR,FALSE,FALSE,FALSE,FALSE,2,1,1,1_1,d4907a1b-8b06-47c5-8bca-c781d9cddaf8,NA
18,37922553,37922553,1,snv_mnv,1.9968e-4,rs537739961,"broad,dkfz,muse,sanger",4,COSN7358468,rs537739961,L1M2a,FALSE,0.2826,NA,13,33,NA,NA,NA,IGR,FALSE,FALSE,FALSE,FALSE,2,1,1,1_1,d4907a1b-8b06-47c5-8bca-c781d9cddaf8,NA
18,37955076,37955076,1,snv_mnv,NA,NA,"broad,dkfz,muse,sanger",4,COSN7358490,NA,NA,FALSE,0.2027,NA,15,59,NA,NA,NA,IGR,FALSE,FALSE,FALSE,FALSE,2,1,1,1_1,d4907a1b-8b06-47c5-8bca-c781d9cddaf8,NA
18,38015430,38015430,1,snv_mnv,NA,NA,"broad,dkfz,muse,sanger",4,COSN7358513,NA,NA,FALSE,0.1774,NA,11,51,NA,NA,NA,IGR,FALSE,FALSE,FALSE,FALSE,2,1,1,1_1,d4907a1b-8b06-47c5-8bca-c781d9cddaf8,NA
18,38310382,38310382,1,snv_mnv,5.9904e-4,rs559138332,"broad,dkfz,muse,sanger",4,COSN7358655,rs559138332,L1MEb,FALSE,0.1667,NA,10,50,NA,NA,NA,IGR,FALSE,FALSE,FALSE,FALSE,2,1,1,1_1,d4907a1b-8b06-47c5-8bca-c781d9cddaf8,NA
18,38412674,38412674,1,snv_mnv,NA,NA,"broad,dkfz,muse,sanger",4,COSN7358706,rs569577219,L1PA13,FALSE,0.125,NA,8,56,NA,NA,NA,IGR,FALSE,FALSE,FALSE,FALSE,2,1,1,1_1,d4907a1b-8b06-47c5-8bca-c781d9cddaf8,NA
18,38466380,38466380,1,snv_mnv,NA,NA,"broad,dkfz,muse,sanger",4,COSN7358727,NA,L1MDa,FALSE,0.2237,NA,17,59,NA,NA,NA,IGR,FALSE,FALSE,FALSE,FALSE,2,1,1,1_1,d4907a1b-8b06-47c5-8bca-c781d9cddaf8,NA
18,38797484,38797484,1,snv_mnv,NA,NA,"broad,dkfz,muse,sanger",4,COSN7358876,NA,Tigger15a,FALSE,0.1379,NA,8,50,NA,NA,NA,IGR,FALSE,FALSE,FALSE,FALSE,2,1,1,1_1,d4907a1b-8b06-47c5-8bca-c781d9cddaf8,NA
18,39095009,39095009,1,snv_mnv,NA,NA,"broad,dkfz,muse,sanger",4,COSN7359011,NA,NA,FALSE,0.1212,NA,8,58,NA,NA,NA,lincRNA,FALSE,FALSE,FALSE,FALSE,2,1,1,1_1,d4907a1b-8b06-47c5-8bca-c781d9cddaf8,AC021504.1
18,39733996,39733996,1,snv_mnv,NA,NA,"broad,dkfz,muse,sanger",4,COSN7359299,rs753578394,NA,FALSE,0.254,NA,16,47,NA,NA,NA,IGR,FALSE,FALSE,FALSE,FALSE,2,1,1,1_1,d4907a1b-8b06-47c5-8bca-c781d9cddaf8,NA
18,40617479,40617479,1,snv_mnv,NA,NA,"broad,dkfz,muse,sanger",4,COSN7359563,NA,L1MC4,FALSE,0.1475,NA,9,52,NA,NA,NA,Intron,FALSE,FALSE,FALSE,FALSE,2,1,1,1_1,d4907a1b-8b06-47c5-8bca-c781d9cddaf8,NA
18,40808961,40808961,1,snv_mnv,NA,NA,"broad,dkfz,muse,sanger",4,COSN7359645,NA,NA,FALSE,0.2083,NA,15,57,NA,NA,NA,IGR,FALSE,FALSE,TRUE,FALSE,2,1,1,1_1,d4907a1b-8b06-47c5-8bca-c781d9cddaf8,NA
18,40839599,40839599,1,snv_mnv,NA,NA,"broad,dkfz,muse,sanger",4,COSN7359660,NA,NA,FALSE,0.1639,NA,10,51,NA,NA,NA,IGR,FALSE,FALSE,FALSE,FALSE,2,1,1,1_1,d4907a1b-8b06-47c5-8bca-c781d9cddaf8,NA
18,42332774,42332774,1,snv_mnv,NA,NA,"broad,dkfz,muse",3,COSN7360214,NA,NA,FALSE,0.1918,NA,14,59,NA,NA,NA,Intron,FALSE,FALSE,FALSE,FALSE,2,1,1,1_1,d4907a1b-8b06-47c5-8bca-c781d9cddaf8,NA
18,42872965,42872965,1,snv_mnv,NA,NA,"broad,dkfz,muse,sanger",4,COSN7360364,rs779179845,NA,FALSE,0.1935,NA,12,50,NA,NA,NA,Intron,FALSE,FALSE,FALSE,FALSE,2,1,1,1_1,d4907a1b-8b06-47c5-8bca-c781d9cddaf8,NA
18,43607738,43607738,1,snv_mnv,NA,NA,"broad,dkfz,muse,sanger",4,COSN7360545,NA,HAL1b,FALSE,0.1831,NA,13,58,NA,NA,NA,Intron,FALSE,FALSE,FALSE,FALSE,2,1,1,1_1,d4907a1b-8b06-47c5-8bca-c781d9cddaf8,AC012569.1
18,44663794,44663794,1,snv_mnv,NA,NA,"broad,dkfz,muse,sanger",4,COSN7360857,NA,NA,FALSE,0.2059,NA,14,54,NA,NA,NA,Intron,FALSE,FALSE,FALSE,FALSE,2,1,1,1_1,d4907a1b-8b06-47c5-8bca-c781d9cddaf8,AC012254.4
18,46029514,46029514,1,snv_mnv,NA,NA,"broad,dkfz,muse,sanger",4,COSN7361203,NA,Tigger3a,FALSE,0.2424,NA,16,50,NA,NA,NA,IGR,FALSE,FALSE,FALSE,FALSE,2,1,1,1_1,d4907a1b-8b06-47c5-8bca-c781d9cddaf8,NA
18,48833426,48833426,1,snv_mnv,NA,NA,"broad,dkfz,muse,sanger",4,COSN7361850,NA,L1MA3,FALSE,0.1818,NA,12,54,NA,NA,NA,IGR,FALSE,FALSE,FALSE,FALSE,2,1,1,1_1,d4907a1b-8b06-47c5-8bca-c781d9cddaf8,NA
18,49160022,49160022,1,snv_mnv,NA,NA,"broad,dkfz,muse,sanger",4,COSN7361977,NA,AluSx,FALSE,0.129,NA,8,54,NA,NA,NA,IGR,FALSE,FALSE,FALSE,FALSE,2,1,1,1_1,d4907a1b-8b06-47c5-8bca-c781d9cddaf8,NA
18,50299008,50299008,1,snv_mnv,NA,NA,"broad,dkfz,muse,sanger",4,COSN7362374,NA,L2c,FALSE,0.2759,NA,16,42,NA,NA,NA,Intron,FALSE,FALSE,FALSE,FALSE,2,1,1,1_1,d4907a1b-8b06-47c5-8bca-c781d9cddaf8,NA
18,50432450,50432450,1,snv_mnv,NA,NA,"broad,dkfz,muse,sanger",4,COSM3772585,NA,NA,FALSE,0.1875,NA,9,39,NA,NA,NA,Missense_Mutation,FALSE,FALSE,FALSE,FALSE,2,1,1,1_1,d4907a1b-8b06-47c5-8bca-c781d9cddaf8,NA
18,50591933,50591933,1,snv_mnv,NA,NA,"broad,dkfz,muse,sanger",4,COSN7362509,NA,NA,FALSE,0.169,NA,12,59,NA,NA,NA,Intron,FALSE,FALSE,TRUE,FALSE,2,1,1,1_1,d4907a1b-8b06-47c5-8bca-c781d9cddaf8,DCC
18,50609719,50609719,1,snv_mnv,NA,NA,"broad,dkfz,muse,sanger",4,COSN7362524,NA,NA,FALSE,0.2297,NA,17,57,NA,NA,NA,Intron,FALSE,FALSE,FALSE,FALSE,2,1,1,1_1,d4907a1b-8b06-47c5-8bca-c781d9cddaf8,NA
18,50697896,50697896,1,snv_mnv,NA,NA,"broad,dkfz,muse,sanger",4,COSN7362585,NA,NA,FALSE,0.2375,NA,19,61,NA,NA,NA,Intron,FALSE,FALSE,TRUE,FALSE,2,1,1,1_1,d4907a1b-8b06-47c5-8bca-c781d9cddaf8,NA
18,50830726,50830726,1,snv_mnv,NA,NA,"broad,dkfz,muse,sanger",4,COSN7362717,NA,HAL1,FALSE,0.1695,NA,10,49,NA,NA,NA,Intron,FALSE,FALSE,FALSE,FALSE,2,1,1,1_1,d4907a1b-8b06-47c5-8bca-c781d9cddaf8,NA
18,51341775,51341775,1,snv_mnv,NA,NA,"broad,dkfz,muse,sanger",4,COSN7362965,NA,NA,FALSE,0.1562,NA,10,54,NA,NA,NA,IGR,FALSE,FALSE,FALSE,FALSE,2,1,1,1_1,d4907a1b-8b06-47c5-8bca-c781d9cddaf8,NA
18,53108348,53108348,1,snv_mnv,NA,NA,"broad,dkfz,muse,sanger",4,COSN7363386,NA,NA,FALSE,0.1972,NA,14,57,NA,NA,NA,Intron,FALSE,FALSE,FALSE,FALSE,2,1,1,1_1,d4907a1b-8b06-47c5-8bca-c781d9cddaf8,NA
18,53130609,53130609,1,snv_mnv,NA,NA,"broad,dkfz,muse,sanger",4,COSN7363393,rs867641828,MIR3,FALSE,0.1905,NA,12,51,NA,NA,NA,Intron,FALSE,FALSE,FALSE,FALSE,2,1,1,1_1,d4907a1b-8b06-47c5-8bca-c781d9cddaf8,TCF4
18,53968107,53968107,1,snv_mnv,NA,NA,"broad,dkfz,muse,sanger",4,COSN7363692,NA,NA,FALSE,0.2241,NA,13,45,NA,NA,NA,IGR,FALSE,FALSE,FALSE,FALSE,2,1,1,1_1,d4907a1b-8b06-47c5-8bca-c781d9cddaf8,NA
18,54423402,54423402,1,snv_mnv,NA,NA,"broad,dkfz,muse,sanger",4,COSN7363829,NA,NA,FALSE,0.2833,NA,17,43,NA,NA,NA,Intron,FALSE,FALSE,FALSE,FALSE,2,1,1,1_1,d4907a1b-8b06-47c5-8bca-c781d9cddaf8,"RF00019,WDR7"
18,56900346,56900346,1,snv_mnv,NA,NA,"broad,dkfz,muse,sanger",4,COSN7364318,rs753992091,NA,FALSE,0.2037,NA,11,43,NA,NA,NA,IGR,FALSE,FALSE,FALSE,FALSE,2,1,1,1_1,d4907a1b-8b06-47c5-8bca-c781d9cddaf8,GRP
18,57643462,57643462,1,snv_mnv,NA,NA,"broad,dkfz,muse,sanger",4,COSN7364531,NA,NA,FALSE,0.1525,NA,9,50,NA,NA,NA,IGR,FALSE,FALSE,FALSE,FALSE,2,1,1,1_1,d4907a1b-8b06-47c5-8bca-c781d9cddaf8,"RN7SL342P,NFE2L3P1"
18,57756546,57756546,1,snv_mnv,NA,NA,"broad,dkfz,muse,sanger",4,COSN7364567,NA,AluSg,FALSE,0.2295,NA,14,47,NA,NA,NA,IGR,FALSE,FALSE,FALSE,FALSE,2,1,1,1_1,d4907a1b-8b06-47c5-8bca-c781d9cddaf8,NA
18,57775685,57775685,1,snv_mnv,NA,NA,"broad,dkfz,muse,sanger",4,COSN7364574,NA,NA,FALSE,0.125,NA,8,56,NA,NA,NA,IGR,FALSE,FALSE,FALSE,FALSE,2,1,1,1_1,d4907a1b-8b06-47c5-8bca-c781d9cddaf8,NA
18,58175505,58175505,1,snv_mnv,NA,NA,"broad,dkfz,muse,sanger",4,COSN7364736,NA,NA,FALSE,0.25,NA,15,45,NA,NA,NA,IGR,FALSE,FALSE,FALSE,FALSE,2,1,1,1_1,d4907a1b-8b06-47c5-8bca-c781d9cddaf8,NA
18,58307912,58307912,1,snv_mnv,NA,NA,"broad,dkfz,muse,sanger",4,COSN7364794,NA,MER45B,FALSE,0.2,NA,10,40,NA,NA,NA,lincRNA,FALSE,FALSE,FALSE,FALSE,2,1,1,1_1,d4907a1b-8b06-47c5-8bca-c781d9cddaf8,NA
18,58310720,58310720,1,snv_mnv,NA,NA,"broad,dkfz,muse,sanger",4,COSN7364795,NA,NA,FALSE,0.1887,NA,10,43,NA,NA,NA,lincRNA,FALSE,FALSE,TRUE,FALSE,2,1,1,1_1,d4907a1b-8b06-47c5-8bca-c781d9cddaf8,NA
18,58724651,58724651,1,snv_mnv,NA,NA,"broad,dkfz,muse,sanger",4,COSN7364955,NA,MIRc,FALSE,0.1975,NA,16,65,NA,NA,NA,IGR,FALSE,FALSE,FALSE,FALSE,2,1,1,1_1,d4907a1b-8b06-47c5-8bca-c781d9cddaf8,NA
18,59067645,59067645,1,snv_mnv,NA,NA,"broad,dkfz,muse,sanger",4,COSN7365103,NA,NA,FALSE,0.1458,NA,7,41,NA,NA,NA,Intron,FALSE,FALSE,FALSE,FALSE,2,1,1,1_1,d4907a1b-8b06-47c5-8bca-c781d9cddaf8,RPL30P14
18,59628544,59628544,1,snv_mnv,1.9968e-4,rs558401061,"broad,dkfz,muse,sanger",4,COSN7365227,rs558401061,NA,FALSE,0.1935,NA,12,50,NA,NA,NA,IGR,FALSE,FALSE,FALSE,FALSE,2,1,1,1_1,d4907a1b-8b06-47c5-8bca-c781d9cddaf8,RPIAP1
18,61190660,61190660,1,snv_mnv,NA,NA,"broad,dkfz,muse,sanger",4,COSN7365536,rs747702920,MER101-int,FALSE,0.1509,NA,8,45,NA,NA,NA,IGR,FALSE,FALSE,FALSE,FALSE,2,1,1,1_1,d4907a1b-8b06-47c5-8bca-c781d9cddaf8,NA
18,61827442,61827442,1,snv_mnv,NA,NA,"broad,dkfz,muse,sanger",4,COSN7345909,NA,NA,FALSE,0.1507,NA,11,62,NA,NA,NA,lincRNA,FALSE,FALSE,FALSE,FALSE,2,1,1,1_1,d4907a1b-8b06-47c5-8bca-c781d9cddaf8,AC100848.1
18,63291830,63291830,1,snv_mnv,1.9968e-4,rs184186707,"broad,dkfz,muse,sanger",4,COSN7346760,rs184186707,NA,FALSE,0.2241,NA,13,45,NA,NA,NA,lincRNA,FALSE,FALSE,FALSE,FALSE,2,1,1,1_1,d4907a1b-8b06-47c5-8bca-c781d9cddaf8,NA
18,63388242,63388242,1,snv_mnv,NA,NA,"broad,dkfz,muse,sanger",4,COSN7346807,NA,MSTD,FALSE,0.2239,NA,15,52,NA,NA,NA,IGR,FALSE,FALSE,FALSE,FALSE,2,1,1,1_1,d4907a1b-8b06-47c5-8bca-c781d9cddaf8,NA
18,63488717,63488717,1,snv_mnv,NA,NA,"broad,dkfz,muse,sanger",4,COSN7346867,NA,NA,FALSE,0.3088,NA,21,47,NA,NA,NA,Intron,FALSE,FALSE,FALSE,FALSE,2,1,1,1_1,d4907a1b-8b06-47c5-8bca-c781d9cddaf8,NA
18,63649786,63649786,1,snv_mnv,NA,NA,"broad,dkfz,muse,sanger",4,COSN7346949,NA,MIR,FALSE,0.1719,NA,11,53,NA,NA,NA,IGR,FALSE,FALSE,TRUE,FALSE,2,1,1,1_1,d4907a1b-8b06-47c5-8bca-c781d9cddaf8,NA
18,65397818,65397818,1,snv_mnv,7.9872e-4,rs529914219,"broad,dkfz,muse,sanger",4,COSN7347616,rs529914219,AluY,FALSE,0.1724,NA,10,48,NA,NA,NA,lincRNA,FALSE,FALSE,FALSE,FALSE,2,1,1,1_1,d4907a1b-8b06-47c5-8bca-c781d9cddaf8,NA
18,65429300,65429300,1,snv_mnv,NA,NA,"broad,dkfz,muse,sanger",4,COSN7347632,NA,Tigger1,FALSE,0.2542,NA,15,44,NA,NA,NA,lincRNA,FALSE,FALSE,FALSE,FALSE,2,1,1,1_1,d4907a1b-8b06-47c5-8bca-c781d9cddaf8,NA
18,65518276,65518276,1,snv_mnv,NA,NA,"broad,dkfz,muse,sanger",4,COSN7347679,NA,L1PA13,FALSE,0.0921,NA,7,69,NA,NA,NA,lincRNA,FALSE,FALSE,FALSE,FALSE,2,1,1,1_1,d4907a1b-8b06-47c5-8bca-c781d9cddaf8,NA
18,65732263,65732263,1,snv_mnv,NA,NA,"broad,dkfz,muse,sanger",4,COSN7347772,NA,NA,FALSE,0.2278,NA,18,61,NA,NA,NA,IGR,FALSE,FALSE,FALSE,FALSE,2,1,1,1_1,d4907a1b-8b06-47c5-8bca-c781d9cddaf8,NA
18,65793816,65793816,1,snv_mnv,NA,NA,"broad,dkfz,muse,sanger",4,COSN7347812,NA,L1PA16,FALSE,0.1833,NA,11,49,NA,NA,NA,IGR,FALSE,FALSE,FALSE,FALSE,2,1,1,1_1,d4907a1b-8b06-47c5-8bca-c781d9cddaf8,NA
18,66106686,66106686,1,snv_mnv,NA,NA,"broad,dkfz,muse,sanger",4,COSN7347988,NA,NA,FALSE,0.2459,NA,15,46,NA,NA,NA,lincRNA,FALSE,FALSE,FALSE,FALSE,2,1,1,1_1,d4907a1b-8b06-47c5-8bca-c781d9cddaf8,AC005909.1
18,66717969,66717969,1,snv_mnv,NA,NA,"broad,dkfz,muse,sanger",4,COSN7348224,NA,MIRb,FALSE,0.2329,NA,17,56,NA,NA,NA,Intron,FALSE,FALSE,FALSE,FALSE,2,1,1,1_1,d4907a1b-8b06-47c5-8bca-c781d9cddaf8,NA
18,66756881,66756881,1,snv_mnv,NA,NA,"broad,dkfz,muse,sanger",4,COSN7348243,NA,NA,FALSE,0.25,NA,14,42,NA,NA,NA,IGR,FALSE,FALSE,FALSE,FALSE,2,1,1,1_1,d4907a1b-8b06-47c5-8bca-c781d9cddaf8,NA
18,66981997,66981997,1,snv_mnv,NA,NA,"broad,dkfz,muse,sanger",4,COSN7348345,NA,NA,FALSE,0.1967,NA,12,49,NA,NA,NA,IGR,FALSE,FALSE,FALSE,FALSE,2,1,1,1_1,d4907a1b-8b06-47c5-8bca-c781d9cddaf8,NA
18,67509038,67509038,1,snv_mnv,NA,NA,"broad,dkfz,muse,sanger",4,COSN7348581,NA,NA,FALSE,0.2609,NA,12,34,NA,NA,NA,3'UTR,FALSE,FALSE,FALSE,FALSE,2,1,1,1_1,d4907a1b-8b06-47c5-8bca-c781d9cddaf8,NA
18,67750425,67750425,1,snv_mnv,NA,NA,"broad,dkfz,muse,sanger",4,COSN7348638,NA,LTR86A1,FALSE,0.2727,NA,15,40,NA,NA,NA,Intron,FALSE,FALSE,FALSE,FALSE,2,1,1,1_1,d4907a1b-8b06-47c5-8bca-c781d9cddaf8,NA
18,68210470,68210470,1,snv_mnv,NA,NA,"broad,dkfz,muse,sanger",4,COSN7348749,NA,L1PB1,FALSE,0.1842,NA,14,62,NA,NA,NA,IGR,FALSE,FALSE,FALSE,FALSE,2,1,1,1_1,d4907a1b-8b06-47c5-8bca-c781d9cddaf8,NA
18,69009359,69009359,1,snv_mnv,NA,NA,"broad,dkfz,muse,sanger",4,COSN7349108,rs750059374,NA,FALSE,0.1406,NA,9,55,NA,NA,NA,IGR,FALSE,FALSE,FALSE,FALSE,2,1,1,1_1,d4907a1b-8b06-47c5-8bca-c781d9cddaf8,NA
18,69712122,69712122,1,snv_mnv,NA,NA,"broad,dkfz,muse,sanger",4,COSN7349495,NA,NA,FALSE,0.2143,NA,18,66,NA,NA,NA,IGR,FALSE,FALSE,FALSE,FALSE,2,1,1,1_1,d4907a1b-8b06-47c5-8bca-c781d9cddaf8,NA
18,69994739,69994739,1,snv_mnv,NA,NA,"broad,dkfz,muse,sanger",4,COSN7349621,NA,L1MCb,FALSE,0.1148,NA,7,54,NA,NA,NA,IGR,FALSE,FALSE,FALSE,FALSE,2,1,1,1_1,d4907a1b-8b06-47c5-8bca-c781d9cddaf8,NA
18,71075790,71075790,1,snv_mnv,3.9936e-4,rs576269441,"broad,dkfz,muse,sanger",4,COSN7350061,rs576269441,MER5A,FALSE,0.087,NA,6,63,NA,NA,NA,IGR,FALSE,FALSE,FALSE,FALSE,2,1,1,1_1,d4907a1b-8b06-47c5-8bca-c781d9cddaf8,NA
18,71857567,71857567,1,snv_mnv,3.9936e-4,rs553651727,"broad,dkfz,muse,sanger",4,COSN7350321,rs553651727,NA,FALSE,0.0667,NA,3,42,NA,NA,NA,IGR,FALSE,FALSE,FALSE,FALSE,2,1,1,1_1,d4907a1b-8b06-47c5-8bca-c781d9cddaf8,NA
18,73604137,73604137,1,snv_mnv,NA,NA,"broad,dkfz,muse,sanger",4,COSN7350853,NA,NA,FALSE,0.2131,NA,13,48,NA,NA,NA,IGR,FALSE,FALSE,FALSE,FALSE,2,1,1,1_1,d4907a1b-8b06-47c5-8bca-c781d9cddaf8,NA
18,73633937,73633937,1,snv_mnv,NA,NA,"broad,dkfz,muse,sanger",4,COSN7350869,rs369805084,NA,FALSE,0.2576,NA,17,49,NA,NA,NA,IGR,FALSE,FALSE,FALSE,FALSE,2,1,1,1_1,d4907a1b-8b06-47c5-8bca-c781d9cddaf8,NA
18,73812500,73812500,1,snv_mnv,NA,NA,"broad,dkfz,muse,sanger",4,COSN7350968,NA,NA,FALSE,0.125,NA,8,56,NA,NA,NA,IGR,FALSE,FALSE,FALSE,FALSE,2,1,1,1_1,d4907a1b-8b06-47c5-8bca-c781d9cddaf8,NA
18,74572853,74572853,1,snv_mnv,NA,NA,"broad,dkfz,muse,sanger",4,COSN7351223,NA,NA,FALSE,0.2083,NA,10,38,NA,NA,NA,Intron,FALSE,FALSE,FALSE,FALSE,2,1,1,1_1,d4907a1b-8b06-47c5-8bca-c781d9cddaf8,NA
18,74654163,74654163,1,snv_mnv,1.9968e-4,rs537184002,"broad,dkfz,muse,sanger",4,COSN7351235,rs537184002,NA,FALSE,0.2154,NA,14,51,NA,NA,NA,Intron,FALSE,FALSE,FALSE,FALSE,2,1,1,1_1,d4907a1b-8b06-47c5-8bca-c781d9cddaf8,ZNF236
18,75041552,75041552,1,snv_mnv,0.0015974,rs181858489,"broad,dkfz,muse,sanger",4,COSN7351347,rs181858489,L1M3,FALSE,0.1452,NA,9,53,NA,NA,NA,IGR,FALSE,FALSE,FALSE,FALSE,2,1,1,1_1,d4907a1b-8b06-47c5-8bca-c781d9cddaf8,NA
18,75154588,75154588,1,snv_mnv,5.9904e-4,rs189568053,"broad,dkfz,muse,sanger",4,COSN7351402,rs189568053,NA,FALSE,0.1321,NA,7,46,NA,NA,NA,lincRNA,FALSE,FALSE,FALSE,FALSE,2,1,1,1_1,d4907a1b-8b06-47c5-8bca-c781d9cddaf8,NA
18,75487963,75487963,1,snv_mnv,NA,NA,"broad,dkfz,muse,sanger",4,COSN7351614,NA,NA,FALSE,0.1509,NA,8,45,NA,NA,NA,IGR,FALSE,FALSE,FALSE,FALSE,2,1,1,1_1,d4907a1b-8b06-47c5-8bca-c781d9cddaf8,NA
18,75497148,75497148,1,snv_mnv,NA,NA,"broad,dkfz,muse,sanger",4,COSN7351624,NA,NA,FALSE,0.2742,NA,17,45,NA,NA,NA,IGR,FALSE,FALSE,FALSE,FALSE,2,1,1,1_1,d4907a1b-8b06-47c5-8bca-c781d9cddaf8,NA
18,75573721,75573721,1,snv_mnv,1.9968e-4,rs527346996,"broad,dkfz,muse,sanger",4,COSN7351674,rs527346996,L1MD2,FALSE,0.1857,NA,13,57,NA,NA,NA,RNA,FALSE,FALSE,FALSE,FALSE,2,1,1,1_1,d4907a1b-8b06-47c5-8bca-c781d9cddaf8,RNA5SP461
18,75861871,75861871,1,snv_mnv,NA,NA,"broad,dkfz,muse,sanger",4,COSN7351849,NA,NA,FALSE,0.2,NA,9,36,NA,NA,NA,IGR,FALSE,FALSE,FALSE,FALSE,2,1,1,1_1,d4907a1b-8b06-47c5-8bca-c781d9cddaf8,NA
18,76045496,76045496,1,snv_mnv,NA,NA,"broad,dkfz,muse,sanger",4,COSN7351991,NA,L1MC3,FALSE,0.2653,NA,13,36,NA,NA,NA,IGR,FALSE,FALSE,FALSE,FALSE,2,1,1,1_1,d4907a1b-8b06-47c5-8bca-c781d9cddaf8,NA
18,76117853,76117853,1,snv_mnv,NA,NA,"broad,dkfz,muse,sanger",4,COSN7352041,NA,NA,FALSE,0.1803,NA,11,50,NA,NA,NA,IGR,FALSE,FALSE,FALSE,FALSE,2,1,1,1_1,d4907a1b-8b06-47c5-8bca-c781d9cddaf8,NA
18,76252937,76252937,1,snv_mnv,NA,NA,"broad,dkfz,muse,sanger",4,COSN7352136,NA,NA,FALSE,0.2308,NA,12,40,NA,NA,NA,IGR,FALSE,FALSE,FALSE,FALSE,2,1,1,1_1,d4907a1b-8b06-47c5-8bca-c781d9cddaf8,NA
18,76367298,76367298,1,snv_mnv,NA,NA,"broad,dkfz,muse,sanger",4,COSN7352202,NA,NA,FALSE,0.225,NA,9,31,NA,NA,NA,IGR,FALSE,FALSE,FALSE,FALSE,2,1,1,1_1,d4907a1b-8b06-47c5-8bca-c781d9cddaf8,NA
18,76444870,76444870,1,snv_mnv,NA,NA,"broad,dkfz,muse,sanger",4,COSN7352252,NA,NA,FALSE,0.2281,NA,13,44,NA,NA,NA,IGR,FALSE,FALSE,FALSE,FALSE,2,1,1,1_1,d4907a1b-8b06-47c5-8bca-c781d9cddaf8,NA
18,77206116,77206116,1,snv_mnv,NA,NA,"broad,dkfz,muse,sanger",4,COSN7352537,NA,NA,FALSE,0.1667,NA,10,50,NA,NA,NA,Intron,FALSE,FALSE,FALSE,FALSE,2,1,1,1_1,d4907a1b-8b06-47c5-8bca-c781d9cddaf8,NFATC1
19,585345,585345,1,snv_mnv,1.9968e-4,rs535745806,"broad,dkfz,muse,sanger",4,COSN7451160,rs535745806,NA,FALSE,0.4,NA,22,33,NA,NA,NA,IGR,FALSE,FALSE,FALSE,FALSE,2,2,0,2_0,d4907a1b-8b06-47c5-8bca-c781d9cddaf8,"BSG,HCN2"
19,2593009,2593009,1,snv_mnv,NA,NA,"broad,dkfz,muse,sanger",4,COSN7120253,NA,GA-rich,FALSE,0.3725,NA,19,32,NA,NA,NA,Intron,FALSE,FALSE,TRUE,FALSE,2,2,0,2_0,d4907a1b-8b06-47c5-8bca-c781d9cddaf8,RN7SL121P
19,4646600,4646600,1,snv_mnv,NA,NA,"broad,dkfz,muse,sanger",4,COSN7446803,NA,L1MB7,FALSE,0.1395,NA,6,37,NA,NA,NA,Intron,FALSE,FALSE,FALSE,FALSE,2,2,0,2_0,d4907a1b-8b06-47c5-8bca-c781d9cddaf8,TNFAIP8L1
19,5224301,5224301,1,snv_mnv,NA,NA,"broad,dkfz,muse,sanger",4,COSN7448527,rs781265840,L2a,FALSE,0.4062,NA,26,38,NA,NA,NA,Intron,FALSE,FALSE,FALSE,FALSE,2,2,0,2_0,d4907a1b-8b06-47c5-8bca-c781d9cddaf8,PTPRS
19,7105050,7105050,1,snv_mnv,NA,NA,"broad,dkfz,muse,sanger",4,COSN7451705,NA,NA,FALSE,0.1034,NA,12,104,NA,NA,NA,IGR,FALSE,FALSE,FALSE,FALSE,6,4,2,4_2,d4907a1b-8b06-47c5-8bca-c781d9cddaf8,NA
19,7533347,7533347,1,snv_mnv,NA,NA,"broad,dkfz,muse,sanger",4,COSN7451794,NA,AluJr4,FALSE,0.2895,NA,33,81,NA,NA,NA,Intron,FALSE,FALSE,FALSE,FALSE,7,5,2,5_2,d4907a1b-8b06-47c5-8bca-c781d9cddaf8,NA
19,7607901,7607901,1,snv_mnv,NA,NA,"broad,dkfz,muse,sanger",4,COSM3773218,NA,NA,FALSE,0.2,NA,16,64,NA,NA,NA,Silent,FALSE,FALSE,FALSE,FALSE,7,5,2,5_2,d4907a1b-8b06-47c5-8bca-c781d9cddaf8,NA
19,7631188,7631188,1,snv_mnv,NA,NA,"broad,dkfz,muse,sanger",4,COSN7451812,NA,AluSz6,FALSE,0.0645,NA,6,87,NA,NA,NA,IGR,FALSE,FALSE,FALSE,FALSE,6,4,2,4_2,d4907a1b-8b06-47c5-8bca-c781d9cddaf8,PNPLA6
19,8158566,8158566,1,snv_mnv,NA,NA,"broad,dkfz,muse,sanger",4,COSN7451930,NA,AluSx,FALSE,0.2273,NA,15,51,NA,NA,NA,Intron,FALSE,FALSE,FALSE,FALSE,3,2,1,2_1,d4907a1b-8b06-47c5-8bca-c781d9cddaf8,FBN3
19,8161027,8161027,1,snv_mnv,NA,NA,"broad,dkfz,muse,sanger",4,COSN7451931,NA,NA,FALSE,0.2969,NA,19,45,NA,NA,NA,Intron,FALSE,FALSE,FALSE,FALSE,3,2,1,2_1,d4907a1b-8b06-47c5-8bca-c781d9cddaf8,NA
19,9394971,9394971,1,snv_mnv,NA,NA,"broad,dkfz,muse,sanger",4,COSN7452350,NA,NA,FALSE,0.2222,NA,14,49,NA,NA,NA,IGR,FALSE,FALSE,FALSE,FALSE,3,2,1,2_1,d4907a1b-8b06-47c5-8bca-c781d9cddaf8,OR7H1P
19,9573183,9573183,1,snv_mnv,NA,NA,"broad,dkfz,muse,sanger",4,COSN7452403,NA,MER9a3,FALSE,0.3143,NA,22,48,NA,NA,NA,IGR,FALSE,FALSE,FALSE,FALSE,3,2,1,2_1,d4907a1b-8b06-47c5-8bca-c781d9cddaf8,ZNF560
19,10188180,10188180,1,snv_mnv,NA,NA,"broad,dkfz,muse",3,COSN7353523,NA,AluSc8,FALSE,0.36,NA,27,48,NA,NA,NA,IGR,FALSE,FALSE,FALSE,FALSE,3,2,1,2_1,d4907a1b-8b06-47c5-8bca-c781d9cddaf8,C3P1
19,12107442,12107442,1,snv_mnv,NA,NA,"broad,muse,sanger",3,COSN7353917,NA,AluSg,FALSE,0.371,NA,23,39,NA,NA,NA,RNA,FALSE,FALSE,FALSE,FALSE,3,2,1,2_1,d4907a1b-8b06-47c5-8bca-c781d9cddaf8,RNA5SP464
19,12136176,12136176,1,snv_mnv,NA,NA,"broad,dkfz,muse,sanger",4,COSN7353927,NA,HERVK9-int,FALSE,0.4314,NA,44,58,NA,NA,NA,Intron,FALSE,FALSE,FALSE,FALSE,3,2,1,2_1,d4907a1b-8b06-47c5-8bca-c781d9cddaf8,RNA5SP465
19,14203390,14203390,1,snv_mnv,0.0017971,rs533644410,"broad,dkfz,muse,sanger",4,COSN7354539,rs533644410,NA,FALSE,0.1739,NA,12,57,NA,NA,NA,3'UTR,FALSE,FALSE,FALSE,FALSE,3,2,1,2_1,d4907a1b-8b06-47c5-8bca-c781d9cddaf8,"PRKACA,SAMD1"
19,14549284,14549284,1,snv_mnv,NA,NA,"broad,dkfz,muse,sanger",4,COSN7354628,NA,AluSz,FALSE,0.1176,NA,8,60,NA,NA,NA,Intron,FALSE,FALSE,FALSE,FALSE,3,2,1,2_1,d4907a1b-8b06-47c5-8bca-c781d9cddaf8,PKN1
19,19165728,19165728,1,snv_mnv,NA,NA,"broad,dkfz,muse,sanger",4,COSN7117361,NA,NA,FALSE,0.1136,NA,5,39,NA,NA,NA,Intron,FALSE,FALSE,FALSE,FALSE,3,2,1,2_1,d4907a1b-8b06-47c5-8bca-c781d9cddaf8,ARMC6
19,20318772,20318772,1,snv_mnv,NA,NA,"broad,dkfz,muse,sanger",4,COSN7117685,NA,L1MC4,FALSE,0.3187,NA,29,62,NA,NA,NA,RNA,FALSE,FALSE,FALSE,FALSE,3,2,1,2_1,d4907a1b-8b06-47c5-8bca-c781d9cddaf8,AC011447.4
19,20912368,20912368,1,snv_mnv,NA,NA,"broad,muse,sanger",3,COSN7117935,NA,L1PB1,FALSE,0.2361,NA,17,55,NA,NA,NA,IGR,FALSE,FALSE,FALSE,FALSE,3,2,1,2_1,d4907a1b-8b06-47c5-8bca-c781d9cddaf8,NA
19,21096536,21096536,1,snv_mnv,NA,NA,"broad,dkfz,muse,sanger",4,COSN7118041,NA,NA,FALSE,0.2262,NA,19,65,NA,NA,NA,IGR,FALSE,FALSE,FALSE,FALSE,3,2,1,2_1,d4907a1b-8b06-47c5-8bca-c781d9cddaf8,NA
19,22123594,22123594,1,snv_mnv,NA,NA,"broad,dkfz,muse,sanger",4,COSN7118482,NA,NA,FALSE,0.2353,NA,16,52,NA,NA,NA,3'UTR,FALSE,FALSE,FALSE,FALSE,3,2,1,2_1,d4907a1b-8b06-47c5-8bca-c781d9cddaf8,MTDHP2
19,22307781,22307781,1,snv_mnv,NA,NA,"broad,dkfz,muse,sanger",4,COSN7118614,NA,L1PBa1,FALSE,0.2069,NA,12,46,NA,NA,NA,IGR,FALSE,FALSE,FALSE,FALSE,3,2,1,2_1,d4907a1b-8b06-47c5-8bca-c781d9cddaf8,ZNF92P2
19,22473001,22473001,1,snv_mnv,NA,NA,"broad,dkfz,muse,sanger",4,COSN7118737,NA,NA,FALSE,0.1667,NA,10,50,NA,NA,NA,Intron,FALSE,FALSE,FALSE,FALSE,3,2,1,2_1,d4907a1b-8b06-47c5-8bca-c781d9cddaf8,NA
19,22480635,22480635,1,snv_mnv,NA,NA,"broad,dkfz,muse,sanger",4,COSN7118749,NA,AluSp,FALSE,0.3889,NA,21,33,NA,NA,NA,Intron,FALSE,FALSE,FALSE,FALSE,3,2,1,2_1,d4907a1b-8b06-47c5-8bca-c781d9cddaf8,BNIP3P31
19,22550917,22550917,1,snv_mnv,NA,NA,"broad,muse,sanger",3,COSN8257542,rs755530014,AluSc8,FALSE,0.1724,NA,10,48,NA,NA,NA,IGR,FALSE,FALSE,FALSE,FALSE,3,2,1,2_1,d4907a1b-8b06-47c5-8bca-c781d9cddaf8,RPL34P34
19,22681708,22681708,1,snv_mnv,NA,NA,"broad,dkfz,muse,sanger",4,COSN7118891,NA,LTR12C,FALSE,0.1642,NA,11,56,NA,NA,NA,Intron,FALSE,FALSE,FALSE,FALSE,3,2,1,2_1,d4907a1b-8b06-47c5-8bca-c781d9cddaf8,AC004004.1
19,23180594,23180594,1,snv_mnv,NA,NA,"broad,muse,sanger",3,COSN7119351,NA,L1PREC2,FALSE,0.15,NA,12,68,NA,NA,NA,Intron,FALSE,FALSE,FALSE,FALSE,3,2,1,2_1,d4907a1b-8b06-47c5-8bca-c781d9cddaf8,BNIP3P36
19,23187654,23187654,1,snv_mnv,NA,NA,"broad,muse,sanger",3,COSN7119359,NA,L1PB2,FALSE,0.2542,NA,15,44,NA,NA,NA,5'Flank,FALSE,FALSE,FALSE,FALSE,3,2,1,2_1,d4907a1b-8b06-47c5-8bca-c781d9cddaf8,ZNF728
19,28613787,28613787,1,snv_mnv,NA,NA,"broad,dkfz,muse,sanger",4,COSN7121098,NA,NA,FALSE,0.2027,NA,30,118,NA,NA,NA,lincRNA,FALSE,FALSE,FALSE,FALSE,8,6,2,6_2,d4907a1b-8b06-47c5-8bca-c781d9cddaf8,NA
19,28613809,28613809,1,snv_mnv,NA,NA,"broad,dkfz,muse,sanger",4,COSN7121099,NA,NA,FALSE,0.1912,NA,26,110,NA,NA,NA,lincRNA,FALSE,FALSE,FALSE,FALSE,8,6,2,6_2,d4907a1b-8b06-47c5-8bca-c781d9cddaf8,NA
19,28613958,28613958,1,snv_mnv,NA,NA,"broad,dkfz,muse,sanger",4,COSN7121101,NA,NA,FALSE,0.2857,NA,36,90,NA,NA,NA,lincRNA,FALSE,FALSE,FALSE,FALSE,8,6,2,6_2,d4907a1b-8b06-47c5-8bca-c781d9cddaf8,NA
19,28614019,28614019,1,snv_mnv,NA,NA,"broad,dkfz,muse,sanger",4,COSN7121102,rs369224317,NA,FALSE,0.2549,NA,39,114,NA,NA,NA,lincRNA,FALSE,FALSE,FALSE,FALSE,8,6,2,6_2,d4907a1b-8b06-47c5-8bca-c781d9cddaf8,NA
19,28614093,28614093,1,snv_mnv,NA,NA,"broad,dkfz,muse,sanger",4,COSN7121103,NA,NA,FALSE,0.25,NA,32,96,NA,NA,NA,lincRNA,FALSE,FALSE,FALSE,FALSE,8,6,2,6_2,d4907a1b-8b06-47c5-8bca-c781d9cddaf8,NA
19,29219104,29219104,1,snv_mnv,NA,NA,"broad,dkfz,muse,sanger",4,COSN7121637,NA,MIR,FALSE,0.1212,NA,12,87,NA,NA,NA,lincRNA,FALSE,FALSE,FALSE,FALSE,5,3,2,3_2,d4907a1b-8b06-47c5-8bca-c781d9cddaf8,"AC005394.2,AC005524.1"
19,29265006,29265006,1,snv_mnv,NA,NA,"broad,dkfz,muse,sanger",4,COSN7121667,NA,NA,FALSE,0.1058,NA,11,93,NA,NA,NA,IGR,FALSE,FALSE,FALSE,FALSE,5,3,2,3_2,d4907a1b-8b06-47c5-8bca-c781d9cddaf8,NA
19,29275050,29275050,1,snv_mnv,NA,NA,"broad,dkfz,muse,sanger",4,COSN7121675,rs548765865,L1PA17,FALSE,0.1389,NA,15,93,NA,NA,NA,IGR,FALSE,FALSE,FALSE,FALSE,5,3,2,3_2,d4907a1b-8b06-47c5-8bca-c781d9cddaf8,NA
19,29328324,29328324,1,snv_mnv,NA,NA,"broad,dkfz,muse,sanger",4,COSN7121718,rs781774046,AluSg,FALSE,0.1905,NA,20,85,NA,NA,NA,IGR,FALSE,FALSE,FALSE,FALSE,5,3,2,3_2,d4907a1b-8b06-47c5-8bca-c781d9cddaf8,NA
19,29395861,29395861,1,snv_mnv,NA,NA,"broad,dkfz,muse,sanger",4,COSN7121765,NA,LTR16E2,FALSE,0.28,NA,21,54,NA,NA,NA,lincRNA,FALSE,FALSE,FALSE,FALSE,5,3,2,3_2,d4907a1b-8b06-47c5-8bca-c781d9cddaf8,NA
19,29616121,29616121,1,snv_mnv,NA,NA,"broad,dkfz,muse,sanger",4,COSN7121940,NA,THE1B-int,FALSE,0.1154,NA,15,115,NA,NA,NA,IGR,FALSE,FALSE,FALSE,FALSE,5,3,2,3_2,d4907a1b-8b06-47c5-8bca-c781d9cddaf8,NA
19,29961961,29961961,1,snv_mnv,NA,NA,"broad,dkfz,muse,sanger",4,COSN7122193,NA,L1ME1,FALSE,0.1471,NA,15,87,NA,NA,NA,RNA,FALSE,FALSE,FALSE,FALSE,5,3,2,3_2,d4907a1b-8b06-47c5-8bca-c781d9cddaf8,NA
19,31025040,31025040,1,snv_mnv,NA,NA,"broad,dkfz,muse,sanger",4,COSN7122844,NA,NA,FALSE,0.188,NA,22,95,NA,NA,NA,Intron,FALSE,FALSE,FALSE,FALSE,5,3,2,3_2,d4907a1b-8b06-47c5-8bca-c781d9cddaf8,NA
19,31361691,31361691,1,snv_mnv,NA,NA,"broad,dkfz,muse,sanger",4,COSN7123118,rs756688647,NA,FALSE,0.1484,NA,19,109,NA,NA,NA,lincRNA,FALSE,FALSE,FALSE,FALSE,5,3,2,3_2,d4907a1b-8b06-47c5-8bca-c781d9cddaf8,NA
19,31423627,31423627,1,snv_mnv,NA,NA,"broad,dkfz,muse,sanger",4,COSN7123183,NA,NA,FALSE,0.1263,NA,12,83,NA,NA,NA,IGR,FALSE,FALSE,FALSE,FALSE,5,3,2,3_2,d4907a1b-8b06-47c5-8bca-c781d9cddaf8,NA
19,31456997,31456997,1,snv_mnv,NA,NA,"broad,dkfz,muse,sanger",4,COSN7123216,NA,NA,FALSE,0.0965,NA,11,103,NA,NA,NA,IGR,FALSE,FALSE,FALSE,FALSE,5,3,2,3_2,d4907a1b-8b06-47c5-8bca-c781d9cddaf8,NA
19,31542411,31542411,1,snv_mnv,1.9968e-4,rs566286350,"broad,dkfz,muse",3,COSN7123294,rs566286350,(TAGA)n,FALSE,0.125,NA,17,119,NA,NA,NA,IGR,FALSE,FALSE,FALSE,FALSE,5,3,2,3_2,d4907a1b-8b06-47c5-8bca-c781d9cddaf8,NA
19,31681830,31681830,1,snv_mnv,NA,NA,"broad,dkfz,muse,sanger",4,COSN7123434,NA,L1MEf,FALSE,0.1529,NA,24,133,NA,NA,NA,lincRNA,FALSE,FALSE,FALSE,FALSE,5,3,2,3_2,d4907a1b-8b06-47c5-8bca-c781d9cddaf8,NA
19,31922579,31922579,1,snv_mnv,NA,NA,"broad,dkfz,muse,sanger",4,COSN7123660,NA,AluJo,FALSE,0.2151,NA,20,73,NA,NA,NA,IGR,FALSE,FALSE,FALSE,FALSE,5,3,2,3_2,d4907a1b-8b06-47c5-8bca-c781d9cddaf8,AC008992.1
19,31970671,31970671,1,snv_mnv,NA,NA,"broad,dkfz,muse,sanger",4,COSN7123696,NA,NA,FALSE,0.1881,NA,19,82,NA,NA,NA,IGR,FALSE,FALSE,FALSE,FALSE,5,3,2,3_2,d4907a1b-8b06-47c5-8bca-c781d9cddaf8,NA
19,32050729,32050729,1,snv_mnv,NA,NA,"broad,dkfz,muse,sanger",4,COSN7123765,NA,L2a,FALSE,0.1042,NA,10,86,NA,NA,NA,IGR,FALSE,FALSE,FALSE,FALSE,5,3,2,3_2,d4907a1b-8b06-47c5-8bca-c781d9cddaf8,NA
19,32189786,32189786,1,snv_mnv,NA,NA,"broad,dkfz,muse,sanger",4,COSN7123904,NA,AluSz,FALSE,0.1429,NA,13,78,NA,NA,NA,IGR,FALSE,FALSE,FALSE,FALSE,5,3,2,3_2,d4907a1b-8b06-47c5-8bca-c781d9cddaf8,NA
19,32255831,32255831,1,snv_mnv,NA,NA,"broad,dkfz,muse,sanger",4,COSN7123963,NA,LTR8,FALSE,0.2581,NA,24,69,NA,NA,NA,IGR,FALSE,FALSE,FALSE,FALSE,5,3,2,3_2,d4907a1b-8b06-47c5-8bca-c781d9cddaf8,NA
19,32298552,32298552,1,snv_mnv,3.9936e-4,rs547823400,"broad,dkfz,muse,sanger",4,COSN7123997,rs547823400,NA,FALSE,0.4135,NA,55,78,NA,NA,NA,IGR,FALSE,FALSE,FALSE,FALSE,5,3,2,3_2,d4907a1b-8b06-47c5-8bca-c781d9cddaf8,NA
19,32340190,32340190,1,snv_mnv,NA,NA,"broad,dkfz,muse,sanger",4,COSN7124032,NA,L1MC3,FALSE,0.1532,NA,19,105,NA,NA,NA,IGR,FALSE,FALSE,FALSE,FALSE,5,3,2,3_2,d4907a1b-8b06-47c5-8bca-c781d9cddaf8,NA
19,32661379,32661379,1,snv_mnv,NA,NA,"broad,dkfz,muse,sanger",4,COSN7124280,NA,NA,FALSE,0.0594,NA,6,95,NA,NA,NA,IGR,FALSE,FALSE,FALSE,FALSE,5,3,2,3_2,d4907a1b-8b06-47c5-8bca-c781d9cddaf8,NA
19,32661460,32661460,1,snv_mnv,NA,NA,"broad,dkfz,muse,sanger",4,COSN7124281,NA,NA,FALSE,0.113,NA,13,102,NA,NA,NA,IGR,FALSE,FALSE,FALSE,FALSE,5,3,2,3_2,d4907a1b-8b06-47c5-8bca-c781d9cddaf8,NA
19,32779934,32779934,1,snv_mnv,NA,NA,"broad,dkfz,muse,sanger",4,COSN7124356,NA,MLT2A2,FALSE,0.4724,NA,60,67,NA,NA,NA,IGR,FALSE,FALSE,FALSE,FALSE,7,5,2,5_2,d4907a1b-8b06-47c5-8bca-c781d9cddaf8,NA
19,33027186,33027186,1,snv_mnv,NA,NA,"broad,muse,sanger",3,COSN7124436,NA,AluSx,FALSE,0.15310000000000001,NA,15,83,NA,NA,NA,IGR,FALSE,FALSE,FALSE,FALSE,7,5,2,5_2,d4907a1b-8b06-47c5-8bca-c781d9cddaf8,NA
19,33109563,33109563,1,snv_mnv,NA,NA,"broad,dkfz,muse,sanger",4,COSN7124475,NA,NA,FALSE,0.1852,NA,20,88,NA,NA,NA,Intron,FALSE,FALSE,FALSE,FALSE,7,5,2,5_2,d4907a1b-8b06-47c5-8bca-c781d9cddaf8,NA
19,33364342,33364342,1,snv_mnv,NA,NA,"broad,dkfz,muse,sanger",4,COSN7124570,NA,NA,FALSE,0.5,NA,56,56,NA,NA,NA,lincRNA,FALSE,FALSE,FALSE,FALSE,7,5,2,5_2,d4907a1b-8b06-47c5-8bca-c781d9cddaf8,"CEP89,SLC7A9"
19,34438685,34438685,1,snv_mnv,NA,NA,"broad,dkfz,muse,sanger",4,COSN7124902,NA,NA,FALSE,0.1776,NA,19,88,NA,NA,NA,IGR,FALSE,FALSE,FALSE,FALSE,7,5,2,5_2,d4907a1b-8b06-47c5-8bca-c781d9cddaf8,NA
19,34466801,34466801,1,snv_mnv,NA,NA,"broad,dkfz,muse,sanger",4,COSN7124914,NA,NA,FALSE,0.175,NA,21,99,NA,NA,NA,IGR,FALSE,FALSE,FALSE,FALSE,7,5,2,5_2,d4907a1b-8b06-47c5-8bca-c781d9cddaf8,NA
19,34478585,34478585,1,snv_mnv,NA,NA,"broad,dkfz,muse,sanger",4,COSN7124921,NA,LTR33,FALSE,0.1271,NA,15,103,NA,NA,NA,IGR,FALSE,FALSE,FALSE,FALSE,7,5,2,5_2,d4907a1b-8b06-47c5-8bca-c781d9cddaf8,NA
19,34543084,34543084,1,snv_mnv,NA,NA,"broad,dkfz,muse,sanger",4,COSN7124959,NA,L1M4,FALSE,0.1722,NA,26,125,NA,NA,NA,IGR,FALSE,FALSE,FALSE,FALSE,7,5,2,5_2,d4907a1b-8b06-47c5-8bca-c781d9cddaf8,NA
19,34552114,34552114,1,snv_mnv,NA,NA,"broad,dkfz,muse,sanger",4,COSN7124962,NA,NA,FALSE,0.127,NA,16,110,NA,NA,NA,IGR,FALSE,FALSE,FALSE,FALSE,7,5,2,5_2,d4907a1b-8b06-47c5-8bca-c781d9cddaf8,NA
19,34896146,34896146,1,snv_mnv,NA,NA,"broad,muse,sanger",3,COSN7125061,NA,AluSp,FALSE,0.4902,NA,50,52,NA,NA,NA,Intron,FALSE,FALSE,FALSE,FALSE,7,5,2,5_2,d4907a1b-8b06-47c5-8bca-c781d9cddaf8,"GPI,PDCD2L"
19,35047998,35047998,1,snv_mnv,NA,NA,"broad,dkfz,muse,sanger",4,COSN7125112,NA,HERVS71-int,FALSE,0.3036,NA,34,78,NA,NA,NA,IGR,FALSE,FALSE,FALSE,FALSE,7,5,2,5_2,d4907a1b-8b06-47c5-8bca-c781d9cddaf8,NA
19,35460585,35460585,1,snv_mnv,NA,NA,"broad,dkfz,muse,sanger",4,COSN7125256,NA,NA,FALSE,0.1736,NA,21,100,NA,NA,NA,IGR,FALSE,FALSE,FALSE,FALSE,7,5,2,5_2,d4907a1b-8b06-47c5-8bca-c781d9cddaf8,NA
19,35854964,35854964,1,snv_mnv,NA,NA,"broad,dkfz,muse,sanger",4,COSN7125364,NA,L1MB8,FALSE,0.6,NA,27,18,NA,NA,NA,IGR,FALSE,FALSE,FALSE,FALSE,7,5,2,5_2,d4907a1b-8b06-47c5-8bca-c781d9cddaf8,FFAR3
19,36246467,36246467,1,snv_mnv,NA,NA,"broad,dkfz,muse,sanger",4,COSM3771016,NA,NA,FALSE,0.1485,NA,15,86,NA,NA,NA,Missense_Mutation,FALSE,FALSE,FALSE,FALSE,7,5,2,5_2,d4907a1b-8b06-47c5-8bca-c781d9cddaf8,"PROSER3,LIN37,AD000671.3,AD000671.1,HSPB6,AC002398.2"
19,36889528,36889528,1,snv_mnv,NA,NA,"broad,dkfz,muse,sanger",4,COSN7125663,NA,L1MD,FALSE,0.5748,NA,73,54,NA,NA,NA,Intron,FALSE,FALSE,TRUE,FALSE,7,5,2,5_2,d4907a1b-8b06-47c5-8bca-c781d9cddaf8,ZFP82
19,37033150,37033150,1,snv_mnv,NA,NA,"broad,dkfz,muse,sanger",4,COSN7125708,NA,AluSp,FALSE,0.1471,NA,15,87,NA,NA,NA,IGR,FALSE,FALSE,FALSE,FALSE,7,5,2,5_2,d4907a1b-8b06-47c5-8bca-c781d9cddaf8,ZNF529
19,37506151,37506151,1,snv_mnv,NA,NA,"broad,dkfz,muse,sanger",4,COSN7125883,NA,NA,FALSE,0.1961,NA,20,82,NA,NA,NA,IGR,FALSE,FALSE,FALSE,FALSE,7,5,2,5_2,d4907a1b-8b06-47c5-8bca-c781d9cddaf8,NA
19,37529086,37529086,1,snv_mnv,NA,NA,"broad,dkfz,muse,sanger",4,COSN7125900,rs771286918,Tigger1,FALSE,0.0992,NA,13,118,NA,NA,NA,IGR,FALSE,FALSE,FALSE,FALSE,7,5,2,5_2,d4907a1b-8b06-47c5-8bca-c781d9cddaf8,NA
19,37927044,37927044,1,snv_mnv,NA,NA,"broad,dkfz,muse,sanger",4,COSN7126057,NA,L1MA3,FALSE,0.2266,NA,29,99,NA,NA,NA,Intron,FALSE,FALSE,FALSE,FALSE,7,5,2,5_2,d4907a1b-8b06-47c5-8bca-c781d9cddaf8,NA
19,38300735,38300735,1,snv_mnv,NA,NA,"broad,dkfz,muse,sanger",4,COSN7126204,NA,AluJb,FALSE,0.1381,NA,25,156,NA,NA,NA,Intron,FALSE,FALSE,FALSE,FALSE,8,7,1,7_1,d4907a1b-8b06-47c5-8bca-c781d9cddaf8,NA
19,38836362,38836362,1,snv_mnv,NA,NA,"broad,dkfz,muse,sanger",4,COSN7126358,NA,AluSp,FALSE,0.125,NA,14,98,NA,NA,NA,Intron,FALSE,FALSE,FALSE,FALSE,5,3,2,3_2,d4907a1b-8b06-47c5-8bca-c781d9cddaf8,CATSPERG
19,39595353,39595353,1,snv_mnv,NA,NA,"broad,dkfz,muse,sanger",4,COSN7126631,rs769806030,AluSq2,FALSE,0.6202,NA,80,49,NA,NA,NA,Intron,FALSE,FALSE,FALSE,FALSE,12,10,2,10_2,d4907a1b-8b06-47c5-8bca-c781d9cddaf8,NA
19,40901570,40901570,1,snv_mnv,NA,NA,"broad,dkfz,muse,sanger",4,COSM3771073,rs756689732,NA,FALSE,0.5932,NA,70,48,NA,NA,NA,Nonsense_Mutation,FALSE,FALSE,FALSE,FALSE,10,8,2,8_2,d4907a1b-8b06-47c5-8bca-c781d9cddaf8,NA
19,41066816,41066816,1,snv_mnv,NA,NA,"broad,dkfz,muse,sanger",4,COSN7127055,NA,MLT1J2,FALSE,0.0977,NA,13,120,NA,NA,NA,Intron,FALSE,FALSE,FALSE,FALSE,10,8,2,8_2,d4907a1b-8b06-47c5-8bca-c781d9cddaf8,SPTBN4
19,42500549,42500549,1,snv_mnv,NA,NA,"broad,dkfz,muse,sanger",4,COSN7445617,NA,NA,FALSE,0.3333,NA,15,30,NA,NA,NA,5'Flank,FALSE,FALSE,FALSE,FALSE,2,2,0,2_0,d4907a1b-8b06-47c5-8bca-c781d9cddaf8,"ATP1A3,GRIK5,AC010616.2"
19,42674745,42674745,1,snv_mnv,NA,NA,"broad,dkfz,muse",3,COSN7445664,NA,(CA)n,FALSE,0.4928,NA,34,35,NA,NA,NA,Intron,FALSE,FALSE,FALSE,FALSE,2,2,0,2_0,d4907a1b-8b06-47c5-8bca-c781d9cddaf8,NA
19,43693752,43693752,1,snv_mnv,NA,NA,"broad,muse,sanger",3,COSN7446043,NA,L1MB4,FALSE,0.3182,NA,28,60,NA,NA,NA,IGR,FALSE,FALSE,FALSE,FALSE,2,2,0,2_0,d4907a1b-8b06-47c5-8bca-c781d9cddaf8,"PSG5,PSG4"
19,44705925,44705925,1,snv_mnv,NA,NA,"broad,dkfz,muse,sanger",4,COSN7446315,NA,L1M5,FALSE,0.4265,NA,29,39,NA,NA,NA,IGR,FALSE,FALSE,FALSE,FALSE,2,2,0,2_0,d4907a1b-8b06-47c5-8bca-c781d9cddaf8,NA
19,51624381,51624381,1,snv_mnv,NA,NA,"broad,dkfz,muse,sanger",4,COSN7448292,NA,AluJb,FALSE,0.4237,NA,25,34,NA,NA,NA,IGR,FALSE,FALSE,FALSE,FALSE,2,2,0,2_0,d4907a1b-8b06-47c5-8bca-c781d9cddaf8,SIGLEC9
19,52184018,52184018,1,snv_mnv,NA,NA,"broad,dkfz,muse,sanger",4,COSN7448503,NA,NA,FALSE,0.3231,NA,21,44,NA,NA,NA,IGR,FALSE,FALSE,TRUE,FALSE,2,2,0,2_0,d4907a1b-8b06-47c5-8bca-c781d9cddaf8,SPACA6P-AS
19,53231047,53231047,1,snv_mnv,NA,NA,"broad,muse,sanger",3,COSN7448921,NA,LTR24,FALSE,0.2241,NA,13,45,NA,NA,NA,Intron,FALSE,FALSE,FALSE,FALSE,2,2,0,2_0,d4907a1b-8b06-47c5-8bca-c781d9cddaf8,ZNF611
19,53695091,53695091,1,snv_mnv,NA,NA,"broad,dkfz,muse,sanger",4,COSN7449113,NA,AluSx,FALSE,0.5139,NA,37,35,NA,NA,NA,Intron,FALSE,FALSE,FALSE,FALSE,2,2,0,2_0,d4907a1b-8b06-47c5-8bca-c781d9cddaf8,NA
19,54120780,54120780,1,snv_mnv,NA,NA,"broad,muse,sanger",3,COSN7449302,NA,AluSp,FALSE,0.4348,NA,20,26,NA,NA,NA,IGR,FALSE,FALSE,FALSE,FALSE,2,2,0,2_0,d4907a1b-8b06-47c5-8bca-c781d9cddaf8,AC011487.3
19,55089704,55089704,1,snv_mnv,NA,NA,"broad,dkfz,muse,sanger",4,COSN7449787,NA,L1PA6,FALSE,0.2885,NA,15,37,NA,NA,NA,Intron,FALSE,FALSE,FALSE,FALSE,2,2,0,2_0,d4907a1b-8b06-47c5-8bca-c781d9cddaf8,LILRA2
19,57389676,57389676,1,snv_mnv,NA,NA,"broad,dkfz,muse,sanger",4,COSN7450705,NA,AluSg,FALSE,0.2821,NA,11,28,NA,NA,NA,IGR,FALSE,FALSE,FALSE,FALSE,2,2,0,2_0,d4907a1b-8b06-47c5-8bca-c781d9cddaf8,NA
19,57596176,57596176,1,snv_mnv,NA,NA,"broad,dkfz,muse,sanger",4,COSN7450852,NA,AluJr4,FALSE,0.2297,NA,17,57,NA,NA,NA,IGR,FALSE,FALSE,FALSE,FALSE,2,2,0,2_0,d4907a1b-8b06-47c5-8bca-c781d9cddaf8,NA
19,57610720,57610720,1,snv_mnv,NA,NA,"broad,dkfz,muse,sanger",4,COSN7450860,NA,NA,FALSE,0.2703,NA,10,27,NA,NA,NA,IGR,FALSE,FALSE,FALSE,FALSE,2,2,0,2_0,d4907a1b-8b06-47c5-8bca-c781d9cddaf8,NA
2,92708,92708,1,snv_mnv,NA,NA,"broad,dkfz,muse,sanger",4,COSN14515379,NA,L1PA7,FALSE,0.2424,NA,16,50,NA,NA,NA,IGR,FALSE,FALSE,FALSE,FALSE,4,2,2,2_2,d4907a1b-8b06-47c5-8bca-c781d9cddaf8,NA
2,361104,361104,1,snv_mnv,NA,NA,"broad,dkfz,muse,sanger",4,COSN7127400,NA,NA,FALSE,0.2784,NA,27,70,NA,NA,NA,IGR,FALSE,FALSE,FALSE,FALSE,4,2,2,2_2,d4907a1b-8b06-47c5-8bca-c781d9cddaf8,NA
2,521554,521554,1,snv_mnv,NA,NA,"broad,dkfz,muse,sanger",4,COSN7134248,NA,NA,FALSE,0.2987,NA,23,54,NA,NA,NA,IGR,FALSE,FALSE,FALSE,FALSE,4,2,2,2_2,d4907a1b-8b06-47c5-8bca-c781d9cddaf8,NA
2,598869,598869,1,snv_mnv,NA,NA,"broad,dkfz,muse,sanger",4,COSN7078484,NA,NA,FALSE,0.3284,NA,22,45,NA,NA,NA,IGR,FALSE,FALSE,FALSE,FALSE,4,2,2,2_2,d4907a1b-8b06-47c5-8bca-c781d9cddaf8,NA
2,897847,897847,1,snv_mnv,NA,NA,"broad,dkfz,muse,sanger",4,COSN14515332,NA,NA,FALSE,0.3333,NA,31,62,NA,NA,NA,lincRNA,FALSE,FALSE,FALSE,FALSE,4,2,2,2_2,d4907a1b-8b06-47c5-8bca-c781d9cddaf8,NA
2,1000882,1000882,1,snv_mnv,NA,NA,"broad,dkfz,muse,sanger",4,COSN7452559,NA,L1MC1,FALSE,0.3333,NA,20,40,NA,NA,NA,Intron,FALSE,FALSE,FALSE,FALSE,4,2,2,2_2,d4907a1b-8b06-47c5-8bca-c781d9cddaf8,NA
2,1141068,1141068,1,snv_mnv,NA,NA,"broad,dkfz,muse,sanger",4,COSN7328302,NA,L1MC,FALSE,0.3261,NA,30,62,NA,NA,NA,Intron,FALSE,FALSE,FALSE,FALSE,4,2,2,2_2,d4907a1b-8b06-47c5-8bca-c781d9cddaf8,NA
2,1314023,1314023,1,snv_mnv,NA,NA,"broad,dkfz,muse,sanger",4,COSN7337486,NA,NA,FALSE,0.3425,NA,25,48,NA,NA,NA,Intron,FALSE,FALSE,FALSE,FALSE,4,2,2,2_2,d4907a1b-8b06-47c5-8bca-c781d9cddaf8,NA
2,1544121,1544121,1,snv_mnv,NA,NA,"broad,dkfz,muse,sanger",4,COSN7110001,NA,NA,FALSE,0.2667,NA,20,55,NA,NA,NA,Intron,FALSE,FALSE,FALSE,FALSE,4,2,2,2_2,d4907a1b-8b06-47c5-8bca-c781d9cddaf8,NA
2,1565859,1565859,1,snv_mnv,1.9968e-4,rs554112441,"broad,dkfz,muse,sanger",4,COSN7111223,rs554112441,NA,FALSE,0.2338,NA,18,59,NA,NA,NA,RNA,FALSE,FALSE,FALSE,FALSE,4,2,2,2_2,d4907a1b-8b06-47c5-8bca-c781d9cddaf8,NA
2,1661879,1661879,1,snv_mnv,NA,NA,"broad,dkfz,muse,sanger",4,COSN7114522,NA,NA,FALSE,0.1522,NA,7,39,NA,NA,NA,Intron,FALSE,FALSE,FALSE,FALSE,4,2,2,2_2,d4907a1b-8b06-47c5-8bca-c781d9cddaf8,PXDN
2,1715690,1715690,1,snv_mnv,NA,NA,"broad,dkfz,muse,sanger",4,COSN7116334,NA,NA,FALSE,0.2787,NA,17,44,NA,NA,NA,Intron,FALSE,FALSE,FALSE,FALSE,4,2,2,2_2,d4907a1b-8b06-47c5-8bca-c781d9cddaf8,NA
2,1773087,1773087,1,snv_mnv,NA,NA,"broad,dkfz,muse,sanger",4,COSN7148153,NA,AluJo,FALSE,0.2987,NA,23,54,NA,NA,NA,IGR,FALSE,FALSE,FALSE,FALSE,4,2,2,2_2,d4907a1b-8b06-47c5-8bca-c781d9cddaf8,NA
2,2498094,2498094,1,snv_mnv,NA,NA,"broad,dkfz,muse,sanger",4,COSN7242896,NA,AluSg,FALSE,0.1786,NA,15,69,NA,NA,NA,IGR,FALSE,FALSE,FALSE,FALSE,4,2,2,2_2,d4907a1b-8b06-47c5-8bca-c781d9cddaf8,NA
2,2624462,2624462,1,snv_mnv,NA,NA,"broad,dkfz,muse,sanger",4,COSN7243283,rs569067449,NA,FALSE,0.08,NA,4,46,NA,NA,NA,IGR,FALSE,FALSE,FALSE,FALSE,4,2,2,2_2,d4907a1b-8b06-47c5-8bca-c781d9cddaf8,NA
2,2645102,2645102,1,snv_mnv,NA,NA,"broad,dkfz,muse,sanger",4,COSN7243335,NA,NA,FALSE,0.3699,NA,27,46,NA,NA,NA,lincRNA,FALSE,FALSE,FALSE,FALSE,4,2,2,2_2,d4907a1b-8b06-47c5-8bca-c781d9cddaf8,AC018685.2
2,2973410,2973410,1,snv_mnv,NA,NA,"broad,dkfz,muse,sanger",4,COSN7244238,NA,L1PB1,FALSE,0.3623,NA,25,44,NA,NA,NA,lincRNA,FALSE,FALSE,FALSE,FALSE,4,2,2,2_2,d4907a1b-8b06-47c5-8bca-c781d9cddaf8,NA
2,3505969,3505969,1,snv_mnv,NA,NA,"broad,dkfz,muse,sanger",4,COSN7246088,rs796975589,AluJr,FALSE,0.1212,NA,8,58,NA,NA,NA,Intron,FALSE,FALSE,FALSE,FALSE,4,2,2,2_2,d4907a1b-8b06-47c5-8bca-c781d9cddaf8,"ADI1,AC114810.1"
2,3766715,3766715,1,snv_mnv,NA,NA,"broad,dkfz,muse,sanger",4,COSN7127888,NA,AluY,FALSE,0.3492,NA,22,41,NA,NA,NA,IGR,FALSE,FALSE,FALSE,FALSE,4,2,2,2_2,d4907a1b-8b06-47c5-8bca-c781d9cddaf8,NA
2,4142204,4142204,1,snv_mnv,NA,NA,"broad,dkfz,muse,sanger",4,COSN7129180,NA,NA,FALSE,0.1515,NA,10,56,NA,NA,NA,IGR,FALSE,FALSE,FALSE,FALSE,4,2,2,2_2,d4907a1b-8b06-47c5-8bca-c781d9cddaf8,NA
2,4525068,4525068,1,snv_mnv,NA,NA,"broad,dkfz,muse,sanger",4,COSN7130339,NA,NA,FALSE,0.1313,NA,13,86,NA,NA,NA,IGR,FALSE,FALSE,FALSE,FALSE,4,2,2,2_2,d4907a1b-8b06-47c5-8bca-c781d9cddaf8,NA
2,4570354,4570354,1,snv_mnv,NA,NA,"broad,dkfz,muse,sanger",4,COSN7130490,NA,L1MEc,FALSE,0.2712,NA,16,43,NA,NA,NA,IGR,FALSE,FALSE,FALSE,FALSE,4,2,2,2_2,d4907a1b-8b06-47c5-8bca-c781d9cddaf8,NA
2,4916445,4916445,1,snv_mnv,NA,NA,"broad,dkfz,muse,sanger",4,COSN7131622,NA,NA,FALSE,0.3253,NA,27,56,NA,NA,NA,IGR,FALSE,FALSE,FALSE,FALSE,4,2,2,2_2,d4907a1b-8b06-47c5-8bca-c781d9cddaf8,NA
2,5135136,5135136,1,snv_mnv,NA,NA,"broad,dkfz,muse,sanger",4,COSN7133507,rs557964377,NA,FALSE,0.3067,NA,23,52,NA,NA,NA,IGR,FALSE,FALSE,FALSE,FALSE,4,2,2,2_2,d4907a1b-8b06-47c5-8bca-c781d9cddaf8,NA
2,5164814,5164814,1,snv_mnv,1.9968e-4,rs574578935,"broad,dkfz,muse,sanger",4,COSN7133784,rs574578935,NA,FALSE,0.1948,NA,15,62,NA,NA,NA,IGR,FALSE,FALSE,FALSE,FALSE,4,2,2,2_2,d4907a1b-8b06-47c5-8bca-c781d9cddaf8,NA
2,5428052,5428052,1,snv_mnv,NA,NA,"broad,dkfz,muse,sanger",4,COSN7135352,NA,MSTD,FALSE,0.2651,NA,22,61,NA,NA,NA,IGR,FALSE,FALSE,FALSE,FALSE,4,2,2,2_2,d4907a1b-8b06-47c5-8bca-c781d9cddaf8,NA
2,5464103,5464103,1,snv_mnv,NA,NA,"broad,dkfz,muse,sanger",4,COSN7135471,NA,NA,FALSE,0.2692,NA,21,57,NA,NA,NA,IGR,FALSE,FALSE,FALSE,FALSE,4,2,2,2_2,d4907a1b-8b06-47c5-8bca-c781d9cddaf8,NA
2,5555901,5555901,1,snv_mnv,NA,NA,"broad,dkfz,muse,sanger",4,COSN7135751,NA,AluJb,FALSE,0.1429,NA,5,30,NA,NA,NA,IGR,FALSE,FALSE,FALSE,FALSE,4,2,2,2_2,d4907a1b-8b06-47c5-8bca-c781d9cddaf8,NA
2,5600748,5600748,1,snv_mnv,NA,NA,"broad,dkfz,muse,sanger",4,COSN7135896,NA,NA,FALSE,0.2281,NA,13,44,NA,NA,NA,IGR,FALSE,FALSE,FALSE,FALSE,4,2,2,2_2,d4907a1b-8b06-47c5-8bca-c781d9cddaf8,NA
2,5688064,5688064,1,snv_mnv,NA,NA,"broad,dkfz,muse,sanger",4,COSN7136373,NA,NA,FALSE,0.1733,NA,13,62,NA,NA,NA,lincRNA,FALSE,FALSE,FALSE,FALSE,4,2,2,2_2,d4907a1b-8b06-47c5-8bca-c781d9cddaf8,AC107057.1
2,6513005,6513005,1,snv_mnv,NA,NA,"broad,dkfz,muse,sanger",4,COSN7080070,NA,LTR90A,FALSE,0.1758,NA,16,75,NA,NA,NA,lincRNA,FALSE,FALSE,FALSE,FALSE,4,2,2,2_2,d4907a1b-8b06-47c5-8bca-c781d9cddaf8,NA
2,7314024,7314024,1,snv_mnv,NA,NA,"broad,dkfz,muse,sanger",4,COSN7082563,NA,MIR,FALSE,0.24,NA,18,57,NA,NA,NA,IGR,FALSE,FALSE,FALSE,FALSE,4,2,2,2_2,d4907a1b-8b06-47c5-8bca-c781d9cddaf8,NA
2,7588578,7588578,1,snv_mnv,NA,NA,"broad,dkfz,muse,sanger",4,COSN7083413,NA,L2b,FALSE,0.1475,NA,9,52,NA,NA,NA,RNA,FALSE,FALSE,FALSE,FALSE,4,2,2,2_2,d4907a1b-8b06-47c5-8bca-c781d9cddaf8,AC013460.1
2,7888621,7888621,1,snv_mnv,NA,NA,"broad,dkfz,muse,sanger",4,COSN7085992,NA,Tigger13a,FALSE,0.1978,NA,18,73,NA,NA,NA,IGR,FALSE,FALSE,FALSE,FALSE,4,2,2,2_2,d4907a1b-8b06-47c5-8bca-c781d9cddaf8,NA
2,9951187,9951187,1,snv_mnv,NA,NA,"broad,dkfz,muse,sanger",4,COSN14515331,NA,AluSx,FALSE,0.1899,NA,15,64,NA,NA,NA,IGR,FALSE,FALSE,FALSE,FALSE,4,2,2,2_2,d4907a1b-8b06-47c5-8bca-c781d9cddaf8,NA
2,10988496,10988496,1,snv_mnv,NA,NA,"broad,dkfz,muse,sanger",4,COSN7327378,NA,NA,FALSE,0.236,NA,21,68,NA,NA,NA,Intron,FALSE,FALSE,FALSE,FALSE,4,2,2,2_2,d4907a1b-8b06-47c5-8bca-c781d9cddaf8,NA
2,11188923,11188923,1,snv_mnv,1.9968e-4,rs370842954,"broad,dkfz,muse",3,COSN7327765,rs370842954,(TG)n,FALSE,0.4058,NA,28,41,NA,NA,NA,IGR,FALSE,FALSE,FALSE,FALSE,4,2,2,2_2,d4907a1b-8b06-47c5-8bca-c781d9cddaf8,NA
2,12129268,12129268,1,snv_mnv,1.9968e-4,rs146398806,"broad,dkfz,muse,sanger",4,COSN7331313,rs146398806,NA,FALSE,0.2368,NA,18,58,NA,NA,NA,IGR,FALSE,FALSE,FALSE,FALSE,4,2,2,2_2,d4907a1b-8b06-47c5-8bca-c781d9cddaf8,NA
2,13448790,13448790,1,snv_mnv,NA,NA,"broad,muse,sanger",3,COSN7338912,NA,LTR12C,FALSE,0.193,NA,11,46,NA,NA,NA,IGR,FALSE,FALSE,FALSE,FALSE,4,2,2,2_2,d4907a1b-8b06-47c5-8bca-c781d9cddaf8,NA
2,13829645,13829645,1,snv_mnv,NA,NA,"broad,dkfz,muse,sanger",4,COSN7340558,NA,NA,FALSE,0.1053,NA,10,85,NA,NA,NA,IGR,FALSE,FALSE,FALSE,FALSE,4,2,2,2_2,d4907a1b-8b06-47c5-8bca-c781d9cddaf8,NA
2,14097819,14097819,1,snv_mnv,NA,NA,"broad,dkfz,muse,sanger",4,COSN7342306,NA,AluSg,FALSE,0.2353,NA,20,65,NA,NA,NA,IGR,FALSE,FALSE,FALSE,FALSE,4,2,2,2_2,d4907a1b-8b06-47c5-8bca-c781d9cddaf8,NA
2,14113083,14113083,1,snv_mnv,NA,NA,"broad,dkfz,muse,sanger",4,COSN7342465,NA,NA,FALSE,0.2347,NA,23,75,NA,NA,NA,IGR,FALSE,FALSE,FALSE,FALSE,4,2,2,2_2,d4907a1b-8b06-47c5-8bca-c781d9cddaf8,NA
2,14183383,14183383,1,snv_mnv,NA,NA,"broad,dkfz,muse,sanger",4,COSN7343175,rs766142722,AluSx1,FALSE,0.1392,NA,11,68,NA,NA,NA,IGR,FALSE,FALSE,FALSE,FALSE,4,2,2,2_2,d4907a1b-8b06-47c5-8bca-c781d9cddaf8,NA
2,14415524,14415524,1,snv_mnv,NA,NA,"broad,dkfz,muse,sanger",4,COSN7344558,NA,NA,FALSE,0.1538,NA,16,88,NA,NA,NA,lincRNA,FALSE,FALSE,FALSE,FALSE,4,2,2,2_2,d4907a1b-8b06-47c5-8bca-c781d9cddaf8,RNU6-1288P
2,15162261,15162261,1,snv_mnv,0.0021965,rs534988827,"broad,dkfz,muse,sanger",4,COSN7108940,rs534988827,NA,FALSE,0.2143,NA,18,66,NA,NA,NA,IGR,FALSE,FALSE,FALSE,FALSE,4,2,2,2_2,d4907a1b-8b06-47c5-8bca-c781d9cddaf8,NA
2,15477595,15477595,1,snv_mnv,NA,NA,"broad,dkfz,muse",3,COSN7110285,NA,(A)n,FALSE,0.3333,NA,32,64,NA,NA,NA,Intron,FALSE,FALSE,FALSE,FALSE,4,2,2,2_2,d4907a1b-8b06-47c5-8bca-c781d9cddaf8,NA
2,16719247,16719247,1,snv_mnv,NA,NA,"broad,dkfz,muse,sanger",4,COSN7114863,NA,NA,FALSE,0.2941,NA,30,72,NA,NA,NA,IGR,FALSE,FALSE,FALSE,FALSE,4,2,2,2_2,d4907a1b-8b06-47c5-8bca-c781d9cddaf8,AC104623.2
2,16904526,16904526,1,snv_mnv,NA,NA,"broad,dkfz,muse,sanger",4,COSN7115605,NA,NA,FALSE,0.2277,NA,23,78,NA,NA,NA,IGR,FALSE,FALSE,FALSE,FALSE,4,2,2,2_2,d4907a1b-8b06-47c5-8bca-c781d9cddaf8,AC008164.1
2,17606767,17606767,1,snv_mnv,NA,NA,"broad,dkfz,muse,sanger",4,COSN7147554,NA,FordPrefect_a,FALSE,0.1316,NA,10,66,NA,NA,NA,IGR,FALSE,FALSE,FALSE,FALSE,4,2,2,2_2,d4907a1b-8b06-47c5-8bca-c781d9cddaf8,NA
2,17721776,17721776,1,snv_mnv,NA,NA,"broad,dkfz,muse,sanger",4,COSN7148127,NA,NA,FALSE,0.1818,NA,14,63,NA,NA,NA,Intron,FALSE,FALSE,FALSE,FALSE,4,2,2,2_2,d4907a1b-8b06-47c5-8bca-c781d9cddaf8,VSNL1
2,18359561,18359561,1,snv_mnv,NA,NA,"broad,dkfz,muse,sanger",4,COSN7150160,NA,NA,FALSE,0.1013,NA,8,71,NA,NA,NA,Intron,FALSE,FALSE,FALSE,FALSE,4,2,2,2_2,d4907a1b-8b06-47c5-8bca-c781d9cddaf8,NA
2,18864498,18864498,1,snv_mnv,NA,NA,"broad,dkfz,muse,sanger",4,COSN7152537,NA,NA,FALSE,0.1918,NA,14,59,NA,NA,NA,IGR,FALSE,FALSE,FALSE,FALSE,4,2,2,2_2,d4907a1b-8b06-47c5-8bca-c781d9cddaf8,NA
2,20043167,20043167,1,snv_mnv,NA,NA,"broad,dkfz,muse,sanger",4,COSN6932101,NA,MLT1K,FALSE,0.1341,NA,11,71,NA,NA,NA,IGR,FALSE,FALSE,FALSE,FALSE,4,2,2,2_2,d4907a1b-8b06-47c5-8bca-c781d9cddaf8,NA
2,20712180,20712180,1,snv_mnv,NA,NA,"broad,dkfz,muse,sanger",4,COSN6933955,NA,NA,FALSE,0.339,NA,20,39,NA,NA,NA,IGR,FALSE,FALSE,FALSE,FALSE,4,2,2,2_2,d4907a1b-8b06-47c5-8bca-c781d9cddaf8,NA
2,21552363,21552363,1,snv_mnv,NA,NA,"broad,dkfz,muse,sanger",4,COSN6937796,NA,L1ME4a,FALSE,0.3226,NA,30,63,NA,NA,NA,IGR,FALSE,FALSE,FALSE,FALSE,4,2,2,2_2,d4907a1b-8b06-47c5-8bca-c781d9cddaf8,NA
2,21897608,21897608,1,snv_mnv,NA,NA,"broad,dkfz,muse,sanger",4,COSN6939196,NA,NA,FALSE,0.15,NA,15,85,NA,NA,NA,IGR,FALSE,FALSE,FALSE,FALSE,4,2,2,2_2,d4907a1b-8b06-47c5-8bca-c781d9cddaf8,NA
2,21908266,21908266,1,snv_mnv,NA,NA,"broad,dkfz,muse,sanger",4,COSN6939219,NA,ERVL-E-int,FALSE,0.1667,NA,15,75,NA,NA,NA,lincRNA,FALSE,FALSE,FALSE,FALSE,4,2,2,2_2,d4907a1b-8b06-47c5-8bca-c781d9cddaf8,LINC01822
2,22322900,22322900,1,snv_mnv,NA,NA,"broad,dkfz,muse",3,COSN6941038,NA,MLT2A2,FALSE,0.1857,NA,13,57,NA,NA,NA,lincRNA,FALSE,FALSE,FALSE,FALSE,4,2,2,2_2,d4907a1b-8b06-47c5-8bca-c781d9cddaf8,NA
2,22698353,22698353,1,snv_mnv,NA,NA,"broad,dkfz,muse,sanger",4,COSN7237356,NA,THE1B-int,FALSE,0.4557,NA,36,43,NA,NA,NA,lincRNA,FALSE,FALSE,FALSE,FALSE,4,2,2,2_2,d4907a1b-8b06-47c5-8bca-c781d9cddaf8,NA
2,22803455,22803455,1,snv_mnv,NA,NA,"broad,dkfz,muse,sanger",4,COSN7237696,NA,NA,FALSE,0.1613,NA,15,78,NA,NA,NA,IGR,FALSE,FALSE,FALSE,FALSE,4,2,2,2_2,d4907a1b-8b06-47c5-8bca-c781d9cddaf8,NA
2,25228687,25228687,1,snv_mnv,NA,NA,"broad,dkfz,muse,sanger",4,COSN7242977,NA,AluY,FALSE,0.2561,NA,21,61,NA,NA,NA,RNA,FALSE,FALSE,FALSE,FALSE,4,2,2,2_2,d4907a1b-8b06-47c5-8bca-c781d9cddaf8,RF00019
2,27576359,27576359,1,snv_mnv,NA,NA,"broad,dkfz,muse,sanger",4,COSN7243694,NA,AluSx,FALSE,0.141,NA,11,67,NA,NA,NA,Intron,FALSE,FALSE,FALSE,FALSE,4,2,2,2_2,d4907a1b-8b06-47c5-8bca-c781d9cddaf8,AC074117.1
2,29369524,29369524,1,snv_mnv,NA,NA,"broad,dkfz,muse,sanger",4,COSN7244148,NA,NA,FALSE,0.369,NA,31,53,NA,NA,NA,Intron,FALSE,FALSE,FALSE,FALSE,4,2,2,2_2,d4907a1b-8b06-47c5-8bca-c781d9cddaf8,NA
2,29529725,29529725,1,snv_mnv,NA,NA,"broad,dkfz,muse,sanger",4,COSN7244183,NA,NA,FALSE,0.1122,NA,11,87,NA,NA,NA,Intron,FALSE,FALSE,FALSE,FALSE,4,2,2,2_2,d4907a1b-8b06-47c5-8bca-c781d9cddaf8,NA
2,30564603,30564603,1,snv_mnv,NA,NA,"broad,dkfz,muse,sanger",4,COSN7244503,NA,L2b,FALSE,0.1304,NA,9,60,NA,NA,NA,IGR,FALSE,FALSE,FALSE,FALSE,4,2,2,2_2,d4907a1b-8b06-47c5-8bca-c781d9cddaf8,LINC01936
2,31239219,31239219,1,snv_mnv,NA,NA,"broad,dkfz,muse,sanger",4,COSN7244706,NA,MLT1B,FALSE,0.2913,NA,30,73,NA,NA,NA,Intron,FALSE,FALSE,FALSE,FALSE,4,2,2,2_2,d4907a1b-8b06-47c5-8bca-c781d9cddaf8,NA
2,31269385,31269385,1,snv_mnv,NA,NA,"broad,dkfz,muse,sanger",4,COSN7244720,NA,AluSc8,FALSE,0.2754,NA,19,50,NA,NA,NA,Intron,FALSE,FALSE,FALSE,FALSE,4,2,2,2_2,d4907a1b-8b06-47c5-8bca-c781d9cddaf8,NA
2,31959742,31959742,1,snv_mnv,NA,NA,"broad,dkfz,muse,sanger",4,COSN7244940,NA,NA,FALSE,0.3077,NA,24,54,NA,NA,NA,IGR,FALSE,FALSE,TRUE,FALSE,4,2,2,2_2,d4907a1b-8b06-47c5-8bca-c781d9cddaf8,NA
2,32262926,32262926,1,snv_mnv,NA,NA,"broad,dkfz,muse,sanger",4,COSN7245028,NA,NA,FALSE,0.2817,NA,20,51,NA,NA,NA,Intron,FALSE,FALSE,FALSE,FALSE,4,2,2,2_2,d4907a1b-8b06-47c5-8bca-c781d9cddaf8,NA
2,33059656,33059656,1,snv_mnv,NA,NA,"broad,dkfz,muse,sanger",4,COSN7245205,NA,NA,FALSE,0.1111,NA,9,72,NA,NA,NA,lincRNA,FALSE,FALSE,FALSE,FALSE,4,2,2,2_2,d4907a1b-8b06-47c5-8bca-c781d9cddaf8,NA
2,33538934,33538934,1,snv_mnv,NA,NA,"broad,dkfz,muse,sanger",4,COSN7245335,NA,L2c,FALSE,0.1447,NA,11,65,NA,NA,NA,Intron,FALSE,FALSE,FALSE,FALSE,4,2,2,2_2,d4907a1b-8b06-47c5-8bca-c781d9cddaf8,LTBP1
2,33565461,33565461,1,snv_mnv,NA,NA,"broad,dkfz,muse,sanger",4,COSN7245347,NA,NA,FALSE,0.3167,NA,19,41,NA,NA,NA,Intron,FALSE,FALSE,FALSE,FALSE,4,2,2,2_2,d4907a1b-8b06-47c5-8bca-c781d9cddaf8,NA
2,34045154,34045154,1,snv_mnv,NA,NA,"broad,muse,sanger",3,COSN7245532,NA,AluSc,FALSE,0.1692,NA,11,54,NA,NA,NA,lincRNA,FALSE,FALSE,FALSE,FALSE,4,2,2,2_2,d4907a1b-8b06-47c5-8bca-c781d9cddaf8,NA
2,35092224,35092224,1,snv_mnv,NA,NA,"broad,dkfz,muse,sanger",4,COSN7246104,NA,L2a,FALSE,0.2396,NA,23,73,NA,NA,NA,lincRNA,FALSE,FALSE,FALSE,FALSE,4,2,2,2_2,d4907a1b-8b06-47c5-8bca-c781d9cddaf8,AC012593.1
2,35095015,35095015,1,snv_mnv,NA,NA,"broad,dkfz,muse,sanger",4,COSN7246106,NA,NA,FALSE,0.1379,NA,12,75,NA,NA,NA,lincRNA,FALSE,FALSE,FALSE,FALSE,4,2,2,2_2,d4907a1b-8b06-47c5-8bca-c781d9cddaf8,NA
2,35147580,35147580,1,snv_mnv,NA,NA,"broad,dkfz,muse,sanger",4,COSN7246138,NA,NA,FALSE,0.2125,NA,17,63,NA,NA,NA,lincRNA,FALSE,FALSE,FALSE,FALSE,4,2,2,2_2,d4907a1b-8b06-47c5-8bca-c781d9cddaf8,AC012593.1
2,35190078,35190078,1,snv_mnv,NA,NA,"broad,dkfz,muse,sanger",4,COSN7246154,NA,ERV3-16A3_I-int,FALSE,0.1442,NA,15,89,NA,NA,NA,lincRNA,FALSE,FALSE,FALSE,FALSE,4,2,2,2_2,d4907a1b-8b06-47c5-8bca-c781d9cddaf8,NA
2,35343474,35343474,1,snv_mnv,NA,NA,"broad,dkfz,muse,sanger",4,COSN7246221,NA,L1M1,FALSE,0.2821,NA,22,56,NA,NA,NA,lincRNA,FALSE,FALSE,FALSE,FALSE,4,2,2,2_2,d4907a1b-8b06-47c5-8bca-c781d9cddaf8,NA
2,35454965,35454965,1,snv_mnv,NA,NA,"broad,dkfz,muse,sanger",4,COSN7246280,NA,NA,FALSE,0.1979,NA,19,77,NA,NA,NA,IGR,FALSE,FALSE,FALSE,FALSE,4,2,2,2_2,d4907a1b-8b06-47c5-8bca-c781d9cddaf8,NA
2,36024040,36024040,1,snv_mnv,NA,NA,"broad,dkfz,muse,sanger",4,COSN7127352,NA,NA,FALSE,0.1765,NA,15,70,NA,NA,NA,IGR,FALSE,FALSE,FALSE,FALSE,4,2,2,2_2,d4907a1b-8b06-47c5-8bca-c781d9cddaf8,NA
2,36088522,36088522,1,snv_mnv,NA,NA,"broad,dkfz,muse",3,COSN7127389,NA,NA,FALSE,0.1477,NA,13,75,NA,NA,NA,IGR,FALSE,FALSE,TRUE,FALSE,4,2,2,2_2,d4907a1b-8b06-47c5-8bca-c781d9cddaf8,NA
2,36416741,36416741,1,snv_mnv,NA,NA,"broad,dkfz,muse,sanger",4,COSN7127565,NA,L1MB7,FALSE,0.1237,NA,12,85,NA,NA,NA,IGR,FALSE,FALSE,FALSE,FALSE,4,2,2,2_2,d4907a1b-8b06-47c5-8bca-c781d9cddaf8,NA
2,36547465,36547465,1,snv_mnv,NA,NA,"broad,dkfz,muse,sanger",4,COSN7127616,NA,NA,FALSE,0.1605,NA,13,68,NA,NA,NA,IGR,FALSE,FALSE,FALSE,FALSE,4,2,2,2_2,d4907a1b-8b06-47c5-8bca-c781d9cddaf8,NA
2,37412681,37412681,1,snv_mnv,NA,NA,"broad,dkfz,muse,sanger",4,COSN7127821,NA,AluSz,FALSE,0.1585,NA,13,69,NA,NA,NA,Intron,FALSE,FALSE,FALSE,FALSE,4,2,2,2_2,d4907a1b-8b06-47c5-8bca-c781d9cddaf8,SULT6B1
2,38822747,38822747,1,snv_mnv,NA,NA,"broad,dkfz,muse,sanger",4,COSN7128245,NA,AluSx1,FALSE,0.1974,NA,15,61,NA,NA,NA,Intron,FALSE,FALSE,FALSE,FALSE,4,2,2,2_2,d4907a1b-8b06-47c5-8bca-c781d9cddaf8,HNRNPLL
2,39857018,39857018,1,snv_mnv,NA,NA,"broad,dkfz,muse,sanger",4,COSN7128484,NA,NA,FALSE,0.1935,NA,18,75,NA,NA,NA,RNA,FALSE,FALSE,FALSE,FALSE,4,2,2,2_2,d4907a1b-8b06-47c5-8bca-c781d9cddaf8,NA
2,41264101,41264101,1,snv_mnv,NA,NA,"broad,dkfz,muse,sanger",4,COSN7129093,NA,NA,FALSE,0.1176,NA,10,75,NA,NA,NA,IGR,FALSE,FALSE,FALSE,FALSE,4,2,2,2_2,d4907a1b-8b06-47c5-8bca-c781d9cddaf8,NA
2,47243425,47243425,1,snv_mnv,NA,NA,"broad,dkfz,muse,sanger",4,COSN7130902,NA,NA,FALSE,0.1562,NA,15,81,NA,NA,NA,Intron,FALSE,FALSE,FALSE,FALSE,4,2,2,2_2,d4907a1b-8b06-47c5-8bca-c781d9cddaf8,NA
2,47967985,47967985,1,snv_mnv,NA,NA,"broad,dkfz,muse,sanger",4,COSN7131101,rs368896956,AluSq2,FALSE,0.2812,NA,18,46,NA,NA,NA,IGR,FALSE,FALSE,FALSE,FALSE,4,2,2,2_2,d4907a1b-8b06-47c5-8bca-c781d9cddaf8,NA
2,47991022,47991022,1,snv_mnv,NA,NA,"broad,dkfz,muse,sanger",4,COSN7131111,NA,AluSx3,FALSE,0.1467,NA,11,64,NA,NA,NA,IGR,FALSE,FALSE,FALSE,FALSE,4,2,2,2_2,d4907a1b-8b06-47c5-8bca-c781d9cddaf8,NA
2,48089517,48089517,1,snv_mnv,NA,NA,"broad,dkfz,muse,sanger",4,COSN7131136,NA,NA,FALSE,0.1505,NA,14,79,NA,NA,NA,Intron,FALSE,FALSE,FALSE,FALSE,4,2,2,2_2,d4907a1b-8b06-47c5-8bca-c781d9cddaf8,NA
2,48161669,48161669,1,snv_mnv,NA,NA,"broad,dkfz,muse,sanger",4,COSN7131160,NA,NA,FALSE,0.284,NA,23,58,NA,NA,NA,IGR,FALSE,FALSE,FALSE,FALSE,4,2,2,2_2,d4907a1b-8b06-47c5-8bca-c781d9cddaf8,NA
2,49189736,49189736,1,snv_mnv,NA,NA,"broad,dkfz,muse,sanger",4,COSN7131646,NA,MIRc,FALSE,0.1957,NA,18,74,NA,NA,NA,3'UTR,FALSE,FALSE,FALSE,FALSE,4,2,2,2_2,d4907a1b-8b06-47c5-8bca-c781d9cddaf8,FSHR
2,49390924,49390924,1,snv_mnv,NA,NA,"broad,dkfz,muse,sanger",4,COSN7131799,NA,NA,FALSE,0.2105,NA,16,60,NA,NA,NA,IGR,FALSE,FALSE,TRUE,FALSE,4,2,2,2_2,d4907a1b-8b06-47c5-8bca-c781d9cddaf8,NA
2,49478356,49478356,1,snv_mnv,NA,NA,"broad,dkfz,muse,sanger",4,COSN7131897,NA,NA,FALSE,0.25,NA,25,75,NA,NA,NA,IGR,FALSE,FALSE,FALSE,FALSE,4,2,2,2_2,d4907a1b-8b06-47c5-8bca-c781d9cddaf8,NA
2,49503708,49503708,1,snv_mnv,NA,NA,"broad,dkfz,muse,sanger",4,COSN7131919,NA,L2,FALSE,0.1591,NA,14,74,NA,NA,NA,IGR,FALSE,FALSE,FALSE,FALSE,4,2,2,2_2,d4907a1b-8b06-47c5-8bca-c781d9cddaf8,NA
2,49878814,49878814,1,snv_mnv,NA,NA,"broad,dkfz,muse,sanger",4,COSN7132324,NA,NA,FALSE,0.2136,NA,22,81,NA,NA,NA,IGR,FALSE,FALSE,FALSE,FALSE,4,2,2,2_2,d4907a1b-8b06-47c5-8bca-c781d9cddaf8,NA
2,50234509,50234509,1,snv_mnv,NA,NA,"broad,dkfz,muse,sanger",4,COSN7132611,NA,NA,FALSE,0.1268,NA,9,62,NA,NA,NA,Intron,FALSE,FALSE,FALSE,FALSE,4,2,2,2_2,d4907a1b-8b06-47c5-8bca-c781d9cddaf8,NA
2,50316790,50316790,1,snv_mnv,NA,NA,"broad,dkfz,muse,sanger",4,COSN7132676,NA,AluJr4,FALSE,0.2,NA,14,56,NA,NA,NA,Intron,FALSE,FALSE,TRUE,FALSE,4,2,2,2_2,d4907a1b-8b06-47c5-8bca-c781d9cddaf8,NA
2,50460204,50460204,1,snv_mnv,NA,NA,"broad,dkfz,muse,sanger",4,COSN7132795,NA,NA,FALSE,0.3011,NA,28,65,NA,NA,NA,Intron,FALSE,FALSE,TRUE,FALSE,4,2,2,2_2,d4907a1b-8b06-47c5-8bca-c781d9cddaf8,NRXN1
2,50505801,50505801,1,snv_mnv,NA,NA,"broad,dkfz,muse,sanger",4,COSN7132830,NA,NA,FALSE,0.1646,NA,13,66,NA,NA,NA,Intron,FALSE,FALSE,FALSE,FALSE,4,2,2,2_2,d4907a1b-8b06-47c5-8bca-c781d9cddaf8,NA
2,50574733,50574733,1,snv_mnv,NA,NA,"broad,dkfz,muse,sanger",4,COSN7132909,NA,NA,FALSE,0.3016,NA,19,44,NA,NA,NA,Intron,FALSE,FALSE,FALSE,FALSE,4,2,2,2_2,d4907a1b-8b06-47c5-8bca-c781d9cddaf8,NRXN1
2,51071895,51071895,1,snv_mnv,NA,NA,"broad,dkfz,muse,sanger",4,COSN7133250,NA,NA,FALSE,0.2414,NA,21,66,NA,NA,NA,Intron,FALSE,FALSE,FALSE,FALSE,4,2,2,2_2,d4907a1b-8b06-47c5-8bca-c781d9cddaf8,NA
2,51619123,51619123,1,snv_mnv,NA,NA,"broad,dkfz,muse,sanger",4,COSN7133762,NA,L1PA7,FALSE,0.2308,NA,18,60,NA,NA,NA,lincRNA,FALSE,FALSE,FALSE,FALSE,4,2,2,2_2,d4907a1b-8b06-47c5-8bca-c781d9cddaf8,NA
2,51821464,51821464,1,snv_mnv,NA,NA,"broad,dkfz,muse,sanger",4,COSN7133945,NA,NA,FALSE,0.2637,NA,24,67,NA,NA,NA,lincRNA,FALSE,FALSE,FALSE,FALSE,4,2,2,2_2,d4907a1b-8b06-47c5-8bca-c781d9cddaf8,NA
2,51850635,51850635,1,snv_mnv,NA,NA,"broad,dkfz,muse,sanger",4,COSN7133973,NA,MLT2D,FALSE,0.3368,NA,32,63,NA,NA,NA,lincRNA,FALSE,FALSE,FALSE,FALSE,4,2,2,2_2,d4907a1b-8b06-47c5-8bca-c781d9cddaf8,NA
2,51968760,51968760,1,snv_mnv,NA,NA,"broad,dkfz,muse,sanger",4,COSN7134083,NA,NA,FALSE,0.2857,NA,26,65,NA,NA,NA,lincRNA,FALSE,FALSE,FALSE,FALSE,4,2,2,2_2,d4907a1b-8b06-47c5-8bca-c781d9cddaf8,NA
2,52859174,52859174,1,snv_mnv,NA,NA,"broad,muse,sanger",3,COSN7134764,NA,AluY,FALSE,0.1294,NA,11,74,NA,NA,NA,IGR,FALSE,FALSE,FALSE,FALSE,4,2,2,2_2,d4907a1b-8b06-47c5-8bca-c781d9cddaf8,FTH1P6
2,53295755,53295755,1,snv_mnv,NA,NA,"broad,dkfz,muse,sanger",4,COSN7134971,NA,NA,FALSE,0.2022,NA,18,71,NA,NA,NA,IGR,FALSE,FALSE,FALSE,FALSE,4,2,2,2_2,d4907a1b-8b06-47c5-8bca-c781d9cddaf8,NA
2,53743605,53743605,1,snv_mnv,NA,NA,"broad,dkfz,muse,sanger",4,COSN7135179,NA,NA,FALSE,0.1705,NA,15,73,NA,NA,NA,IGR,FALSE,FALSE,FALSE,FALSE,4,2,2,2_2,d4907a1b-8b06-47c5-8bca-c781d9cddaf8,NA
2,54810267,54810267,1,snv_mnv,NA,NA,"broad,dkfz,muse,sanger",4,COSN7135523,NA,NA,FALSE,0.1364,NA,9,57,NA,NA,NA,Intron,FALSE,FALSE,FALSE,FALSE,4,2,2,2_2,d4907a1b-8b06-47c5-8bca-c781d9cddaf8,NA
2,55685021,55685021,1,snv_mnv,NA,NA,"broad,dkfz,muse,sanger",4,COSN7135789,NA,NA,FALSE,0.1471,NA,10,58,NA,NA,NA,RNA,FALSE,FALSE,FALSE,FALSE,4,2,2,2_2,d4907a1b-8b06-47c5-8bca-c781d9cddaf8,RNU6-221P
2,56467657,56467657,1,snv_mnv,NA,NA,"broad,dkfz,muse,sanger",4,COSN7136096,NA,MER51A,FALSE,0.1515,NA,15,84,NA,NA,NA,Intron,FALSE,FALSE,FALSE,FALSE,4,2,2,2_2,d4907a1b-8b06-47c5-8bca-c781d9cddaf8,NA
2,56743608,56743608,1,snv_mnv,NA,NA,"broad,dkfz,muse,sanger",4,COSN7136273,NA,NA,FALSE,0.1795,NA,14,64,NA,NA,NA,IGR,FALSE,FALSE,FALSE,FALSE,4,2,2,2_2,d4907a1b-8b06-47c5-8bca-c781d9cddaf8,NA
2,57000348,57000348,1,snv_mnv,NA,NA,"broad,dkfz,muse,sanger",4,COSN7136464,NA,L1PA13,FALSE,0.3511,NA,33,61,NA,NA,NA,IGR,FALSE,FALSE,FALSE,FALSE,4,2,2,2_2,d4907a1b-8b06-47c5-8bca-c781d9cddaf8,NA
2,57122727,57122727,1,snv_mnv,NA,NA,"broad,dkfz,muse,sanger",4,COSN7136552,NA,NA,FALSE,0.2857,NA,24,60,NA,NA,NA,IGR,FALSE,FALSE,TRUE,FALSE,4,2,2,2_2,d4907a1b-8b06-47c5-8bca-c781d9cddaf8,NA
2,58618340,58618340,1,snv_mnv,NA,NA,"broad,dkfz,muse,sanger",4,COSN7077688,NA,NA,FALSE,0.2407,NA,26,82,NA,NA,NA,IGR,FALSE,FALSE,FALSE,FALSE,4,2,2,2_2,d4907a1b-8b06-47c5-8bca-c781d9cddaf8,NA
2,59066193,59066193,1,snv_mnv,NA,NA,"broad,dkfz,muse,sanger",4,COSN7077922,NA,MIR3,FALSE,0.283,NA,30,76,NA,NA,NA,lincRNA,FALSE,FALSE,FALSE,FALSE,4,2,2,2_2,d4907a1b-8b06-47c5-8bca-c781d9cddaf8,NA
2,59289757,59289757,1,snv_mnv,NA,NA,"broad,dkfz,muse,sanger",4,COSN7078068,NA,NA,FALSE,0.2604,NA,25,71,NA,NA,NA,lincRNA,FALSE,FALSE,FALSE,FALSE,4,2,2,2_2,d4907a1b-8b06-47c5-8bca-c781d9cddaf8,LINC01122
2,59694099,59694099,1,snv_mnv,NA,NA,"broad,dkfz,muse,sanger",4,COSN7078376,NA,Tigger1,FALSE,0.1772,NA,14,65,NA,NA,NA,lincRNA,FALSE,FALSE,FALSE,FALSE,4,2,2,2_2,d4907a1b-8b06-47c5-8bca-c781d9cddaf8,NA
2,60696266,60696266,1,snv_mnv,NA,NA,"broad,dkfz,muse,sanger",4,COSN7078849,NA,NA,FALSE,0.3176,NA,27,58,NA,NA,NA,Intron,FALSE,FALSE,FALSE,FALSE,4,2,2,2_2,d4907a1b-8b06-47c5-8bca-c781d9cddaf8,NA
2,60786360,60786360,1,snv_mnv,NA,NA,"broad,dkfz,muse,sanger",4,COSN7078887,NA,NA,FALSE,0.1957,NA,18,74,NA,NA,NA,IGR,FALSE,FALSE,FALSE,FALSE,4,2,2,2_2,d4907a1b-8b06-47c5-8bca-c781d9cddaf8,BCL11A
2,60967880,60967880,1,snv_mnv,NA,NA,"broad,dkfz,muse,sanger",4,COSN7078957,NA,NA,FALSE,0.3205,NA,25,53,NA,NA,NA,IGR,FALSE,FALSE,FALSE,FALSE,4,2,2,2_2,d4907a1b-8b06-47c5-8bca-c781d9cddaf8,NA
2,61751416,61751416,1,snv_mnv,NA,NA,"broad,dkfz,muse,sanger",4,COSN7079183,NA,NA,FALSE,0.3,NA,24,56,NA,NA,NA,Intron,FALSE,FALSE,FALSE,FALSE,4,2,2,2_2,d4907a1b-8b06-47c5-8bca-c781d9cddaf8,XPO1
2,63012213,63012213,1,snv_mnv,NA,NA,"broad,dkfz,muse,sanger",4,COSN7079487,NA,MER112,FALSE,0.2043,NA,19,74,NA,NA,NA,Intron,FALSE,FALSE,FALSE,FALSE,4,2,2,2_2,d4907a1b-8b06-47c5-8bca-c781d9cddaf8,NA
2,63460236,63460236,1,snv_mnv,NA,NA,"broad,dkfz,muse,sanger",4,COSN7079617,NA,NA,FALSE,0.3696,NA,34,58,NA,NA,NA,Intron,FALSE,FALSE,FALSE,FALSE,4,2,2,2_2,d4907a1b-8b06-47c5-8bca-c781d9cddaf8,NA
2,66050390,66050390,1,snv_mnv,1.9968e-4,rs528797662,"dkfz,muse,sanger",3,COSN7080354,rs528797662,NA,FALSE,0.1111,NA,10,80,NA,NA,NA,IGR,FALSE,FALSE,FALSE,FALSE,4,2,2,2_2,d4907a1b-8b06-47c5-8bca-c781d9cddaf8,NA
2,66894038,66894038,1,snv_mnv,NA,NA,"broad,dkfz,muse,sanger",4,COSN7080642,NA,NA,FALSE,0.2872,NA,27,67,NA,NA,NA,lincRNA,FALSE,FALSE,FALSE,FALSE,4,2,2,2_2,d4907a1b-8b06-47c5-8bca-c781d9cddaf8,NA
2,67567755,67567755,1,snv_mnv,NA,NA,"broad,dkfz,muse,sanger",4,COSN7080865,NA,NA,FALSE,0.3671,NA,29,50,NA,NA,NA,IGR,FALSE,FALSE,FALSE,FALSE,4,2,2,2_2,d4907a1b-8b06-47c5-8bca-c781d9cddaf8,NA
2,68190915,68190915,1,snv_mnv,NA,NA,"broad,dkfz,muse,sanger",4,COSN7081054,NA,NA,FALSE,0.2019,NA,21,83,NA,NA,NA,IGR,FALSE,FALSE,FALSE,FALSE,4,2,2,2_2,d4907a1b-8b06-47c5-8bca-c781d9cddaf8,NA
2,68561938,68561938,1,snv_mnv,NA,NA,"broad,dkfz,muse,sanger",4,COSN7081193,NA,AluSx,FALSE,0.1522,NA,14,78,NA,NA,NA,IGR,FALSE,FALSE,FALSE,FALSE,4,2,2,2_2,d4907a1b-8b06-47c5-8bca-c781d9cddaf8,NA
2,68748553,68748553,1,snv_mnv,NA,NA,"broad,dkfz,muse,sanger",4,COSN7081261,NA,NA,FALSE,0.1474,NA,14,81,NA,NA,NA,Intron,FALSE,FALSE,FALSE,FALSE,4,2,2,2_2,d4907a1b-8b06-47c5-8bca-c781d9cddaf8,NA
2,70353280,70353280,1,snv_mnv,NA,NA,"broad,dkfz,muse,sanger",4,COSN7081699,NA,L1MB3,FALSE,0.2836,NA,19,48,NA,NA,NA,lincRNA,FALSE,FALSE,FALSE,FALSE,4,2,2,2_2,d4907a1b-8b06-47c5-8bca-c781d9cddaf8,LINC01816
2,72668174,72668174,1,snv_mnv,NA,NA,"broad,dkfz,muse,sanger",4,COSN7082433,NA,L1PA13,FALSE,0.1667,NA,14,70,NA,NA,NA,Intron,FALSE,FALSE,FALSE,FALSE,4,2,2,2_2,d4907a1b-8b06-47c5-8bca-c781d9cddaf8,NA
2,73276160,73276160,1,snv_mnv,NA,NA,"broad,dkfz,muse,sanger",4,COSN7082599,NA,NA,FALSE,0.12,NA,12,88,NA,NA,NA,Intron,FALSE,FALSE,FALSE,FALSE,4,2,2,2_2,d4907a1b-8b06-47c5-8bca-c781d9cddaf8,SFXN5
2,75221763,75221763,1,snv_mnv,NA,NA,"broad,dkfz,muse,sanger",4,COSN7083143,NA,NA,FALSE,0.1447,NA,11,65,NA,NA,NA,IGR,FALSE,FALSE,FALSE,FALSE,4,2,2,2_2,d4907a1b-8b06-47c5-8bca-c781d9cddaf8,NA
2,75333644,75333644,1,snv_mnv,NA,NA,"broad,dkfz,muse,sanger",4,COSN7083170,NA,Charlie1b,FALSE,0.1613,NA,15,78,NA,NA,NA,Intron,FALSE,FALSE,FALSE,FALSE,4,2,2,2_2,d4907a1b-8b06-47c5-8bca-c781d9cddaf8,NA
2,76232493,76232493,1,snv_mnv,NA,NA,"broad,dkfz,muse,sanger",4,COSN7083621,NA,NA,FALSE,0.2268,NA,22,75,NA,NA,NA,IGR,FALSE,FALSE,FALSE,FALSE,4,2,2,2_2,d4907a1b-8b06-47c5-8bca-c781d9cddaf8,NA
2,76471630,76471630,1,snv_mnv,NA,NA,"broad,dkfz,muse,sanger",4,COSN7083818,NA,L1MA5,FALSE,0.2738,NA,23,61,NA,NA,NA,IGR,FALSE,FALSE,FALSE,FALSE,4,2,2,2_2,d4907a1b-8b06-47c5-8bca-c781d9cddaf8,NA
2,76475167,76475167,1,snv_mnv,NA,NA,"broad,dkfz,muse,sanger",4,COSN7083822,NA,AluSx,FALSE,0.1299,NA,10,67,NA,NA,NA,IGR,FALSE,FALSE,FALSE,FALSE,4,2,2,2_2,d4907a1b-8b06-47c5-8bca-c781d9cddaf8,NA
2,77069930,77069930,1,snv_mnv,NA,NA,"broad,dkfz,muse,sanger",4,COSN7084323,NA,L1PA8,FALSE,0.1373,NA,14,88,NA,NA,NA,Intron,FALSE,FALSE,FALSE,FALSE,4,2,2,2_2,d4907a1b-8b06-47c5-8bca-c781d9cddaf8,NA
2,77830745,77830745,1,snv_mnv,NA,NA,"broad,dkfz,muse,sanger",4,COSN7084956,NA,NA,FALSE,0.2289,NA,19,64,NA,NA,NA,IGR,FALSE,FALSE,FALSE,FALSE,4,2,2,2_2,d4907a1b-8b06-47c5-8bca-c781d9cddaf8,NA
2,77831413,77831413,1,snv_mnv,NA,NA,"broad,dkfz,muse,sanger",4,COSN7084957,NA,AluSx1,FALSE,0.2353,NA,20,65,NA,NA,NA,IGR,FALSE,FALSE,FALSE,FALSE,4,2,2,2_2,d4907a1b-8b06-47c5-8bca-c781d9cddaf8,NA
2,77858024,77858024,1,snv_mnv,NA,NA,"broad,dkfz,muse,sanger",4,COSN7084984,NA,L1MB7,FALSE,0.1782,NA,18,83,NA,NA,NA,IGR,FALSE,FALSE,TRUE,FALSE,4,2,2,2_2,d4907a1b-8b06-47c5-8bca-c781d9cddaf8,NA
2,77929299,77929299,1,snv_mnv,NA,NA,"broad,dkfz,muse,sanger",4,COSN7085057,NA,NA,FALSE,0.1444,NA,13,77,NA,NA,NA,IGR,FALSE,FALSE,FALSE,FALSE,4,2,2,2_2,d4907a1b-8b06-47c5-8bca-c781d9cddaf8,NA
2,77999239,77999239,1,snv_mnv,NA,NA,"broad,dkfz,muse,sanger",4,COSN7085127,NA,THE1B,FALSE,0.2614,NA,23,65,NA,NA,NA,IGR,FALSE,FALSE,FALSE,FALSE,4,2,2,2_2,d4907a1b-8b06-47c5-8bca-c781d9cddaf8,NA
2,78311802,78311802,1,snv_mnv,NA,NA,"broad,dkfz,muse,sanger",4,COSN7085445,NA,NA,FALSE,0.2824,NA,24,61,NA,NA,NA,IGR,FALSE,FALSE,FALSE,FALSE,4,2,2,2_2,d4907a1b-8b06-47c5-8bca-c781d9cddaf8,AC012494.1
2,78557116,78557116,1,snv_mnv,NA,NA,"broad,dkfz,muse,sanger",4,COSN7085667,NA,NA,FALSE,0.1196,NA,11,81,NA,NA,NA,IGR,FALSE,FALSE,FALSE,FALSE,4,2,2,2_2,d4907a1b-8b06-47c5-8bca-c781d9cddaf8,NA
2,78917129,78917129,1,snv_mnv,NA,NA,"broad,dkfz,muse,sanger",4,COSN7086023,NA,L1P3,FALSE,0.2135,NA,19,70,NA,NA,NA,IGR,FALSE,FALSE,FALSE,FALSE,4,2,2,2_2,d4907a1b-8b06-47c5-8bca-c781d9cddaf8,NA
2,78974664,78974664,1,snv_mnv,NA,NA,"broad,dkfz,muse,sanger",4,COSN7086095,NA,L1MD,FALSE,0.1705,NA,15,73,NA,NA,NA,IGR,FALSE,FALSE,FALSE,FALSE,4,2,2,2_2,d4907a1b-8b06-47c5-8bca-c781d9cddaf8,NA
2,79164132,79164132,1,snv_mnv,NA,NA,"broad,dkfz,muse,sanger",4,COSN7086260,NA,NA,FALSE,0.2455,NA,27,83,NA,NA,NA,IGR,FALSE,FALSE,FALSE,FALSE,4,2,2,2_2,d4907a1b-8b06-47c5-8bca-c781d9cddaf8,NA
2,79188062,79188062,1,snv_mnv,NA,NA,"broad,dkfz,muse,sanger",4,COSN7086277,NA,MLT1F,FALSE,0.2,NA,14,56,NA,NA,NA,IGR,FALSE,FALSE,TRUE,FALSE,4,2,2,2_2,d4907a1b-8b06-47c5-8bca-c781d9cddaf8,NA
2,79200910,79200910,1,snv_mnv,NA,NA,"broad,dkfz,muse,sanger",4,COSN7086284,NA,L1ME1,FALSE,0.2347,NA,23,75,NA,NA,NA,IGR,FALSE,FALSE,FALSE,FALSE,4,2,2,2_2,d4907a1b-8b06-47c5-8bca-c781d9cddaf8,NA
2,79587948,79587948,1,snv_mnv,NA,NA,"broad,dkfz,muse,sanger",4,COSN7086586,NA,NA,FALSE,0.1596,NA,15,79,NA,NA,NA,Intron,FALSE,FALSE,FALSE,FALSE,4,2,2,2_2,d4907a1b-8b06-47c5-8bca-c781d9cddaf8,NA
2,79796758,79796758,1,snv_mnv,NA,NA,"broad,dkfz,muse,sanger",4,COSN7086779,NA,NA,FALSE,0.2083,NA,15,57,NA,NA,NA,Intron,FALSE,FALSE,FALSE,FALSE,4,2,2,2_2,d4907a1b-8b06-47c5-8bca-c781d9cddaf8,AC010975.2
2,79908955,79908955,1,snv_mnv,0.0061901,rs115919914,"broad,dkfz,muse,sanger",4,COSN7086888,rs115919914,NA,FALSE,0.1358,NA,11,70,NA,NA,NA,Intron,FALSE,FALSE,FALSE,FALSE,4,2,2,2_2,d4907a1b-8b06-47c5-8bca-c781d9cddaf8,NA
2,79947613,79947613,1,snv_mnv,NA,NA,"broad,dkfz,muse,sanger",4,COSN7086924,NA,L1PA16,FALSE,0.2883,NA,32,79,NA,NA,NA,Intron,FALSE,FALSE,FALSE,FALSE,4,2,2,2_2,d4907a1b-8b06-47c5-8bca-c781d9cddaf8,NA
2,80224697,80224697,1,snv_mnv,NA,NA,"broad,dkfz,muse,sanger",4,COSN7087179,NA,NA,FALSE,0.1512,NA,13,73,NA,NA,NA,Intron,FALSE,FALSE,TRUE,FALSE,4,2,2,2_2,d4907a1b-8b06-47c5-8bca-c781d9cddaf8,NA
2,80281925,80281925,1,snv_mnv,NA,NA,"broad,dkfz,muse,sanger",4,COSN7087228,NA,NA,FALSE,0.2597,NA,20,57,NA,NA,NA,Intron,FALSE,FALSE,FALSE,FALSE,4,2,2,2_2,d4907a1b-8b06-47c5-8bca-c781d9cddaf8,NA
2,80452207,80452207,1,snv_mnv,NA,NA,"broad,dkfz,muse,sanger",4,COSN7087379,NA,L3,FALSE,0.2353,NA,16,52,NA,NA,NA,Intron,FALSE,FALSE,TRUE,FALSE,4,2,2,2_2,d4907a1b-8b06-47c5-8bca-c781d9cddaf8,NA
2,80638818,80638818,1,snv_mnv,NA,NA,"broad,dkfz,muse,sanger",4,COSN14515372,NA,MIR,FALSE,0.3375,NA,27,53,NA,NA,NA,Intron,FALSE,FALSE,FALSE,FALSE,4,2,2,2_2,d4907a1b-8b06-47c5-8bca-c781d9cddaf8,NA
2,81064391,81064391,1,snv_mnv,NA,NA,"broad,dkfz,muse,sanger",4,COSN14515374,NA,NA,FALSE,0.2917,NA,28,68,NA,NA,NA,lincRNA,FALSE,FALSE,FALSE,FALSE,4,2,2,2_2,d4907a1b-8b06-47c5-8bca-c781d9cddaf8,NA
2,81297822,81297822,1,snv_mnv,NA,NA,"broad,dkfz,muse,sanger",4,COSN14515355,NA,L1MDa,FALSE,0.371,NA,23,39,NA,NA,NA,IGR,FALSE,FALSE,FALSE,FALSE,4,2,2,2_2,d4907a1b-8b06-47c5-8bca-c781d9cddaf8,NA
2,81322560,81322560,1,snv_mnv,NA,NA,"broad,dkfz,muse,sanger",4,COSN14515389,NA,L2c,FALSE,0.3295,NA,29,59,NA,NA,NA,IGR,FALSE,FALSE,FALSE,FALSE,4,2,2,2_2,d4907a1b-8b06-47c5-8bca-c781d9cddaf8,NA
2,81342858,81342858,1,snv_mnv,NA,NA,"broad,dkfz,muse,sanger",4,COSN14515348,NA,NA,FALSE,0.2717,NA,25,67,NA,NA,NA,IGR,FALSE,FALSE,FALSE,FALSE,4,2,2,2_2,d4907a1b-8b06-47c5-8bca-c781d9cddaf8,NA
2,81357827,81357827,1,snv_mnv,NA,NA,"broad,dkfz,muse,sanger",4,COSN14515388,NA,NA,FALSE,0.3291,NA,26,53,NA,NA,NA,IGR,FALSE,FALSE,FALSE,FALSE,4,2,2,2_2,d4907a1b-8b06-47c5-8bca-c781d9cddaf8,NA
2,81405756,81405756,1,snv_mnv,NA,NA,"broad,dkfz,muse,sanger",4,COSN14515361,NA,LTR1B,FALSE,0.3281,NA,21,43,NA,NA,NA,IGR,FALSE,FALSE,FALSE,FALSE,4,2,2,2_2,d4907a1b-8b06-47c5-8bca-c781d9cddaf8,NA
2,81601628,81601628,1,snv_mnv,NA,NA,"broad,dkfz,muse,sanger",4,COSN14515349,NA,NA,FALSE,0.36,NA,36,64,NA,NA,NA,IGR,FALSE,FALSE,FALSE,FALSE,4,2,2,2_2,d4907a1b-8b06-47c5-8bca-c781d9cddaf8,NA
2,81686925,81686925,1,snv_mnv,NA,NA,"broad,dkfz,muse,sanger",4,COSN14515366,NA,NA,FALSE,0.141,NA,11,67,NA,NA,NA,lincRNA,FALSE,FALSE,TRUE,FALSE,4,2,2,2_2,d4907a1b-8b06-47c5-8bca-c781d9cddaf8,LINC01815
2,82335901,82335901,1,snv_mnv,NA,NA,"broad,dkfz,muse,sanger",4,COSN14515346,NA,NA,FALSE,0.1385,NA,9,56,NA,NA,NA,IGR,FALSE,FALSE,FALSE,FALSE,4,2,2,2_2,d4907a1b-8b06-47c5-8bca-c781d9cddaf8,NA
2,82854882,82854882,1,snv_mnv,NA,NA,"broad,dkfz,muse,sanger",4,COSN14515376,NA,L1ME3A,FALSE,0.2667,NA,28,77,NA,NA,NA,IGR,FALSE,FALSE,FALSE,FALSE,4,2,2,2_2,d4907a1b-8b06-47c5-8bca-c781d9cddaf8,NA
2,83244350,83244350,1,snv_mnv,NA,NA,"broad,dkfz,muse,sanger",4,COSN14515362,NA,NA,FALSE,0.1047,NA,9,77,NA,NA,NA,IGR,FALSE,FALSE,FALSE,FALSE,4,2,2,2_2,d4907a1b-8b06-47c5-8bca-c781d9cddaf8,NA
2,83355818,83355818,1,snv_mnv,NA,NA,"broad,dkfz,muse,sanger",4,COSN14515330,NA,L1MEc,FALSE,0.3061,NA,30,68,NA,NA,NA,IGR,FALSE,FALSE,FALSE,FALSE,4,2,2,2_2,d4907a1b-8b06-47c5-8bca-c781d9cddaf8,NA
2,83428808,83428808,1,snv_mnv,NA,NA,"broad,dkfz,muse,sanger",4,COSN14515386,NA,NA,FALSE,0.2453,NA,26,80,NA,NA,NA,IGR,FALSE,FALSE,TRUE,FALSE,4,2,2,2_2,d4907a1b-8b06-47c5-8bca-c781d9cddaf8,NA
2,83688487,83688487,1,snv_mnv,NA,NA,"broad,dkfz,muse,sanger",4,COSN14515371,NA,L1P4,FALSE,0.2472,NA,22,67,NA,NA,NA,IGR,FALSE,FALSE,FALSE,FALSE,4,2,2,2_2,d4907a1b-8b06-47c5-8bca-c781d9cddaf8,NA
2,86441879,86441879,1,snv_mnv,NA,NA,"broad,dkfz,muse,sanger",4,COSN14515378,NA,NA,FALSE,0.1261,NA,14,97,NA,NA,NA,3'UTR,FALSE,FALSE,FALSE,FALSE,4,2,2,2_2,d4907a1b-8b06-47c5-8bca-c781d9cddaf8,"MRPL35,REEP1"
2,89124577,89124577,1,snv_mnv,NA,NA,"broad,dkfz,muse,sanger",4,COSN14515393,NA,NA,FALSE,0.2027,NA,15,59,NA,NA,NA,RNA,FALSE,FALSE,FALSE,FALSE,4,2,2,2_2,d4907a1b-8b06-47c5-8bca-c781d9cddaf8,NA
2,90231828,90231828,1,snv_mnv,NA,NA,"broad,dkfz,muse,sanger",4,COSN14515343,NA,LTR58,FALSE,0.2727,NA,21,56,NA,NA,NA,RNA,FALSE,FALSE,FALSE,FALSE,4,2,2,2_2,d4907a1b-8b06-47c5-8bca-c781d9cddaf8,IGKV1D-42
2,90403432,90403432,1,snv_mnv,NA,NA,"broad,muse,sanger",3,COSN14515341,NA,L1MB7,FALSE,0.1343,NA,18,116,NA,NA,NA,IGR,FALSE,FALSE,FALSE,FALSE,4,2,2,2_2,d4907a1b-8b06-47c5-8bca-c781d9cddaf8,AC233263.6
2,95452212,95452212,1,snv_mnv,NA,NA,"broad,dkfz,muse,sanger",4,COSN14515381,NA,NA,FALSE,0.2451,NA,25,77,NA,NA,NA,IGR,FALSE,FALSE,FALSE,FALSE,4,2,2,2_2,d4907a1b-8b06-47c5-8bca-c781d9cddaf8,SNX18P14
2,100211340,100211340,1,snv_mnv,NA,NA,"broad,dkfz,muse,sanger",4,COSN7452609,NA,NA,FALSE,0.2308,NA,21,70,NA,NA,NA,Intron,FALSE,FALSE,TRUE,FALSE,4,2,2,2_2,d4907a1b-8b06-47c5-8bca-c781d9cddaf8,NA
2,100368729,100368729,1,snv_mnv,NA,NA,"broad,dkfz,muse,sanger",4,COSM3773253,NA,NA,FALSE,0.1852,NA,15,66,NA,NA,NA,Missense_Mutation,FALSE,FALSE,FALSE,FALSE,4,2,2,2_2,d4907a1b-8b06-47c5-8bca-c781d9cddaf8,NA
2,100727770,100727770,1,snv_mnv,NA,NA,"broad,dkfz,muse,sanger",4,COSN7452835,NA,NA,FALSE,0.2165,NA,21,76,NA,NA,NA,Intron,FALSE,FALSE,FALSE,FALSE,4,2,2,2_2,d4907a1b-8b06-47c5-8bca-c781d9cddaf8,AC092667.1
2,102120762,102120762,1,snv_mnv,NA,NA,"broad,dkfz,muse,sanger",4,COSN7453235,NA,AluSq2,FALSE,0.125,NA,6,42,NA,NA,NA,IGR,FALSE,FALSE,TRUE,FALSE,4,2,2,2_2,d4907a1b-8b06-47c5-8bca-c781d9cddaf8,NA
2,102905195,102905195,1,snv_mnv,NA,NA,"broad,dkfz,muse,sanger",4,COSN7453436,NA,L1MEc,FALSE,0.233,NA,24,79,NA,NA,NA,IGR,FALSE,FALSE,FALSE,FALSE,4,2,2,2_2,d4907a1b-8b06-47c5-8bca-c781d9cddaf8,NA
2,103917694,103917694,1,snv_mnv,NA,NA,"broad,dkfz,muse,sanger",4,COSN7453844,NA,L1PA7,FALSE,0.2527,NA,23,68,NA,NA,NA,IGR,FALSE,FALSE,FALSE,FALSE,4,2,2,2_2,d4907a1b-8b06-47c5-8bca-c781d9cddaf8,NA
2,104110573,104110573,1,snv_mnv,NA,NA,"broad,dkfz,muse",3,COSN7453980,NA,L1M5,FALSE,0.2804,NA,30,77,NA,NA,NA,IGR,FALSE,FALSE,FALSE,FALSE,4,2,2,2_2,d4907a1b-8b06-47c5-8bca-c781d9cddaf8,AC092568.1
2,104300339,104300339,1,snv_mnv,NA,NA,"broad,dkfz,muse,sanger",4,COSN7454119,NA,Charlie2b,FALSE,0.2273,NA,15,51,NA,NA,NA,IGR,FALSE,FALSE,FALSE,FALSE,4,2,2,2_2,d4907a1b-8b06-47c5-8bca-c781d9cddaf8,NA
2,104353641,104353641,1,snv_mnv,NA,NA,"broad,dkfz,muse,sanger",4,COSN7454161,rs770081369,NA,FALSE,0.2828,NA,28,71,NA,NA,NA,IGR,FALSE,FALSE,FALSE,FALSE,4,2,2,2_2,d4907a1b-8b06-47c5-8bca-c781d9cddaf8,NA
2,104638290,104638290,1,snv_mnv,NA,NA,"broad,dkfz,muse,sanger",4,COSN7454366,NA,AluY,FALSE,0.1475,NA,9,52,NA,NA,NA,IGR,FALSE,FALSE,FALSE,FALSE,4,2,2,2_2,d4907a1b-8b06-47c5-8bca-c781d9cddaf8,NA
2,104686802,104686802,1,snv_mnv,NA,NA,"broad,dkfz,muse,sanger",4,COSN7454393,NA,NA,FALSE,0.1684,NA,16,79,NA,NA,NA,IGR,FALSE,FALSE,FALSE,FALSE,4,2,2,2_2,d4907a1b-8b06-47c5-8bca-c781d9cddaf8,NA
2,104856774,104856774,1,snv_mnv,1.9968e-4,rs373658316,"broad,dkfz,muse,sanger",4,COSN7454500,rs373658316,L1MA5,FALSE,0.15,NA,9,51,NA,NA,NA,IGR,FALSE,FALSE,FALSE,FALSE,4,2,2,2_2,d4907a1b-8b06-47c5-8bca-c781d9cddaf8,NA
2,104908288,104908288,1,snv_mnv,NA,NA,"broad,dkfz,muse,sanger",4,COSN7454524,NA,NA,FALSE,0.1584,NA,16,85,NA,NA,NA,IGR,FALSE,FALSE,FALSE,FALSE,4,2,2,2_2,d4907a1b-8b06-47c5-8bca-c781d9cddaf8,NA
2,105621602,105621602,1,snv_mnv,NA,NA,"broad,dkfz,muse",3,COSN7454884,NA,LTR85a,FALSE,0.1358,NA,11,70,NA,NA,NA,RNA,FALSE,FALSE,FALSE,FALSE,4,2,2,2_2,d4907a1b-8b06-47c5-8bca-c781d9cddaf8,NA
2,105749699,105749699,1,snv_mnv,NA,NA,"broad,dkfz,muse,sanger",4,COSN7454923,NA,L1MB4,FALSE,0.2673,NA,27,74,NA,NA,NA,IGR,FALSE,FALSE,FALSE,FALSE,4,2,2,2_2,d4907a1b-8b06-47c5-8bca-c781d9cddaf8,NA
2,106927069,106927069,1,snv_mnv,NA,NA,"broad,dkfz,muse,sanger",4,COSN7326019,NA,NA,FALSE,0.1731,NA,9,43,NA,NA,NA,IGR,FALSE,FALSE,FALSE,FALSE,4,2,2,2_2,d4907a1b-8b06-47c5-8bca-c781d9cddaf8,NA
2,106961882,106961882,1,snv_mnv,NA,NA,"broad,dkfz,muse,sanger",4,COSN7326036,NA,NA,FALSE,0.2267,NA,17,58,NA,NA,NA,IGR,FALSE,FALSE,FALSE,FALSE,4,2,2,2_2,d4907a1b-8b06-47c5-8bca-c781d9cddaf8,NA
2,107762230,107762230,1,snv_mnv,NA,NA,"broad,dkfz,muse,sanger",4,COSN7326518,NA,NA,FALSE,0.2558,NA,22,64,NA,NA,NA,IGR,FALSE,FALSE,FALSE,FALSE,4,2,2,2_2,d4907a1b-8b06-47c5-8bca-c781d9cddaf8,NA
2,108028432,108028432,1,snv_mnv,NA,NA,"broad,dkfz,muse,sanger",4,COSN7326711,NA,NA,FALSE,0.1266,NA,10,69,NA,NA,NA,lincRNA,FALSE,FALSE,FALSE,FALSE,4,2,2,2_2,d4907a1b-8b06-47c5-8bca-c781d9cddaf8,AC096669.1
2,108120188,108120188,1,snv_mnv,NA,NA,"broad,dkfz,muse,sanger",4,COSN7326784,NA,NA,FALSE,0.2907,NA,25,61,NA,NA,NA,lincRNA,FALSE,FALSE,FALSE,FALSE,4,2,2,2_2,d4907a1b-8b06-47c5-8bca-c781d9cddaf8,NA
2,108204927,108204927,1,snv_mnv,NA,NA,"broad,dkfz,muse,sanger",4,COSN7326836,NA,NA,FALSE,0.3373,NA,28,55,NA,NA,NA,IGR,FALSE,FALSE,FALSE,FALSE,4,2,2,2_2,d4907a1b-8b06-47c5-8bca-c781d9cddaf8,NA
2,108386944,108386944,1,snv_mnv,NA,NA,"broad,dkfz,muse,sanger",4,COSN16176031,NA,NA,FALSE,0.2809,NA,25,64,NA,NA,NA,lincRNA,FALSE,FALSE,FALSE,FALSE,4,2,2,2_2,d4907a1b-8b06-47c5-8bca-c781d9cddaf8,NA
2,108646342,108646342,1,snv_mnv,NA,NA,"broad,dkfz,muse",3,COSN7327029,NA,NA,FALSE,0.1818,NA,18,81,NA,NA,NA,IGR,FALSE,FALSE,FALSE,FALSE,4,2,2,2_2,d4907a1b-8b06-47c5-8bca-c781d9cddaf8,NA
2,109625140,109625140,1,snv_mnv,NA,NA,"broad,muse,sanger",3,COSN7327291,NA,AluY,FALSE,0.2128,NA,20,74,NA,NA,NA,IGR,FALSE,FALSE,FALSE,FALSE,4,2,2,2_2,d4907a1b-8b06-47c5-8bca-c781d9cddaf8,NA
2,111580662,111580662,1,snv_mnv,NA,NA,"broad,muse,sanger",3,COSN7327691,NA,AluSx,FALSE,0.3846,NA,25,40,NA,NA,NA,Intron,FALSE,FALSE,FALSE,FALSE,4,2,2,2_2,d4907a1b-8b06-47c5-8bca-c781d9cddaf8,NA
2,111722160,111722160,1,snv_mnv,NA,NA,"broad,dkfz,muse,sanger",4,COSN7327738,NA,Tigger3c,FALSE,0.1566,NA,13,70,NA,NA,NA,Intron,FALSE,FALSE,FALSE,FALSE,4,2,2,2_2,d4907a1b-8b06-47c5-8bca-c781d9cddaf8,RPL5P9
2,112755947,112755947,1,snv_mnv,NA,NA,"broad,dkfz,muse,sanger",4,COSN7327956,NA,NA,FALSE,0.2935,NA,27,65,NA,NA,NA,Intron,FALSE,FALSE,FALSE,FALSE,4,2,2,2_2,d4907a1b-8b06-47c5-8bca-c781d9cddaf8,NA
2,113274985,113274985,1,snv_mnv,NA,NA,"broad,dkfz,muse,sanger",4,COSN7328096,NA,AluSz,FALSE,0.169,NA,12,59,NA,NA,NA,Intron,FALSE,FALSE,FALSE,FALSE,4,2,2,2_2,d4907a1b-8b06-47c5-8bca-c781d9cddaf8,TTL
2,115088781,115088781,1,snv_mnv,1.9968e-4,rs532923591,"broad,dkfz,muse,sanger",4,COSN7328577,rs532923591,MLT1K,FALSE,0.337,NA,31,61,NA,NA,NA,IGR,FALSE,FALSE,FALSE,FALSE,4,2,2,2_2,d4907a1b-8b06-47c5-8bca-c781d9cddaf8,NA
2,115971987,115971987,1,snv_mnv,NA,NA,"broad,dkfz,muse,sanger",4,COSN7329048,NA,NA,FALSE,0.1947,NA,22,91,NA,NA,NA,Intron,FALSE,FALSE,FALSE,FALSE,4,2,2,2_2,d4907a1b-8b06-47c5-8bca-c781d9cddaf8,NA
2,116485128,116485128,1,snv_mnv,NA,NA,"broad,dkfz,muse,sanger",4,COSN7329385,NA,NA,FALSE,0.1518,NA,17,95,NA,NA,NA,Intron,FALSE,FALSE,FALSE,FALSE,4,2,2,2_2,d4907a1b-8b06-47c5-8bca-c781d9cddaf8,NA
2,116486542,116486542,1,snv_mnv,NA,NA,"broad,dkfz,muse",3,COSN7329388,NA,(TATATG)n,FALSE,0.1505,NA,14,79,NA,NA,NA,Intron,FALSE,FALSE,FALSE,FALSE,4,2,2,2_2,d4907a1b-8b06-47c5-8bca-c781d9cddaf8,NA
2,116692127,116692127,1,snv_mnv,NA,NA,"broad,dkfz,muse,sanger",4,COSN7329544,NA,LTR16C,FALSE,0.1099,NA,10,81,NA,NA,NA,IGR,FALSE,FALSE,FALSE,FALSE,4,2,2,2_2,d4907a1b-8b06-47c5-8bca-c781d9cddaf8,NA
2,116770990,116770990,1,snv_mnv,NA,NA,"broad,dkfz,muse,sanger",4,COSN7329618,NA,AluSx,FALSE,0.2,NA,15,60,NA,NA,NA,IGR,FALSE,FALSE,FALSE,FALSE,4,2,2,2_2,d4907a1b-8b06-47c5-8bca-c781d9cddaf8,NA
2,116790275,116790275,1,snv_mnv,NA,NA,"broad,dkfz,muse,sanger",4,COSN7329634,NA,L1M4,FALSE,0.3364,NA,36,71,NA,NA,NA,IGR,FALSE,FALSE,FALSE,FALSE,4,2,2,2_2,d4907a1b-8b06-47c5-8bca-c781d9cddaf8,NA
2,117284029,117284029,1,snv_mnv,NA,NA,"broad,dkfz,muse,sanger",4,COSN7329980,NA,NA,FALSE,0.2967,NA,27,64,NA,NA,NA,IGR,FALSE,FALSE,FALSE,FALSE,4,2,2,2_2,d4907a1b-8b06-47c5-8bca-c781d9cddaf8,NA
2,117852172,117852172,1,snv_mnv,NA,NA,"broad,dkfz,muse,sanger",4,COSN7330252,NA,MIR,FALSE,0.2453,NA,26,80,NA,NA,NA,IGR,FALSE,FALSE,FALSE,FALSE,4,2,2,2_2,d4907a1b-8b06-47c5-8bca-c781d9cddaf8,NA
2,117888674,117888674,1,snv_mnv,NA,NA,"broad,dkfz,muse,sanger",4,COSN7330266,NA,HERVH-int,FALSE,0.3415,NA,28,54,NA,NA,NA,IGR,FALSE,FALSE,FALSE,FALSE,4,2,2,2_2,d4907a1b-8b06-47c5-8bca-c781d9cddaf8,NA
2,119649949,119649949,1,snv_mnv,NA,NA,"broad,dkfz,muse,sanger",4,COSN7330839,NA,AluSz6,FALSE,0.284,NA,23,58,NA,NA,NA,IGR,FALSE,FALSE,FALSE,FALSE,4,2,2,2_2,d4907a1b-8b06-47c5-8bca-c781d9cddaf8,NA
2,119956852,119956852,1,snv_mnv,NA,NA,"broad,dkfz,muse,sanger",4,COSN7330951,NA,NA,FALSE,0.1622,NA,12,62,NA,NA,NA,IGR,FALSE,FALSE,FALSE,FALSE,4,2,2,2_2,d4907a1b-8b06-47c5-8bca-c781d9cddaf8,NA
2,121350789,121350789,1,snv_mnv,NA,NA,"broad,dkfz,muse,sanger",4,COSN7331327,NA,AluSc8,FALSE,0.3333,NA,22,44,NA,NA,NA,IGR,FALSE,FALSE,FALSE,FALSE,4,2,2,2_2,d4907a1b-8b06-47c5-8bca-c781d9cddaf8,NA
2,121800403,121800403,1,snv_mnv,NA,NA,"broad,dkfz,muse,sanger",4,COSN7331471,NA,NA,FALSE,0.3387,NA,21,41,NA,NA,NA,RNA,FALSE,FALSE,FALSE,FALSE,4,2,2,2_2,d4907a1b-8b06-47c5-8bca-c781d9cddaf8,RF00019
2,121915120,121915120,1,snv_mnv,NA,NA,"broad,dkfz,muse,sanger",4,COSN7331505,rs756701640,THE1D,FALSE,0.1354,NA,13,83,NA,NA,NA,IGR,FALSE,FALSE,FALSE,FALSE,4,2,2,2_2,d4907a1b-8b06-47c5-8bca-c781d9cddaf8,NA
2,122133940,122133940,1,snv_mnv,NA,NA,"broad,dkfz,muse,sanger",4,COSN7331563,NA,L1MA5,FALSE,0.2759,NA,24,63,NA,NA,NA,Intron,FALSE,FALSE,FALSE,FALSE,4,2,2,2_2,d4907a1b-8b06-47c5-8bca-c781d9cddaf8,NA
2,122687423,122687423,1,snv_mnv,NA,NA,"broad,dkfz,muse,sanger",4,COSN7331730,NA,MIRb,FALSE,0.2254,NA,16,55,NA,NA,NA,IGR,FALSE,FALSE,FALSE,FALSE,4,2,2,2_2,d4907a1b-8b06-47c5-8bca-c781d9cddaf8,NA
2,123013284,123013284,1,snv_mnv,NA,NA,"broad,dkfz,muse,sanger",4,COSN7331897,NA,MER89-int,FALSE,0.1047,NA,9,77,NA,NA,NA,IGR,FALSE,FALSE,FALSE,FALSE,4,2,2,2_2,d4907a1b-8b06-47c5-8bca-c781d9cddaf8,NA
2,123434904,123434904,1,snv_mnv,NA,NA,"broad,dkfz,muse,sanger",4,COSN7332187,NA,NA,FALSE,0.2812,NA,27,69,NA,NA,NA,IGR,FALSE,FALSE,FALSE,FALSE,4,2,2,2_2,d4907a1b-8b06-47c5-8bca-c781d9cddaf8,NA
2,123438037,123438037,1,snv_mnv,NA,NA,"broad,dkfz,muse,sanger",4,COSN7332191,NA,L2b,FALSE,0.2656,NA,17,47,NA,NA,NA,IGR,FALSE,FALSE,FALSE,FALSE,4,2,2,2_2,d4907a1b-8b06-47c5-8bca-c781d9cddaf8,NA
2,123482712,123482712,1,snv_mnv,NA,NA,"broad,dkfz,muse,sanger",4,COSN7332219,NA,MIRb,FALSE,0.1122,NA,11,87,NA,NA,NA,IGR,FALSE,FALSE,FALSE,FALSE,4,2,2,2_2,d4907a1b-8b06-47c5-8bca-c781d9cddaf8,NA
2,123522565,123522565,1,snv_mnv,NA,NA,"broad,dkfz,muse,sanger",4,COSN7332249,NA,L1M3c,FALSE,0.0972,NA,7,65,NA,NA,NA,IGR,FALSE,FALSE,FALSE,FALSE,4,2,2,2_2,d4907a1b-8b06-47c5-8bca-c781d9cddaf8,NA
2,123698776,123698776,1,snv_mnv,NA,NA,"broad,dkfz,muse,sanger",4,COSN16612682,NA,L1MB5,FALSE,0.0952,NA,8,76,NA,NA,NA,IGR,FALSE,FALSE,FALSE,FALSE,4,2,2,2_2,d4907a1b-8b06-47c5-8bca-c781d9cddaf8,NA
2,123987536,123987536,1,snv_mnv,NA,NA,"broad,dkfz,muse,sanger",4,COSN7332629,NA,L1PBa,FALSE,0.125,NA,10,70,NA,NA,NA,IGR,FALSE,FALSE,FALSE,FALSE,4,2,2,2_2,d4907a1b-8b06-47c5-8bca-c781d9cddaf8,NA
2,124094633,124094633,1,snv_mnv,NA,NA,"broad,dkfz,muse,sanger",4,COSN7332733,rs765160327,L1ME2,FALSE,0.3556,NA,32,58,NA,NA,NA,IGR,FALSE,FALSE,FALSE,FALSE,4,2,2,2_2,d4907a1b-8b06-47c5-8bca-c781d9cddaf8,NA
2,124097958,124097958,1,snv_mnv,NA,NA,"broad,dkfz,muse,sanger",4,COSN7332738,NA,L1ME2,FALSE,0.2588,NA,22,63,NA,NA,NA,IGR,FALSE,FALSE,FALSE,FALSE,4,2,2,2_2,d4907a1b-8b06-47c5-8bca-c781d9cddaf8,NA
2,124201768,124201768,1,snv_mnv,NA,NA,"broad,dkfz,muse,sanger",4,COSN7332846,NA,NA,FALSE,0.2247,NA,20,69,NA,NA,NA,lincRNA,FALSE,FALSE,FALSE,FALSE,4,2,2,2_2,d4907a1b-8b06-47c5-8bca-c781d9cddaf8,NA
2,125306449,125306449,1,snv_mnv,NA,NA,"broad,dkfz,muse,sanger",4,COSN7333786,NA,MIRb,FALSE,0.1125,NA,9,71,NA,NA,NA,Intron,FALSE,FALSE,FALSE,FALSE,4,2,2,2_2,d4907a1b-8b06-47c5-8bca-c781d9cddaf8,NA
2,125490059,125490059,1,snv_mnv,NA,NA,"broad,dkfz,muse,sanger",4,COSN7333942,NA,MLT1A0,FALSE,0.2444,NA,22,68,NA,NA,NA,Intron,FALSE,FALSE,FALSE,FALSE,4,2,2,2_2,d4907a1b-8b06-47c5-8bca-c781d9cddaf8,NA
2,125959146,125959146,1,snv_mnv,NA,NA,"broad,dkfz,muse,sanger",4,COSN7334329,NA,Tigger13a,FALSE,0.3146,NA,28,61,NA,NA,NA,IGR,FALSE,FALSE,FALSE,FALSE,4,2,2,2_2,d4907a1b-8b06-47c5-8bca-c781d9cddaf8,NA
2,126025815,126025815,1,snv_mnv,NA,NA,"broad,dkfz,muse,sanger",4,COSN7334399,NA,MLT1D,FALSE,0.1319,NA,12,79,NA,NA,NA,IGR,FALSE,FALSE,FALSE,FALSE,4,2,2,2_2,d4907a1b-8b06-47c5-8bca-c781d9cddaf8,NA
2,126080658,126080658,1,snv_mnv,NA,NA,"broad,dkfz,muse,sanger",4,COSN7334452,NA,NA,FALSE,0.1304,NA,12,80,NA,NA,NA,IGR,FALSE,FALSE,FALSE,FALSE,4,2,2,2_2,d4907a1b-8b06-47c5-8bca-c781d9cddaf8,NA
2,126275111,126275111,1,snv_mnv,NA,NA,"broad,dkfz,muse,sanger",4,COSN7334656,NA,L1PA17,FALSE,0.1364,NA,12,76,NA,NA,NA,IGR,FALSE,FALSE,FALSE,FALSE,4,2,2,2_2,d4907a1b-8b06-47c5-8bca-c781d9cddaf8,NA
2,126411215,126411215,1,snv_mnv,NA,NA,"broad,dkfz,muse,sanger",4,COSN7334799,NA,NA,FALSE,0.125,NA,11,77,NA,NA,NA,IGR,FALSE,FALSE,FALSE,FALSE,4,2,2,2_2,d4907a1b-8b06-47c5-8bca-c781d9cddaf8,NA
2,126415696,126415696,1,snv_mnv,NA,NA,"broad,dkfz,muse,sanger",4,COSN7334803,NA,NA,FALSE,0.1468,NA,16,93,NA,NA,NA,IGR,FALSE,FALSE,FALSE,FALSE,4,2,2,2_2,d4907a1b-8b06-47c5-8bca-c781d9cddaf8,NA
2,126493549,126493549,1,snv_mnv,NA,NA,"broad,dkfz,muse,sanger",4,COSN7334878,NA,L1MA9,FALSE,0.172,NA,16,77,NA,NA,NA,lincRNA,FALSE,FALSE,FALSE,FALSE,4,2,2,2_2,d4907a1b-8b06-47c5-8bca-c781d9cddaf8,NA
2,126495807,126495807,1,snv_mnv,1.9968e-4,rs540004657,"broad,dkfz,muse,sanger",4,COSN7334884,rs540004657,L1MA9,FALSE,0.1154,NA,15,115,NA,NA,NA,lincRNA,FALSE,FALSE,FALSE,FALSE,4,2,2,2_2,d4907a1b-8b06-47c5-8bca-c781d9cddaf8,NA
2,126687212,126687212,1,snv_mnv,1.9968e-4,rs544684377,"broad,dkfz,muse,sanger",4,COSN7335082,rs544684377,NA,FALSE,0.11,NA,11,89,NA,NA,NA,IGR,FALSE,FALSE,FALSE,FALSE,4,2,2,2_2,d4907a1b-8b06-47c5-8bca-c781d9cddaf8,NA
2,126752021,126752021,1,snv_mnv,NA,NA,"broad,dkfz,muse,sanger",4,COSN7335147,NA,L1MA3,FALSE,0.2747,NA,25,66,NA,NA,NA,IGR,FALSE,FALSE,TRUE,FALSE,4,2,2,2_2,d4907a1b-8b06-47c5-8bca-c781d9cddaf8,NA
2,127052241,127052241,1,snv_mnv,NA,NA,"broad,dkfz,muse,sanger",4,COSN7335417,NA,AluSx,FALSE,0.1379,NA,12,75,NA,NA,NA,IGR,FALSE,FALSE,FALSE,FALSE,4,2,2,2_2,d4907a1b-8b06-47c5-8bca-c781d9cddaf8,NA
2,127085283,127085283,1,snv_mnv,1.9968e-4,rs370191071,"broad,dkfz,muse,sanger",4,COSN7335445,rs370191071,NA,FALSE,0.1262,NA,13,90,NA,NA,NA,lincRNA,FALSE,FALSE,FALSE,FALSE,4,2,2,2_2,d4907a1b-8b06-47c5-8bca-c781d9cddaf8,NA
2,127141221,127141221,1,snv_mnv,NA,NA,"broad,dkfz,muse,sanger",4,COSN7335486,NA,MER63C,FALSE,0.287,NA,31,77,NA,NA,NA,IGR,FALSE,FALSE,FALSE,FALSE,4,2,2,2_2,d4907a1b-8b06-47c5-8bca-c781d9cddaf8,NA
2,127286725,127286725,1,snv_mnv,NA,NA,"broad,dkfz,muse,sanger",4,COSN7335584,NA,L1PA11,FALSE,0.2933,NA,22,53,NA,NA,NA,IGR,FALSE,FALSE,FALSE,FALSE,4,2,2,2_2,d4907a1b-8b06-47c5-8bca-c781d9cddaf8,NA
2,129870806,129870806,1,snv_mnv,NA,NA,"broad,dkfz,muse,sanger",4,COSN7336678,NA,L1M4,FALSE,0.2706,NA,23,62,NA,NA,NA,IGR,FALSE,FALSE,FALSE,FALSE,4,2,2,2_2,d4907a1b-8b06-47c5-8bca-c781d9cddaf8,NA
2,130926092,130926092,1,snv_mnv,NA,NA,"broad,dkfz,muse,sanger",4,COSN7337357,NA,NA,FALSE,0.2125,NA,17,63,NA,NA,NA,Intron,FALSE,FALSE,FALSE,FALSE,4,2,2,2_2,d4907a1b-8b06-47c5-8bca-c781d9cddaf8,SMPD4
2,130926093,130926093,1,snv_mnv,NA,NA,"broad,dkfz,muse,sanger",4,COSN7337358,NA,NA,FALSE,0.2078,NA,16,61,NA,NA,NA,Intron,FALSE,FALSE,FALSE,FALSE,4,2,2,2_2,d4907a1b-8b06-47c5-8bca-c781d9cddaf8,SMPD4
2,130975941,130975941,1,snv_mnv,NA,NA,"broad,dkfz,muse,sanger",4,COSN7337377,NA,NA,FALSE,0.1215,NA,13,94,NA,NA,NA,IGR,FALSE,FALSE,FALSE,FALSE,4,2,2,2_2,d4907a1b-8b06-47c5-8bca-c781d9cddaf8,RHOQP3
2,133035900,133035900,1,snv_mnv,NA,NA,"broad,muse",2,COSN7338255,NA,NA,FALSE,0.2615,NA,17,48,NA,NA,NA,IGR,FALSE,FALSE,FALSE,FALSE,4,2,2,2_2,d4907a1b-8b06-47c5-8bca-c781d9cddaf8,NA
2,133247358,133247358,1,snv_mnv,NA,NA,"broad,dkfz,muse,sanger",4,COSN7338364,NA,NA,FALSE,0.2917,NA,28,68,NA,NA,NA,Intron,FALSE,FALSE,FALSE,FALSE,4,2,2,2_2,d4907a1b-8b06-47c5-8bca-c781d9cddaf8,YBX1P7
2,133654279,133654279,1,snv_mnv,NA,NA,"broad,dkfz,muse,sanger",4,COSN7338542,NA,NA,FALSE,0.1333,NA,12,78,NA,NA,NA,Intron,FALSE,FALSE,TRUE,FALSE,4,2,2,2_2,d4907a1b-8b06-47c5-8bca-c781d9cddaf8,NA
2,133809782,133809782,1,snv_mnv,NA,NA,"broad,dkfz,muse,sanger",4,COSN7338607,NA,NA,FALSE,0.1216,NA,9,65,NA,NA,NA,Intron,FALSE,FALSE,FALSE,FALSE,4,2,2,2_2,d4907a1b-8b06-47c5-8bca-c781d9cddaf8,NA
2,134271985,134271985,1,snv_mnv,NA,NA,"broad,dkfz,muse,sanger",4,COSN7338817,NA,NA,FALSE,0.1026,NA,8,70,NA,NA,NA,Intron,FALSE,FALSE,FALSE,FALSE,4,2,2,2_2,d4907a1b-8b06-47c5-8bca-c781d9cddaf8,NA
2,136063801,136063801,1,snv_mnv,NA,NA,"broad,dkfz,muse,sanger",4,COSN7339379,NA,L1M2,FALSE,0.1266,NA,10,69,NA,NA,NA,Intron,FALSE,FALSE,FALSE,FALSE,4,2,2,2_2,d4907a1b-8b06-47c5-8bca-c781d9cddaf8,NA
2,136179071,136179071,1,snv_mnv,NA,NA,"broad,dkfz,muse,sanger",4,COSN7339422,NA,NA,FALSE,0.2245,NA,22,76,NA,NA,NA,Intron,FALSE,FALSE,FALSE,FALSE,4,2,2,2_2,d4907a1b-8b06-47c5-8bca-c781d9cddaf8,NA
2,137429398,137429398,1,snv_mnv,NA,NA,"broad,dkfz,muse,sanger",4,COSN7339902,NA,NA,FALSE,0.2754,NA,19,50,NA,NA,NA,IGR,FALSE,FALSE,FALSE,FALSE,4,2,2,2_2,d4907a1b-8b06-47c5-8bca-c781d9cddaf8,NA
2,137429399,137429399,1,snv_mnv,NA,NA,"broad,dkfz,muse,sanger",4,COSN7339903,NA,NA,FALSE,0.2879,NA,19,47,NA,NA,NA,IGR,FALSE,FALSE,TRUE,FALSE,4,2,2,2_2,d4907a1b-8b06-47c5-8bca-c781d9cddaf8,NA
2,137564884,137564884,1,snv_mnv,NA,NA,"broad,dkfz,muse,sanger",4,COSN7340015,NA,L1MC3,FALSE,0.2747,NA,25,66,NA,NA,NA,Intron,FALSE,FALSE,FALSE,FALSE,4,2,2,2_2,d4907a1b-8b06-47c5-8bca-c781d9cddaf8,NA
2,138337911,138337911,1,snv_mnv,NA,NA,"broad,dkfz,muse,sanger",4,COSN7340581,NA,NA,FALSE,0.2688,NA,25,68,NA,NA,NA,Intron,FALSE,FALSE,FALSE,FALSE,4,2,2,2_2,d4907a1b-8b06-47c5-8bca-c781d9cddaf8,NA
2,138721825,138721825,1,snv_mnv,NA,NA,"broad,dkfz,muse,sanger",4,COSN7340775,NA,NA,FALSE,0.1266,NA,10,69,NA,NA,NA,Intron,FALSE,FALSE,FALSE,FALSE,4,2,2,2_2,d4907a1b-8b06-47c5-8bca-c781d9cddaf8,HNMT
2,139200825,139200825,1,snv_mnv,NA,NA,"broad,dkfz,muse,sanger",4,COSN7340900,rs373993123,AluSq2,FALSE,0.1964,NA,11,45,NA,NA,NA,lincRNA,FALSE,FALSE,FALSE,FALSE,4,2,2,2_2,d4907a1b-8b06-47c5-8bca-c781d9cddaf8,NA
2,139466036,139466036,1,snv_mnv,NA,NA,"broad,dkfz,muse,sanger",4,COSN7340982,NA,NA,FALSE,0.1731,NA,18,86,NA,NA,NA,Intron,FALSE,FALSE,FALSE,FALSE,4,2,2,2_2,d4907a1b-8b06-47c5-8bca-c781d9cddaf8,NA
2,139775366,139775366,1,snv_mnv,NA,NA,"broad,dkfz,muse,sanger",4,COSN7341132,NA,L1PA13,FALSE,0.1556,NA,14,76,NA,NA,NA,IGR,FALSE,FALSE,FALSE,FALSE,4,2,2,2_2,d4907a1b-8b06-47c5-8bca-c781d9cddaf8,NA
2,140112463,140112463,1,snv_mnv,NA,NA,"broad,dkfz,muse,sanger",4,COSN7341415,NA,L2c,FALSE,0.1341,NA,11,71,NA,NA,NA,IGR,FALSE,FALSE,FALSE,FALSE,4,2,2,2_2,d4907a1b-8b06-47c5-8bca-c781d9cddaf8,NA
2,140214731,140214731,1,snv_mnv,NA,NA,"broad,dkfz,muse,sanger",4,COSN7341517,NA,L1MB8,FALSE,0.2118,NA,18,67,NA,NA,NA,IGR,FALSE,FALSE,FALSE,FALSE,4,2,2,2_2,d4907a1b-8b06-47c5-8bca-c781d9cddaf8,NA
2,140493631,140493631,1,snv_mnv,NA,NA,"broad,dkfz,muse,sanger",4,COSN7341812,NA,L1ME2z,FALSE,0.1515,NA,15,84,NA,NA,NA,IGR,FALSE,FALSE,TRUE,FALSE,4,2,2,2_2,d4907a1b-8b06-47c5-8bca-c781d9cddaf8,AC012497.1
2,141045156,141045156,1,snv_mnv,NA,NA,"broad,dkfz,muse,sanger",4,COSN7342394,NA,NA,FALSE,0.1882,NA,16,69,NA,NA,NA,Intron,FALSE,FALSE,FALSE,FALSE,4,2,2,2_2,d4907a1b-8b06-47c5-8bca-c781d9cddaf8,NA
2,141071068,141071068,1,snv_mnv,NA,NA,"broad,dkfz,muse,sanger",4,COSN7342408,NA,NA,FALSE,0.2958,NA,21,50,NA,NA,NA,Intron,FALSE,FALSE,FALSE,FALSE,4,2,2,2_2,d4907a1b-8b06-47c5-8bca-c781d9cddaf8,NA
2,141242073,141242073,1,snv_mnv,NA,NA,"broad,dkfz,muse,sanger",4,COSN7342578,NA,NA,FALSE,0.1139,NA,9,70,NA,NA,NA,Intron,FALSE,FALSE,FALSE,FALSE,4,2,2,2_2,d4907a1b-8b06-47c5-8bca-c781d9cddaf8,NA
2,141366216,141366216,1,snv_mnv,NA,NA,"broad,dkfz,muse,sanger",4,COSN7342693,NA,NA,FALSE,0.1443,NA,14,83,NA,NA,NA,Intron,FALSE,FALSE,FALSE,FALSE,4,2,2,2_2,d4907a1b-8b06-47c5-8bca-c781d9cddaf8,NA
2,141395213,141395213,1,snv_mnv,NA,NA,"broad,dkfz,muse,sanger",4,COSN7342726,NA,NA,FALSE,0.3696,NA,34,58,NA,NA,NA,Intron,FALSE,FALSE,FALSE,FALSE,4,2,2,2_2,d4907a1b-8b06-47c5-8bca-c781d9cddaf8,NA
2,141516083,141516083,1,snv_mnv,NA,NA,"broad,dkfz,muse,sanger",4,COSN7342846,NA,NA,FALSE,0.3187,NA,29,62,NA,NA,NA,Intron,FALSE,FALSE,FALSE,FALSE,4,2,2,2_2,d4907a1b-8b06-47c5-8bca-c781d9cddaf8,NA
2,141534518,141534518,1,snv_mnv,NA,NA,"broad,dkfz,muse,sanger",4,COSN7342869,NA,MIRb,FALSE,0.2872,NA,27,67,NA,NA,NA,Intron,FALSE,FALSE,FALSE,FALSE,4,2,2,2_2,d4907a1b-8b06-47c5-8bca-c781d9cddaf8,NA
2,141648964,141648964,1,snv_mnv,NA,NA,"broad,dkfz,muse,sanger",4,COSN7342985,NA,NA,FALSE,0.2336,NA,25,82,NA,NA,NA,Intron,FALSE,FALSE,FALSE,FALSE,4,2,2,2_2,d4907a1b-8b06-47c5-8bca-c781d9cddaf8,NA
2,141740255,141740255,1,snv_mnv,NA,NA,"broad,dkfz,muse,sanger",4,COSN7343085,NA,NA,FALSE,0.2247,NA,20,69,NA,NA,NA,Intron,FALSE,FALSE,FALSE,FALSE,4,2,2,2_2,d4907a1b-8b06-47c5-8bca-c781d9cddaf8,NA
2,141754331,141754331,1,snv_mnv,NA,NA,"broad,dkfz,muse,sanger",4,COSN7343097,NA,NA,FALSE,0.2333,NA,21,69,NA,NA,NA,Intron,FALSE,FALSE,FALSE,FALSE,4,2,2,2_2,d4907a1b-8b06-47c5-8bca-c781d9cddaf8,RF00019
2,141999945,141999945,1,snv_mnv,NA,NA,"broad,dkfz,muse,sanger",4,COSN7343330,NA,NA,FALSE,0.1573,NA,14,75,NA,NA,NA,Intron,FALSE,FALSE,FALSE,FALSE,4,2,2,2_2,d4907a1b-8b06-47c5-8bca-c781d9cddaf8,NA
2,142327459,142327459,1,snv_mnv,NA,NA,"broad,dkfz,muse,sanger",4,COSN7343572,NA,NA,FALSE,0.1414,NA,14,85,NA,NA,NA,Intron,FALSE,FALSE,FALSE,FALSE,4,2,2,2_2,d4907a1b-8b06-47c5-8bca-c781d9cddaf8,NA
2,142530448,142530448,1,snv_mnv,1.9968e-4,rs184900070,"broad,dkfz,muse,sanger",4,COSN7343715,rs184900070,NA,FALSE,0.2237,NA,17,59,NA,NA,NA,Intron,FALSE,FALSE,FALSE,FALSE,4,2,2,2_2,d4907a1b-8b06-47c5-8bca-c781d9cddaf8,NA
2,142579318,142579318,1,snv_mnv,NA,NA,"broad,dkfz,muse,sanger",4,COSN7343760,NA,NA,FALSE,0.2099,NA,17,64,NA,NA,NA,Intron,FALSE,FALSE,FALSE,FALSE,4,2,2,2_2,d4907a1b-8b06-47c5-8bca-c781d9cddaf8,NA
2,142622171,142622171,1,snv_mnv,NA,NA,"broad,muse,sanger",3,COSN7343790,NA,AluSc8,FALSE,0.3226,NA,20,42,NA,NA,NA,Intron,FALSE,FALSE,FALSE,FALSE,4,2,2,2_2,d4907a1b-8b06-47c5-8bca-c781d9cddaf8,NA
2,143965392,143965392,1,snv_mnv,NA,NA,"broad,dkfz,muse,sanger",4,COSN7344460,NA,NA,FALSE,0.1562,NA,15,81,NA,NA,NA,Intron,FALSE,FALSE,FALSE,FALSE,4,2,2,2_2,d4907a1b-8b06-47c5-8bca-c781d9cddaf8,NA
2,144212385,144212385,1,snv_mnv,NA,NA,"broad,dkfz,muse,sanger",4,COSN7344595,NA,NA,FALSE,0.2152,NA,17,62,NA,NA,NA,Intron,FALSE,FALSE,FALSE,FALSE,4,2,2,2_2,d4907a1b-8b06-47c5-8bca-c781d9cddaf8,NA
2,144776824,144776824,1,snv_mnv,NA,NA,"broad,dkfz,muse,sanger",4,COSN7344894,NA,HAL1,FALSE,0.3038,NA,24,55,NA,NA,NA,Intron,FALSE,FALSE,FALSE,FALSE,4,2,2,2_2,d4907a1b-8b06-47c5-8bca-c781d9cddaf8,NA
2,145087072,145087072,1,snv_mnv,NA,NA,"broad,dkfz,muse,sanger",4,COSN7344989,NA,NA,FALSE,0.1765,NA,15,70,NA,NA,NA,Intron,FALSE,FALSE,FALSE,FALSE,4,2,2,2_2,d4907a1b-8b06-47c5-8bca-c781d9cddaf8,NA
2,145207806,145207806,1,snv_mnv,3.9936e-4,rs529092476,"broad,dkfz,muse,sanger",4,COSN7345049,rs529092476,NA,FALSE,0.2889,NA,26,64,NA,NA,NA,Intron,FALSE,FALSE,FALSE,FALSE,4,2,2,2_2,d4907a1b-8b06-47c5-8bca-c781d9cddaf8,NA
2,145563818,145563818,1,snv_mnv,NA,NA,"broad,dkfz,muse,sanger",4,COSN7345226,NA,NA,FALSE,0.1235,NA,10,71,NA,NA,NA,lincRNA,FALSE,FALSE,TRUE,FALSE,4,2,2,2_2,d4907a1b-8b06-47c5-8bca-c781d9cddaf8,NA
2,145761274,145761274,1,snv_mnv,NA,NA,"broad,dkfz,muse,sanger",4,COSN7345334,NA,L2a,FALSE,0.1522,NA,14,78,NA,NA,NA,lincRNA,FALSE,FALSE,FALSE,FALSE,4,2,2,2_2,d4907a1b-8b06-47c5-8bca-c781d9cddaf8,TEX41
2,146987108,146987108,1,snv_mnv,NA,NA,"broad,dkfz,muse,sanger",4,COSN7107339,NA,NA,FALSE,0.125,NA,9,63,NA,NA,NA,IGR,FALSE,FALSE,FALSE,FALSE,4,2,2,2_2,d4907a1b-8b06-47c5-8bca-c781d9cddaf8,NA
2,147007758,147007758,1,snv_mnv,NA,NA,"broad,dkfz,muse,sanger",4,COSN7107349,NA,NA,FALSE,0.11,NA,11,89,NA,NA,NA,IGR,FALSE,FALSE,FALSE,FALSE,4,2,2,2_2,d4907a1b-8b06-47c5-8bca-c781d9cddaf8,NA
2,147288639,147288639,1,snv_mnv,NA,NA,"broad,dkfz,muse,sanger",4,COSN7107490,NA,NA,FALSE,0.325,NA,26,54,NA,NA,NA,IGR,FALSE,FALSE,FALSE,FALSE,4,2,2,2_2,d4907a1b-8b06-47c5-8bca-c781d9cddaf8,NA
2,147445888,147445888,1,snv_mnv,NA,NA,"broad,dkfz,muse,sanger",4,COSN7107567,NA,MER57E1,FALSE,0.16,NA,12,63,NA,NA,NA,IGR,FALSE,FALSE,FALSE,FALSE,4,2,2,2_2,d4907a1b-8b06-47c5-8bca-c781d9cddaf8,NA
2,148515709,148515709,1,snv_mnv,NA,NA,"dkfz,muse,sanger",3,COSN7107938,NA,L2a,FALSE,0.1231,NA,8,57,NA,NA,NA,IGR,FALSE,FALSE,FALSE,FALSE,4,2,2,2_2,d4907a1b-8b06-47c5-8bca-c781d9cddaf8,NA
2,149222331,149222331,1,snv_mnv,NA,NA,"broad,dkfz,muse,sanger",4,COSN7108186,NA,AluJr,FALSE,0.3,NA,18,42,NA,NA,NA,Intron,FALSE,FALSE,FALSE,FALSE,4,2,2,2_2,d4907a1b-8b06-47c5-8bca-c781d9cddaf8,MBD5
2,150157583,150157583,1,snv_mnv,NA,NA,"broad,dkfz,muse,sanger",4,COSN7108463,NA,L1PBa,FALSE,0.275,NA,22,58,NA,NA,NA,IGR,FALSE,FALSE,FALSE,FALSE,4,2,2,2_2,d4907a1b-8b06-47c5-8bca-c781d9cddaf8,NA
2,150220364,150220364,1,snv_mnv,NA,NA,"broad,dkfz,muse,sanger",4,COSN7108488,NA,NA,FALSE,0.3441,NA,32,61,NA,NA,NA,Intron,FALSE,FALSE,FALSE,FALSE,4,2,2,2_2,d4907a1b-8b06-47c5-8bca-c781d9cddaf8,LYPD6
2,150342160,150342160,1,snv_mnv,NA,NA,"broad,dkfz,muse,sanger",4,COSN7108522,NA,NA,FALSE,0.1392,NA,11,68,NA,NA,NA,IGR,FALSE,FALSE,FALSE,FALSE,4,2,2,2_2,d4907a1b-8b06-47c5-8bca-c781d9cddaf8,NA
2,150706216,150706216,1,snv_mnv,NA,NA,"broad,dkfz,muse,sanger",4,COSN7108635,NA,NA,FALSE,0.1939,NA,19,79,NA,NA,NA,RNA,FALSE,FALSE,FALSE,FALSE,4,2,2,2_2,d4907a1b-8b06-47c5-8bca-c781d9cddaf8,AC007364.1
2,153223451,153223451,1,snv_mnv,NA,NA,"broad,dkfz,muse,sanger",4,COSN7109429,NA,AluJb,FALSE,0.1864,NA,11,48,NA,NA,NA,Intron,FALSE,FALSE,FALSE,FALSE,4,2,2,2_2,d4907a1b-8b06-47c5-8bca-c781d9cddaf8,NA
2,154218969,154218969,1,snv_mnv,NA,NA,"broad,dkfz,muse,sanger",4,COSN7109867,NA,L1PA8,FALSE,0.3333,NA,26,52,NA,NA,NA,IGR,FALSE,FALSE,FALSE,FALSE,4,2,2,2_2,d4907a1b-8b06-47c5-8bca-c781d9cddaf8,NA
2,154314778,154314778,1,snv_mnv,NA,NA,"broad,dkfz,muse,sanger",4,COSN7109941,NA,L2b,FALSE,0.1209,NA,11,80,NA,NA,NA,RNA,FALSE,FALSE,FALSE,FALSE,4,2,2,2_2,d4907a1b-8b06-47c5-8bca-c781d9cddaf8,NA
2,154431045,154431045,1,snv_mnv,NA,NA,"broad,dkfz,muse,sanger",4,COSN7110013,NA,L1M1,FALSE,0.1308,NA,14,93,NA,NA,NA,RNA,FALSE,FALSE,FALSE,FALSE,4,2,2,2_2,d4907a1b-8b06-47c5-8bca-c781d9cddaf8,NA
2,154461422,154461422,1,snv_mnv,NA,NA,"broad,dkfz,muse,sanger",4,COSN7110031,NA,NA,FALSE,0.3125,NA,30,66,NA,NA,NA,IGR,FALSE,FALSE,FALSE,FALSE,4,2,2,2_2,d4907a1b-8b06-47c5-8bca-c781d9cddaf8,NA
2,154873490,154873490,1,snv_mnv,NA,NA,"broad,dkfz,muse,sanger",4,COSN7110369,NA,NA,FALSE,0.1977,NA,17,69,NA,NA,NA,Intron,FALSE,FALSE,FALSE,FALSE,4,2,2,2_2,d4907a1b-8b06-47c5-8bca-c781d9cddaf8,NA
2,154952986,154952986,1,snv_mnv,NA,NA,"broad,dkfz,muse,sanger",4,COSN7110416,NA,NA,FALSE,0.3085,NA,29,65,NA,NA,NA,Intron,FALSE,FALSE,FALSE,FALSE,4,2,2,2_2,d4907a1b-8b06-47c5-8bca-c781d9cddaf8,NA
2,155263227,155263227,1,snv_mnv,NA,NA,"broad,dkfz,muse,sanger",4,COSN7110600,NA,L2a,FALSE,0.1839,NA,16,71,NA,NA,NA,Intron,FALSE,FALSE,FALSE,FALSE,4,2,2,2_2,d4907a1b-8b06-47c5-8bca-c781d9cddaf8,GALNT13
2,155810883,155810883,1,snv_mnv,NA,NA,"broad,dkfz,muse,sanger",4,COSN7110863,NA,Tigger1,FALSE,0.1379,NA,12,75,NA,NA,NA,IGR,FALSE,FALSE,FALSE,FALSE,4,2,2,2_2,d4907a1b-8b06-47c5-8bca-c781d9cddaf8,NA
2,156062297,156062297,1,snv_mnv,NA,NA,"broad,dkfz,muse,sanger",4,COSN7110986,NA,NA,FALSE,0.2346,NA,19,62,NA,NA,NA,IGR,FALSE,FALSE,FALSE,FALSE,4,2,2,2_2,d4907a1b-8b06-47c5-8bca-c781d9cddaf8,NA
2,156151227,156151227,1,snv_mnv,NA,NA,"broad,dkfz,muse,sanger",4,COSN7111027,NA,L1ME3E,FALSE,0.1313,NA,13,86,NA,NA,NA,IGR,FALSE,FALSE,FALSE,FALSE,4,2,2,2_2,d4907a1b-8b06-47c5-8bca-c781d9cddaf8,NA
2,156255750,156255750,1,snv_mnv,NA,NA,"broad,dkfz,muse,sanger",4,COSN7111069,NA,NA,FALSE,0.1429,NA,10,60,NA,NA,NA,IGR,FALSE,FALSE,TRUE,FALSE,4,2,2,2_2,d4907a1b-8b06-47c5-8bca-c781d9cddaf8,NA
2,156297902,156297902,1,snv_mnv,NA,NA,"broad,dkfz,muse,sanger",4,COSN7111090,NA,NA,FALSE,0.2353,NA,24,78,NA,NA,NA,IGR,FALSE,FALSE,FALSE,FALSE,4,2,2,2_2,d4907a1b-8b06-47c5-8bca-c781d9cddaf8,NA
2,156349452,156349452,1,snv_mnv,NA,NA,"broad,dkfz,muse,sanger",4,COSN7111109,NA,NA,FALSE,0.1429,NA,13,78,NA,NA,NA,IGR,FALSE,FALSE,FALSE,FALSE,4,2,2,2_2,d4907a1b-8b06-47c5-8bca-c781d9cddaf8,NA
2,156380963,156380963,1,snv_mnv,NA,NA,"broad,dkfz,muse,sanger",4,COSN7111123,NA,L3,FALSE,0.1275,NA,13,89,NA,NA,NA,IGR,FALSE,FALSE,FALSE,FALSE,4,2,2,2_2,d4907a1b-8b06-47c5-8bca-c781d9cddaf8,NA
2,156388378,156388378,1,snv_mnv,NA,NA,"broad,dkfz,muse,sanger",4,COSN7111129,NA,L1MA8,FALSE,0.2344,NA,15,49,NA,NA,NA,IGR,FALSE,FALSE,FALSE,FALSE,4,2,2,2_2,d4907a1b-8b06-47c5-8bca-c781d9cddaf8,NA
2,156792445,156792445,1,snv_mnv,NA,NA,"broad,dkfz,muse,sanger",4,COSN7111298,NA,L1MEg,FALSE,0.2892,NA,24,59,NA,NA,NA,IGR,FALSE,FALSE,FALSE,FALSE,4,2,2,2_2,d4907a1b-8b06-47c5-8bca-c781d9cddaf8,NA
2,157793356,157793356,1,snv_mnv,NA,NA,"broad,dkfz,muse,sanger",4,COSN7111566,NA,AluSq,FALSE,0.2899,NA,20,49,NA,NA,NA,IGR,FALSE,FALSE,TRUE,FALSE,4,2,2,2_2,d4907a1b-8b06-47c5-8bca-c781d9cddaf8,NA
2,157971525,157971525,1,snv_mnv,0.0013978,rs185452522,"dkfz,muse",2,COSN7111615,rs185452522,AluJr,FALSE,0.2911,NA,23,56,NA,NA,NA,IGR,FALSE,FALSE,FALSE,FALSE,4,2,2,2_2,d4907a1b-8b06-47c5-8bca-c781d9cddaf8,NA
2,158835360,158835360,1,snv_mnv,NA,NA,"broad,dkfz,muse",3,COSN7111846,NA,L1MA2,FALSE,0.2449,NA,24,74,NA,NA,NA,Intron,FALSE,FALSE,FALSE,FALSE,4,2,2,2_2,d4907a1b-8b06-47c5-8bca-c781d9cddaf8,NA
2,159218261,159218261,1,snv_mnv,NA,NA,"broad,dkfz,muse,sanger",4,COSN7111954,rs776144729,L1PA7,FALSE,0.1613,NA,15,78,NA,NA,NA,Intron,FALSE,FALSE,FALSE,FALSE,4,2,2,2_2,d4907a1b-8b06-47c5-8bca-c781d9cddaf8,CCDC148
2,160482807,160482807,1,snv_mnv,NA,NA,"broad,dkfz,muse,sanger",4,COSN7112261,NA,L1PA7,FALSE,0.1827,NA,19,85,NA,NA,NA,IGR,FALSE,FALSE,FALSE,FALSE,4,2,2,2_2,d4907a1b-8b06-47c5-8bca-c781d9cddaf8,NA
2,161539412,161539412,1,snv_mnv,NA,NA,"broad,muse,sanger",3,COSN7112532,NA,AluY,FALSE,0.2353,NA,16,52,NA,NA,NA,IGR,FALSE,FALSE,FALSE,FALSE,4,2,2,2_2,d4907a1b-8b06-47c5-8bca-c781d9cddaf8,NA
2,162234486,162234486,1,snv_mnv,NA,NA,"broad,dkfz,muse,sanger",4,COSN7112700,NA,NA,FALSE,0.0928,NA,9,88,NA,NA,NA,Intron,FALSE,FALSE,FALSE,FALSE,4,2,2,2_2,d4907a1b-8b06-47c5-8bca-c781d9cddaf8,PSMD14
2,163002166,163002166,1,snv_mnv,NA,NA,"broad,dkfz,muse,sanger",4,COSM3770923,rs756760173,NA,FALSE,0.1084,NA,9,74,NA,NA,NA,Silent,FALSE,FALSE,FALSE,FALSE,4,2,2,2_2,d4907a1b-8b06-47c5-8bca-c781d9cddaf8,GCG
2,164011804,164011804,1,snv_mnv,NA,NA,"broad,dkfz,muse,sanger",4,COSN7113451,NA,NA,FALSE,0.2414,NA,21,66,NA,NA,NA,IGR,FALSE,FALSE,TRUE,FALSE,4,2,2,2_2,d4907a1b-8b06-47c5-8bca-c781d9cddaf8,RPL7P61
2,164283924,164283924,1,snv_mnv,NA,NA,"broad,dkfz,muse,sanger",4,COSN7113651,NA,NA,FALSE,0.3267,NA,33,68,NA,NA,NA,IGR,FALSE,FALSE,TRUE,FALSE,4,2,2,2_2,d4907a1b-8b06-47c5-8bca-c781d9cddaf8,NA
2,164467071,164467071,1,snv_mnv,NA,NA,"broad,dkfz,muse,sanger",4,COSM3770927,NA,NA,FALSE,0.0972,NA,7,65,NA,NA,NA,Missense_Mutation,FALSE,FALSE,FALSE,FALSE,4,2,2,2_2,d4907a1b-8b06-47c5-8bca-c781d9cddaf8,FIGN
2,164937093,164937093,1,snv_mnv,NA,NA,"broad,dkfz,muse,sanger",4,COSN7114047,NA,NA,FALSE,0.2529,NA,22,65,NA,NA,NA,lincRNA,FALSE,FALSE,FALSE,FALSE,4,2,2,2_2,d4907a1b-8b06-47c5-8bca-c781d9cddaf8,NA
2,165102006,165102006,1,snv_mnv,NA,NA,"broad,dkfz,muse,sanger",4,COSN7114173,NA,AluJb,FALSE,0.2162,NA,16,58,NA,NA,NA,lincRNA,FALSE,FALSE,FALSE,FALSE,4,2,2,2_2,d4907a1b-8b06-47c5-8bca-c781d9cddaf8,NA
2,165820101,165820101,1,snv_mnv,NA,NA,"broad,dkfz,muse,sanger",4,COSN7114394,NA,NA,FALSE,0.1341,NA,11,71,NA,NA,NA,IGR,FALSE,FALSE,FALSE,FALSE,4,2,2,2_2,d4907a1b-8b06-47c5-8bca-c781d9cddaf8,AC019197.1
2,166897700,166897700,1,snv_mnv,NA,NA,"broad,dkfz,muse,sanger",4,COSN7114738,NA,NA,FALSE,0.1279,NA,11,75,NA,NA,NA,Intron,FALSE,FALSE,TRUE,FALSE,4,2,2,2_2,d4907a1b-8b06-47c5-8bca-c781d9cddaf8,"AC010127.1,SCN1A"
2,166966550,166966550,1,snv_mnv,NA,NA,"broad,dkfz,muse,sanger",4,COSN7114779,NA,L1MA3,FALSE,0.1264,NA,11,76,NA,NA,NA,RNA,FALSE,FALSE,FALSE,FALSE,4,2,2,2_2,d4907a1b-8b06-47c5-8bca-c781d9cddaf8,NA
2,167204211,167204211,1,snv_mnv,NA,NA,"broad,dkfz,muse,sanger",4,COSN7114868,NA,MIR,FALSE,0.3868,NA,41,65,NA,NA,NA,Intron,FALSE,FALSE,FALSE,FALSE,4,2,2,2_2,d4907a1b-8b06-47c5-8bca-c781d9cddaf8,NA
2,167227400,167227400,1,snv_mnv,NA,NA,"broad,dkfz,muse,sanger",4,COSN7114876,NA,NA,FALSE,0.2449,NA,24,74,NA,NA,NA,Intron,FALSE,FALSE,FALSE,FALSE,4,2,2,2_2,d4907a1b-8b06-47c5-8bca-c781d9cddaf8,NA
2,167460893,167460893,1,snv_mnv,NA,NA,"broad,dkfz,muse,sanger",4,COSN7114995,NA,NA,FALSE,0.1573,NA,14,75,NA,NA,NA,IGR,FALSE,FALSE,FALSE,FALSE,4,2,2,2_2,d4907a1b-8b06-47c5-8bca-c781d9cddaf8,NA
2,167960264,167960264,1,snv_mnv,NA,NA,"broad,dkfz,muse,sanger",4,COSN7115228,rs746195892,NA,FALSE,0.3218,NA,28,59,NA,NA,NA,Intron,FALSE,FALSE,FALSE,FALSE,4,2,2,2_2,d4907a1b-8b06-47c5-8bca-c781d9cddaf8,NA
2,168526913,168526913,1,snv_mnv,NA,NA,"broad,dkfz,muse,sanger",4,COSN7115446,NA,L1M3c,FALSE,0.2414,NA,21,66,NA,NA,NA,IGR,FALSE,FALSE,FALSE,FALSE,4,2,2,2_2,d4907a1b-8b06-47c5-8bca-c781d9cddaf8,NA
2,168563518,168563518,1,snv_mnv,NA,NA,"broad,dkfz,muse,sanger",4,COSN7115455,NA,MLT1G1,FALSE,0.2063,NA,13,50,NA,NA,NA,IGR,FALSE,FALSE,TRUE,FALSE,4,2,2,2_2,d4907a1b-8b06-47c5-8bca-c781d9cddaf8,NA
2,168734877,168734877,1,snv_mnv,NA,NA,"broad,dkfz,muse,sanger",4,COSN7115509,NA,NA,FALSE,0.1176,NA,10,75,NA,NA,NA,RNA,FALSE,FALSE,FALSE,FALSE,4,2,2,2_2,d4907a1b-8b06-47c5-8bca-c781d9cddaf8,B3GALT1
2,168758567,168758567,1,snv_mnv,1.9968e-4,rs537086680,"broad,dkfz,muse,sanger",4,COSN7115519,rs537086680,MADE1,FALSE,0.3333,NA,27,54,NA,NA,NA,RNA,FALSE,FALSE,FALSE,FALSE,4,2,2,2_2,d4907a1b-8b06-47c5-8bca-c781d9cddaf8,NA
2,168805440,168805440,1,snv_mnv,NA,NA,"broad,dkfz,muse,sanger",4,COSN7115535,NA,NA,FALSE,0.1556,NA,14,76,NA,NA,NA,IGR,FALSE,FALSE,FALSE,FALSE,4,2,2,2_2,d4907a1b-8b06-47c5-8bca-c781d9cddaf8,NA
2,169831268,169831268,1,snv_mnv,NA,NA,"broad,dkfz,muse,sanger",4,COSN7115817,NA,MADE1,FALSE,0.3011,NA,28,65,NA,NA,NA,Intron,FALSE,FALSE,FALSE,FALSE,4,2,2,2_2,d4907a1b-8b06-47c5-8bca-c781d9cddaf8,ABCB11
2,171322118,171322118,1,snv_mnv,NA,NA,"broad,dkfz,muse,sanger",4,COSN7116258,NA,NA,FALSE,0.2206,NA,15,53,NA,NA,NA,Intron,FALSE,FALSE,FALSE,FALSE,4,2,2,2_2,d4907a1b-8b06-47c5-8bca-c781d9cddaf8,NA
2,171442505,171442505,1,snv_mnv,NA,NA,"broad,dkfz,muse,sanger",4,COSN7116284,NA,AluSz6,FALSE,0.1857,NA,13,57,NA,NA,NA,Intron,FALSE,FALSE,FALSE,FALSE,4,2,2,2_2,d4907a1b-8b06-47c5-8bca-c781d9cddaf8,NA
2,173441886,173441886,1,snv_mnv,NA,NA,"broad,dkfz,muse,sanger",4,COSN7116912,NA,L1MB7,FALSE,0.1273,NA,14,96,NA,NA,NA,Intron,FALSE,FALSE,FALSE,FALSE,4,2,2,2_2,d4907a1b-8b06-47c5-8bca-c781d9cddaf8,NA
2,173955604,173955604,1,snv_mnv,NA,NA,"broad,dkfz,muse,sanger",4,COSN7117078,NA,NA,FALSE,0.2967,NA,27,64,NA,NA,NA,Intron,FALSE,FALSE,TRUE,FALSE,4,2,2,2_2,d4907a1b-8b06-47c5-8bca-c781d9cddaf8,NA
2,174101078,174101078,1,snv_mnv,NA,NA,"broad,dkfz,muse,sanger",4,COSN7117124,NA,NA,FALSE,0.137,NA,10,63,NA,NA,NA,Intron,FALSE,FALSE,FALSE,FALSE,4,2,2,2_2,d4907a1b-8b06-47c5-8bca-c781d9cddaf8,NA
2,174382508,174382508,1,snv_mnv,NA,NA,"broad,dkfz,muse,sanger",4,COSN7117209,NA,AluY,FALSE,0.1017,NA,6,53,NA,NA,NA,IGR,FALSE,FALSE,FALSE,FALSE,4,2,2,2_2,d4907a1b-8b06-47c5-8bca-c781d9cddaf8,NA
2,175490024,175490024,1,snv_mnv,NA,NA,"broad,dkfz,muse,sanger",4,COSN7147364,rs769240023,NA,FALSE,0.2821,NA,22,56,NA,NA,NA,Intron,FALSE,FALSE,FALSE,FALSE,4,2,2,2_2,d4907a1b-8b06-47c5-8bca-c781d9cddaf8,WIPF1
2,175574467,175574467,1,snv_mnv,NA,NA,"broad,dkfz,muse,sanger",4,COSN7147394,rs572662242,LTR12C,FALSE,0.3889,NA,21,33,NA,NA,NA,RNA,FALSE,FALSE,FALSE,FALSE,4,2,2,2_2,d4907a1b-8b06-47c5-8bca-c781d9cddaf8,NA
2,176368582,176368582,1,snv_mnv,NA,NA,"broad,dkfz,muse,sanger",4,COSN7147709,NA,L1MB4,FALSE,0.3125,NA,30,66,NA,NA,NA,IGR,FALSE,FALSE,TRUE,FALSE,4,2,2,2_2,d4907a1b-8b06-47c5-8bca-c781d9cddaf8,NA
2,176494489,176494489,1,snv_mnv,NA,NA,"broad,dkfz,muse,sanger",4,COSN7147782,NA,MER5A,FALSE,0.3372,NA,29,57,NA,NA,NA,IGR,FALSE,FALSE,FALSE,FALSE,4,2,2,2_2,d4907a1b-8b06-47c5-8bca-c781d9cddaf8,NA
2,177009834,177009834,1,snv_mnv,NA,NA,"broad,dkfz,muse,sanger",4,COSN7148040,NA,NA,FALSE,0.1818,NA,16,72,NA,NA,NA,IGR,FALSE,FALSE,FALSE,FALSE,4,2,2,2_2,d4907a1b-8b06-47c5-8bca-c781d9cddaf8,NA
2,178242451,178242451,1,snv_mnv,5.9904e-4,rs533040040,"broad,dkfz,muse,sanger",4,COSN7148472,rs533040040,NA,FALSE,0.1467,NA,11,64,NA,NA,NA,Intron,FALSE,FALSE,FALSE,FALSE,4,2,2,2_2,d4907a1b-8b06-47c5-8bca-c781d9cddaf8,NA
2,178899545,178899545,1,snv_mnv,NA,NA,"broad,muse,sanger",3,COSN7148626,NA,L1PA8,FALSE,0.1538,NA,8,44,NA,NA,NA,Intron,FALSE,FALSE,FALSE,FALSE,4,2,2,2_2,d4907a1b-8b06-47c5-8bca-c781d9cddaf8,RNU6-629P
2,179456648,179456648,1,snv_mnv,NA,NA,"broad,dkfz,muse,sanger",4,COSN7148778,NA,NA,FALSE,0.2169,NA,18,65,NA,NA,NA,Intron,FALSE,FALSE,TRUE,FALSE,4,2,2,2_2,d4907a1b-8b06-47c5-8bca-c781d9cddaf8,TTN-AS1
2,179636593,179636593,1,snv_mnv,NA,NA,"broad,dkfz,muse,sanger",4,COSN7148826,NA,NA,FALSE,0.3034,NA,27,62,NA,NA,NA,Intron,FALSE,FALSE,FALSE,FALSE,4,2,2,2_2,d4907a1b-8b06-47c5-8bca-c781d9cddaf8,"TTN-AS1,TTN"
2,180402241,180402241,1,snv_mnv,NA,NA,"broad,dkfz,muse,sanger",4,COSN7149073,rs542472205,AluSx,FALSE,0.2692,NA,21,57,NA,NA,NA,Intron,FALSE,FALSE,FALSE,FALSE,4,2,2,2_2,d4907a1b-8b06-47c5-8bca-c781d9cddaf8,ZNF385B
2,183248979,183248979,1,snv_mnv,NA,NA,"broad,dkfz,muse,sanger",4,COSN7150028,NA,L1M1,FALSE,0.2586,NA,15,43,NA,NA,NA,Intron,FALSE,FALSE,FALSE,FALSE,4,2,2,2_2,d4907a1b-8b06-47c5-8bca-c781d9cddaf8,NA
2,183881551,183881551,1,snv_mnv,NA,NA,"broad,dkfz,muse,sanger",4,COSN7150220,NA,NA,FALSE,0.1034,NA,6,52,NA,NA,NA,Intron,FALSE,FALSE,FALSE,FALSE,4,2,2,2_2,d4907a1b-8b06-47c5-8bca-c781d9cddaf8,NA
2,184193789,184193789,1,snv_mnv,NA,NA,"broad,dkfz,muse,sanger",4,COSN7150310,NA,AluSg,FALSE,0.3043,NA,21,48,NA,NA,NA,IGR,FALSE,FALSE,FALSE,FALSE,4,2,2,2_2,d4907a1b-8b06-47c5-8bca-c781d9cddaf8,NA
2,184363472,184363472,1,snv_mnv,NA,NA,"broad,dkfz,muse,sanger",4,COSN7150405,NA,L1MA4,FALSE,0.2952,NA,31,74,NA,NA,NA,IGR,FALSE,FALSE,FALSE,FALSE,4,2,2,2_2,d4907a1b-8b06-47c5-8bca-c781d9cddaf8,NA
2,184567985,184567985,1,snv_mnv,NA,NA,"broad,dkfz,muse,sanger",4,COSN7150545,NA,L1PA16,FALSE,0.2,NA,16,64,NA,NA,NA,IGR,FALSE,FALSE,FALSE,FALSE,4,2,2,2_2,d4907a1b-8b06-47c5-8bca-c781d9cddaf8,NA
2,184590077,184590077,1,snv_mnv,NA,NA,"broad,dkfz,muse,sanger",4,COSN7150564,NA,NA,FALSE,0.3077,NA,20,45,NA,NA,NA,IGR,FALSE,FALSE,FALSE,FALSE,4,2,2,2_2,d4907a1b-8b06-47c5-8bca-c781d9cddaf8,NA
2,184953160,184953160,1,snv_mnv,NA,NA,"broad,dkfz,muse,sanger",4,COSN7150833,NA,NA,FALSE,0.1376,NA,15,94,NA,NA,NA,IGR,FALSE,FALSE,FALSE,FALSE,4,2,2,2_2,d4907a1b-8b06-47c5-8bca-c781d9cddaf8,NA
2,185038767,185038767,1,snv_mnv,1.9968e-4,rs188894396,"broad,dkfz,muse,sanger",4,COSN7150895,rs188894396,L1ME4a,FALSE,0.1222,NA,11,79,NA,NA,NA,IGR,FALSE,FALSE,FALSE,FALSE,4,2,2,2_2,d4907a1b-8b06-47c5-8bca-c781d9cddaf8,NA
2,185141820,185141820,1,snv_mnv,NA,NA,"broad,dkfz,muse,sanger",4,COSN7150977,NA,NA,FALSE,0.1165,NA,12,91,NA,NA,NA,IGR,FALSE,FALSE,FALSE,FALSE,4,2,2,2_2,d4907a1b-8b06-47c5-8bca-c781d9cddaf8,NA
2,185266601,185266601,1,snv_mnv,NA,NA,"broad,dkfz,muse,sanger",4,COSN7151073,NA,MSTB,FALSE,0.2533,NA,19,56,NA,NA,NA,IGR,FALSE,FALSE,FALSE,FALSE,4,2,2,2_2,d4907a1b-8b06-47c5-8bca-c781d9cddaf8,NA
2,185448369,185448369,1,snv_mnv,1.9968e-4,rs549365165,"broad,dkfz,muse,sanger",4,COSN7151202,rs549365165,L1MC2,FALSE,0.2737,NA,26,69,NA,NA,NA,IGR,FALSE,FALSE,FALSE,FALSE,4,2,2,2_2,d4907a1b-8b06-47c5-8bca-c781d9cddaf8,NA
2,185455513,185455513,1,snv_mnv,NA,NA,"broad,dkfz,muse,sanger",4,COSN7151211,NA,L1PA16,FALSE,0.3,NA,27,63,NA,NA,NA,IGR,FALSE,FALSE,FALSE,FALSE,4,2,2,2_2,d4907a1b-8b06-47c5-8bca-c781d9cddaf8,AC096667.1
2,185826217,185826217,1,snv_mnv,NA,NA,"broad,dkfz,muse,sanger",4,COSN7151463,NA,L1MCb,FALSE,0.1553,NA,16,87,NA,NA,NA,IGR,FALSE,FALSE,TRUE,FALSE,4,2,2,2_2,d4907a1b-8b06-47c5-8bca-c781d9cddaf8,NA
2,185879051,185879051,1,snv_mnv,NA,NA,"broad,dkfz,muse,sanger",4,COSN7151499,NA,MER61-int,FALSE,0.1313,NA,13,86,NA,NA,NA,IGR,FALSE,FALSE,FALSE,FALSE,4,2,2,2_2,d4907a1b-8b06-47c5-8bca-c781d9cddaf8,NA
2,185879052,185879052,1,snv_mnv,NA,NA,"broad,dkfz,muse,sanger",4,COSN7151500,NA,MER61-int,FALSE,0.1313,NA,13,86,NA,NA,NA,IGR,FALSE,FALSE,FALSE,FALSE,4,2,2,2_2,d4907a1b-8b06-47c5-8bca-c781d9cddaf8,NA
2,185965989,185965989,1,snv_mnv,NA,NA,"broad,dkfz,muse,sanger",4,COSN7151551,NA,NA,FALSE,0.266,NA,25,69,NA,NA,NA,IGR,FALSE,FALSE,FALSE,FALSE,4,2,2,2_2,d4907a1b-8b06-47c5-8bca-c781d9cddaf8,NA
2,186459151,186459151,1,snv_mnv,NA,NA,"broad,dkfz,muse,sanger",4,COSN7151816,NA,L1PA6,FALSE,0.24,NA,24,76,NA,NA,NA,IGR,FALSE,FALSE,FALSE,FALSE,4,2,2,2_2,d4907a1b-8b06-47c5-8bca-c781d9cddaf8,NA
2,186638064,186638064,1,snv_mnv,NA,NA,"broad,dkfz,muse,sanger",4,COSN7151863,NA,L1M2,FALSE,0.2636,NA,29,81,NA,NA,NA,Intron,FALSE,FALSE,FALSE,FALSE,4,2,2,2_2,d4907a1b-8b06-47c5-8bca-c781d9cddaf8,NA
2,187609501,187609501,1,snv_mnv,NA,NA,"broad,muse,sanger",3,COSN7152182,NA,AluSp,FALSE,0.2083,NA,15,57,NA,NA,NA,Intron,FALSE,FALSE,FALSE,FALSE,4,2,2,2_2,d4907a1b-8b06-47c5-8bca-c781d9cddaf8,NA
2,188236602,188236602,1,snv_mnv,NA,NA,"broad,dkfz,muse,sanger",4,COSN7152413,NA,NA,FALSE,0.3537,NA,29,53,NA,NA,NA,Intron,FALSE,FALSE,FALSE,FALSE,4,2,2,2_2,d4907a1b-8b06-47c5-8bca-c781d9cddaf8,NA
2,189138788,189138788,1,snv_mnv,NA,NA,"broad,dkfz,muse,sanger",4,COSN7152699,NA,NA,FALSE,0.3163,NA,31,67,NA,NA,NA,lincRNA,FALSE,FALSE,FALSE,FALSE,4,2,2,2_2,d4907a1b-8b06-47c5-8bca-c781d9cddaf8,RNA5SP114
2,189342768,189342768,1,snv_mnv,NA,NA,"broad,dkfz,muse,sanger",4,COSN7152760,NA,NA,FALSE,0.1277,NA,12,82,NA,NA,NA,Intron,FALSE,FALSE,FALSE,FALSE,4,2,2,2_2,d4907a1b-8b06-47c5-8bca-c781d9cddaf8,NA
2,190743319,190743319,1,snv_mnv,NA,NA,"broad,dkfz,muse,sanger",4,COSN7153174,NA,NA,FALSE,0.2727,NA,27,72,NA,NA,NA,IGR,FALSE,FALSE,FALSE,FALSE,4,2,2,2_2,d4907a1b-8b06-47c5-8bca-c781d9cddaf8,"PMS1,C2orf88"
2,190792742,190792742,1,snv_mnv,NA,NA,"broad,dkfz,muse,sanger",4,COSN7153188,NA,L1MC4,FALSE,0.1616,NA,16,83,NA,NA,NA,Intron,FALSE,FALSE,FALSE,FALSE,4,2,2,2_2,d4907a1b-8b06-47c5-8bca-c781d9cddaf8,"HNRNPCP2,AC019178.1"
2,192470089,192470089,1,snv_mnv,9.984e-4,rs181727528,"broad,dkfz,muse,sanger",4,COSN7153610,rs181727528,L1MC4,FALSE,0.1238,NA,13,92,NA,NA,NA,IGR,FALSE,FALSE,FALSE,FALSE,4,2,2,2_2,d4907a1b-8b06-47c5-8bca-c781d9cddaf8,NA
2,193465530,193465530,1,snv_mnv,NA,NA,"broad,dkfz,muse,sanger",4,COSN7153971,NA,SATR1,FALSE,0.1266,NA,10,69,NA,NA,NA,IGR,FALSE,FALSE,FALSE,FALSE,4,2,2,2_2,d4907a1b-8b06-47c5-8bca-c781d9cddaf8,NA
2,193500707,193500707,1,snv_mnv,NA,NA,"broad,dkfz,muse,sanger",4,COSN7153994,NA,L1M1,FALSE,0.2,NA,12,48,NA,NA,NA,lincRNA,FALSE,FALSE,FALSE,FALSE,4,2,2,2_2,d4907a1b-8b06-47c5-8bca-c781d9cddaf8,NA
2,193848422,193848422,1,snv_mnv,NA,NA,"broad,dkfz,muse,sanger",4,COSN7154157,NA,NA,FALSE,0.1176,NA,10,75,NA,NA,NA,IGR,FALSE,FALSE,TRUE,FALSE,4,2,2,2_2,d4907a1b-8b06-47c5-8bca-c781d9cddaf8,NA
2,194603806,194603806,1,snv_mnv,NA,NA,"broad,dkfz,muse,sanger",4,COSN7154515,NA,L1M1,FALSE,0.1324,NA,9,59,NA,NA,NA,IGR,FALSE,FALSE,FALSE,FALSE,4,2,2,2_2,d4907a1b-8b06-47c5-8bca-c781d9cddaf8,NA
2,194927021,194927021,1,snv_mnv,NA,NA,"broad,dkfz,muse,sanger",4,COSN7154758,rs753592764,NA,FALSE,0.1839,NA,16,71,NA,NA,NA,IGR,FALSE,FALSE,FALSE,FALSE,4,2,2,2_2,d4907a1b-8b06-47c5-8bca-c781d9cddaf8,NA
2,196110154,196110154,1,snv_mnv,NA,NA,"broad,dkfz,muse,sanger",4,COSN7155586,NA,NA,FALSE,0.2581,NA,24,69,NA,NA,NA,IGR,FALSE,FALSE,FALSE,FALSE,4,2,2,2_2,d4907a1b-8b06-47c5-8bca-c781d9cddaf8,NA
2,196222445,196222445,1,snv_mnv,NA,NA,"broad,dkfz,muse,sanger",4,COSN7155624,NA,NA,FALSE,0.2887,NA,28,69,NA,NA,NA,IGR,FALSE,FALSE,FALSE,FALSE,4,2,2,2_2,d4907a1b-8b06-47c5-8bca-c781d9cddaf8,NA
2,196419559,196419559,1,snv_mnv,NA,NA,"broad,dkfz,muse,sanger",4,COSN7155698,NA,AluJb,FALSE,0.2571,NA,18,52,NA,NA,NA,IGR,FALSE,FALSE,TRUE,FALSE,4,2,2,2_2,d4907a1b-8b06-47c5-8bca-c781d9cddaf8,NA
2,196684791,196684791,1,snv_mnv,NA,NA,"broad,dkfz,muse,sanger",4,COSN7155795,NA,NA,FALSE,0.2857,NA,24,60,NA,NA,NA,Intron,FALSE,FALSE,FALSE,FALSE,4,2,2,2_2,d4907a1b-8b06-47c5-8bca-c781d9cddaf8,NA
2,197480033,197480033,1,snv_mnv,NA,NA,"broad,dkfz,muse,sanger",4,COSN7156083,NA,L1MA4,FALSE,0.1649,NA,16,81,NA,NA,NA,IGR,FALSE,FALSE,FALSE,FALSE,4,2,2,2_2,d4907a1b-8b06-47c5-8bca-c781d9cddaf8,NA
2,198258629,198258629,1,snv_mnv,NA,NA,"broad,dkfz,muse,sanger",4,COSN7156285,rs751663020,AluSq,FALSE,0.1452,NA,9,53,NA,NA,NA,Intron,FALSE,FALSE,FALSE,FALSE,4,2,2,2_2,d4907a1b-8b06-47c5-8bca-c781d9cddaf8,SF3B1
2,198693323,198693323,1,snv_mnv,NA,NA,"broad,muse",2,COSN7156414,NA,NA,FALSE,0.11,NA,11,89,NA,NA,NA,Intron,FALSE,FALSE,FALSE,FALSE,4,2,2,2_2,d4907a1b-8b06-47c5-8bca-c781d9cddaf8,NA
2,198882206,198882206,1,snv_mnv,NA,NA,"broad,dkfz,muse,sanger",4,COSN7156509,NA,NA,FALSE,0.2632,NA,20,56,NA,NA,NA,Intron,FALSE,FALSE,FALSE,FALSE,4,2,2,2_2,d4907a1b-8b06-47c5-8bca-c781d9cddaf8,NA
2,199087385,199087385,1,snv_mnv,NA,NA,"broad,dkfz,muse,sanger",4,COSN7156623,NA,NA,FALSE,0.2568,NA,19,55,NA,NA,NA,IGR,FALSE,FALSE,FALSE,FALSE,4,2,2,2_2,d4907a1b-8b06-47c5-8bca-c781d9cddaf8,NA
2,199107654,199107654,1,snv_mnv,NA,NA,"broad,dkfz,muse,sanger",4,COSN7156638,NA,NA,FALSE,0.1818,NA,12,54,NA,NA,NA,IGR,FALSE,FALSE,FALSE,FALSE,4,2,2,2_2,d4907a1b-8b06-47c5-8bca-c781d9cddaf8,NA
2,199222903,199222903,1,snv_mnv,NA,NA,"broad,dkfz,muse,sanger",4,COSN7156697,NA,NA,FALSE,0.2842,NA,27,68,NA,NA,NA,Intron,FALSE,FALSE,FALSE,FALSE,4,2,2,2_2,d4907a1b-8b06-47c5-8bca-c781d9cddaf8,PLCL1
2,199266147,199266147,1,snv_mnv,NA,NA,"broad,dkfz,muse,sanger",4,COSN7156728,NA,MLT1D,FALSE,0.2658,NA,21,58,NA,NA,NA,Intron,FALSE,FALSE,FALSE,FALSE,4,2,2,2_2,d4907a1b-8b06-47c5-8bca-c781d9cddaf8,NA
2,199445479,199445479,1,snv_mnv,NA,NA,"broad,dkfz,muse,sanger",4,COSN7156864,NA,NA,FALSE,0.3882,NA,33,52,NA,NA,NA,lincRNA,FALSE,FALSE,FALSE,FALSE,4,2,2,2_2,d4907a1b-8b06-47c5-8bca-c781d9cddaf8,NA
2,199475598,199475598,1,snv_mnv,NA,NA,"broad,dkfz,muse,sanger",4,COSN7156883,NA,MER5A,FALSE,0.2404,NA,25,79,NA,NA,NA,lincRNA,FALSE,FALSE,FALSE,FALSE,4,2,2,2_2,d4907a1b-8b06-47c5-8bca-c781d9cddaf8,NA
2,199655075,199655075,1,snv_mnv,NA,NA,"broad,dkfz,muse,sanger",4,COSN7157016,NA,NA,FALSE,0.2435,NA,28,87,NA,NA,NA,IGR,FALSE,FALSE,FALSE,FALSE,4,2,2,2_2,d4907a1b-8b06-47c5-8bca-c781d9cddaf8,NA
2,199681023,199681023,1,snv_mnv,NA,NA,"broad,dkfz,muse,sanger",4,COSN6931625,NA,Charlie7a,FALSE,0.1413,NA,13,79,NA,NA,NA,IGR,FALSE,FALSE,FALSE,FALSE,4,2,2,2_2,d4907a1b-8b06-47c5-8bca-c781d9cddaf8,NA
2,200057037,200057037,1,snv_mnv,0.0013978,rs529138836,"broad,dkfz,muse,sanger",4,COSN19594919,rs529138836,AluSc5,FALSE,0.1636,NA,9,46,NA,NA,NA,RNA,FALSE,FALSE,TRUE,FALSE,4,2,2,2_2,d4907a1b-8b06-47c5-8bca-c781d9cddaf8,NA
2,200122161,200122161,1,snv_mnv,NA,NA,"broad,dkfz,muse,sanger",4,COSN6931949,NA,NA,FALSE,0.2581,NA,24,69,NA,NA,NA,IGR,FALSE,FALSE,FALSE,FALSE,4,2,2,2_2,d4907a1b-8b06-47c5-8bca-c781d9cddaf8,NA
2,200349340,200349340,1,snv_mnv,NA,NA,"broad,dkfz,muse,sanger",4,COSN6932060,NA,MIR3,FALSE,0.2625,NA,21,59,NA,NA,NA,IGR,FALSE,FALSE,FALSE,FALSE,4,2,2,2_2,d4907a1b-8b06-47c5-8bca-c781d9cddaf8,NA
2,200349341,200349341,1,snv_mnv,NA,NA,"broad,dkfz,muse,sanger",4,COSN6932061,NA,MIR3,FALSE,0.2727,NA,21,56,NA,NA,NA,IGR,FALSE,FALSE,FALSE,FALSE,4,2,2,2_2,d4907a1b-8b06-47c5-8bca-c781d9cddaf8,NA
2,201343635,201343635,1,snv_mnv,NA,NA,"broad,muse",2,COSN6932394,NA,AluSx,FALSE,0.3291,NA,26,53,NA,NA,NA,3'UTR,FALSE,FALSE,FALSE,FALSE,4,2,2,2_2,d4907a1b-8b06-47c5-8bca-c781d9cddaf8,SPATS2L
2,202611997,202611997,1,snv_mnv,NA,NA,"broad,dkfz,muse,sanger",4,COSN6932661,NA,NA,FALSE,0.2963,NA,16,38,NA,NA,NA,Intron,FALSE,FALSE,FALSE,FALSE,4,2,2,2_2,d4907a1b-8b06-47c5-8bca-c781d9cddaf8,ALS2
2,203147650,203147650,1,snv_mnv,NA,NA,"broad,dkfz,muse,sanger",4,COSN6932813,NA,NA,FALSE,0.2911,NA,23,56,NA,NA,NA,Intron,FALSE,FALSE,FALSE,FALSE,4,2,2,2_2,d4907a1b-8b06-47c5-8bca-c781d9cddaf8,"RF00575,NOP58"
2,203750889,203750889,1,snv_mnv,7.9872e-4,rs77631131,"broad,dkfz,muse,sanger",4,COSN6932958,rs77631131,NA,FALSE,0.2794,NA,19,49,NA,NA,NA,Intron,FALSE,FALSE,FALSE,FALSE,4,2,2,2_2,d4907a1b-8b06-47c5-8bca-c781d9cddaf8,WDR12
2,205927999,205927999,1,snv_mnv,NA,NA,"broad,dkfz,muse,sanger",4,COSN6933572,NA,L1MA4,FALSE,0.2826,NA,26,66,NA,NA,NA,Intron,FALSE,FALSE,FALSE,FALSE,4,2,2,2_2,d4907a1b-8b06-47c5-8bca-c781d9cddaf8,NA
2,207254500,207254500,1,snv_mnv,NA,NA,"broad,dkfz,muse,sanger",4,COSN6934012,NA,MER68,FALSE,0.1442,NA,15,89,NA,NA,NA,IGR,FALSE,FALSE,FALSE,FALSE,4,2,2,2_2,d4907a1b-8b06-47c5-8bca-c781d9cddaf8,NA
2,207282338,207282338,1,snv_mnv,NA,NA,"broad,dkfz,muse,sanger",4,COSN6934021,NA,MLT1H2,FALSE,0.2667,NA,20,55,NA,NA,NA,IGR,FALSE,FALSE,FALSE,FALSE,4,2,2,2_2,d4907a1b-8b06-47c5-8bca-c781d9cddaf8,HNRNPA1P51
2,207604624,207604624,1,snv_mnv,NA,NA,"broad,dkfz,muse,sanger",4,COSN6934191,NA,NA,FALSE,0.2626,NA,26,73,NA,NA,NA,Intron,FALSE,FALSE,FALSE,FALSE,4,2,2,2_2,d4907a1b-8b06-47c5-8bca-c781d9cddaf8,NA
2,208545823,208545823,1,snv_mnv,NA,NA,"broad,dkfz,muse,sanger",4,COSN6934442,NA,AluSz,FALSE,0.2716,NA,22,59,NA,NA,NA,RNA,FALSE,FALSE,FALSE,FALSE,4,2,2,2_2,d4907a1b-8b06-47c5-8bca-c781d9cddaf8,"RNU6-664P,PPP1R14BP2"
2,211508734,211508734,1,snv_mnv,NA,NA,"broad,dkfz,muse,sanger",4,COSN6935498,NA,AT_rich,FALSE,0.1495,NA,16,91,NA,NA,NA,Intron,FALSE,FALSE,FALSE,FALSE,4,2,2,2_2,d4907a1b-8b06-47c5-8bca-c781d9cddaf8,NA
2,211704869,211704869,1,snv_mnv,NA,NA,"broad,dkfz,muse,sanger",4,COSN6935579,NA,Tigger7,FALSE,0.2603,NA,19,54,NA,NA,NA,IGR,FALSE,FALSE,FALSE,FALSE,4,2,2,2_2,d4907a1b-8b06-47c5-8bca-c781d9cddaf8,NA
2,211836266,211836266,1,snv_mnv,NA,NA,"broad,dkfz,muse,sanger",4,COSN6935640,NA,NA,FALSE,0.1538,NA,14,77,NA,NA,NA,IGR,FALSE,FALSE,FALSE,FALSE,4,2,2,2_2,d4907a1b-8b06-47c5-8bca-c781d9cddaf8,NA
2,212191227,212191227,1,snv_mnv,NA,NA,"broad,dkfz,muse,sanger",4,COSN6935882,NA,NA,FALSE,0.2661,NA,29,80,NA,NA,NA,IGR,FALSE,FALSE,FALSE,FALSE,4,2,2,2_2,d4907a1b-8b06-47c5-8bca-c781d9cddaf8,NA
2,212249845,212249845,1,snv_mnv,NA,NA,"broad,dkfz,muse,sanger",4,COSN6935921,NA,NA,FALSE,0.13,NA,13,87,NA,NA,NA,Intron,FALSE,FALSE,FALSE,FALSE,4,2,2,2_2,d4907a1b-8b06-47c5-8bca-c781d9cddaf8,NA
2,212439910,212439910,1,snv_mnv,NA,NA,"broad,dkfz,muse,sanger",4,COSN6936071,NA,NA,FALSE,0.1084,NA,9,74,NA,NA,NA,Intron,FALSE,FALSE,FALSE,FALSE,4,2,2,2_2,d4907a1b-8b06-47c5-8bca-c781d9cddaf8,NA
2,212485683,212485683,1,snv_mnv,NA,NA,"broad,muse,sanger",3,COSN8278761,NA,AluJo,FALSE,0.0769,NA,5,60,NA,NA,NA,Intron,FALSE,FALSE,TRUE,FALSE,4,2,2,2_2,d4907a1b-8b06-47c5-8bca-c781d9cddaf8,NA
2,212520402,212520402,1,snv_mnv,NA,NA,"broad,dkfz,muse,sanger",4,COSN6936151,NA,NA,FALSE,0.1481,NA,16,92,NA,NA,NA,Intron,FALSE,FALSE,FALSE,FALSE,4,2,2,2_2,d4907a1b-8b06-47c5-8bca-c781d9cddaf8,ERBB4
2,212698287,212698287,1,snv_mnv,NA,NA,"broad,dkfz,muse,sanger",4,COSN6936299,NA,MLT1L,FALSE,0.2941,NA,30,72,NA,NA,NA,Intron,FALSE,FALSE,FALSE,FALSE,4,2,2,2_2,d4907a1b-8b06-47c5-8bca-c781d9cddaf8,NA
2,213020257,213020257,1,snv_mnv,NA,NA,"broad,dkfz,muse,sanger",4,COSN6936565,NA,MER5A,FALSE,0.2967,NA,27,64,NA,NA,NA,Intron,FALSE,FALSE,FALSE,FALSE,4,2,2,2_2,d4907a1b-8b06-47c5-8bca-c781d9cddaf8,NA
2,213230312,213230312,1,snv_mnv,NA,NA,"broad,dkfz,muse,sanger",4,COSN6936717,NA,NA,FALSE,0.1818,NA,18,81,NA,NA,NA,Intron,FALSE,FALSE,FALSE,FALSE,4,2,2,2_2,d4907a1b-8b06-47c5-8bca-c781d9cddaf8,NA
2,213655425,213655425,1,snv_mnv,1.9968e-4,rs560012036,"broad,dkfz,muse,sanger",4,COSN6936921,rs560012036,L1PA4,FALSE,0.1383,NA,13,81,NA,NA,NA,RNA,FALSE,FALSE,FALSE,FALSE,4,2,2,2_2,d4907a1b-8b06-47c5-8bca-c781d9cddaf8,LINC01878
2,214853327,214853327,1,snv_mnv,NA,NA,"broad,dkfz,muse,sanger",4,COSN6937397,NA,L1MD,FALSE,0.2308,NA,21,70,NA,NA,NA,Intron,FALSE,FALSE,TRUE,FALSE,4,2,2,2_2,d4907a1b-8b06-47c5-8bca-c781d9cddaf8,NA
2,215118551,215118551,1,snv_mnv,NA,NA,"broad,dkfz,muse,sanger",4,COSN6937569,NA,L1PA7,FALSE,0.2955,NA,26,62,NA,NA,NA,Intron,FALSE,FALSE,FALSE,FALSE,4,2,2,2_2,d4907a1b-8b06-47c5-8bca-c781d9cddaf8,NA
2,215174498,215174498,1,snv_mnv,NA,NA,"broad,dkfz,muse,sanger",4,COSN6937595,NA,L1PA13,FALSE,0.2923,NA,19,46,NA,NA,NA,Intron,FALSE,FALSE,FALSE,FALSE,4,2,2,2_2,d4907a1b-8b06-47c5-8bca-c781d9cddaf8,AC068051.1
2,215759497,215759497,1,snv_mnv,NA,NA,"broad,dkfz,muse,sanger",4,COSN6937888,NA,AluSx,FALSE,0.2468,NA,19,58,NA,NA,NA,RNA,FALSE,FALSE,FALSE,FALSE,4,2,2,2_2,d4907a1b-8b06-47c5-8bca-c781d9cddaf8,NA
2,215924003,215924003,1,snv_mnv,NA,NA,"broad,dkfz,muse,sanger",4,COSN6937973,NA,NA,FALSE,0.1034,NA,9,78,NA,NA,NA,Intron,FALSE,FALSE,FALSE,FALSE,4,2,2,2_2,d4907a1b-8b06-47c5-8bca-c781d9cddaf8,NA
2,215924004,215924004,1,snv_mnv,NA,NA,"broad,dkfz,muse,sanger",4,COSN6937974,NA,NA,FALSE,0.1034,NA,9,78,NA,NA,NA,Intron,FALSE,FALSE,FALSE,FALSE,4,2,2,2_2,d4907a1b-8b06-47c5-8bca-c781d9cddaf8,NA
2,216145251,216145251,1,snv_mnv,NA,NA,"broad,dkfz,muse,sanger",4,COSN6938075,NA,MLT1B,FALSE,0.25,NA,18,54,NA,NA,NA,lincRNA,FALSE,FALSE,FALSE,FALSE,4,2,2,2_2,d4907a1b-8b06-47c5-8bca-c781d9cddaf8,AC073284.1
2,216972192,216972192,1,snv_mnv,NA,NA,"broad,dkfz,muse,sanger",4,COSN6938390,NA,AluJo,FALSE,0.1579,NA,9,48,NA,NA,NA,5'UTR,FALSE,FALSE,FALSE,FALSE,4,2,2,2_2,d4907a1b-8b06-47c5-8bca-c781d9cddaf8,"TMEM169,XRCC5"
2,218159950,218159950,1,snv_mnv,NA,NA,"broad,dkfz,muse,sanger",4,COSN6938883,NA,L4,FALSE,0.2857,NA,26,65,NA,NA,NA,Intron,FALSE,FALSE,FALSE,FALSE,4,2,2,2_2,d4907a1b-8b06-47c5-8bca-c781d9cddaf8,NA
2,218425739,218425739,1,snv_mnv,NA,NA,"broad,dkfz,muse,sanger",4,COSN6939000,NA,MER11A,FALSE,0.2237,NA,17,59,NA,NA,NA,Intron,FALSE,FALSE,FALSE,FALSE,4,2,2,2_2,d4907a1b-8b06-47c5-8bca-c781d9cddaf8,NA
2,218463111,218463111,1,snv_mnv,NA,NA,"broad,dkfz,muse,sanger",4,COSN6939018,NA,LTR33,FALSE,0.163,NA,15,77,NA,NA,NA,Intron,FALSE,FALSE,FALSE,FALSE,4,2,2,2_2,d4907a1b-8b06-47c5-8bca-c781d9cddaf8,NA
2,220589610,220589610,1,snv_mnv,NA,NA,"broad,dkfz,muse,sanger",4,COSN6939659,NA,NA,FALSE,0.1351,NA,10,64,NA,NA,NA,IGR,FALSE,FALSE,FALSE,FALSE,4,2,2,2_2,d4907a1b-8b06-47c5-8bca-c781d9cddaf8,NA
2,221405351,221405351,1,snv_mnv,NA,NA,"broad,muse,sanger",3,COSN6940100,NA,HERVL-int,FALSE,0.2857,NA,24,60,NA,NA,NA,lincRNA,FALSE,FALSE,FALSE,FALSE,4,2,2,2_2,d4907a1b-8b06-47c5-8bca-c781d9cddaf8,NA
2,221431735,221431735,1,snv_mnv,NA,NA,"broad,dkfz,muse,sanger",4,COSN6940120,NA,NA,FALSE,0.125,NA,10,70,NA,NA,NA,lincRNA,FALSE,FALSE,FALSE,FALSE,4,2,2,2_2,d4907a1b-8b06-47c5-8bca-c781d9cddaf8,NA
2,221670956,221670956,1,snv_mnv,NA,NA,"broad,dkfz,muse,sanger",4,COSN6940267,NA,NA,FALSE,0.1458,NA,14,82,NA,NA,NA,IGR,FALSE,FALSE,FALSE,FALSE,4,2,2,2_2,d4907a1b-8b06-47c5-8bca-c781d9cddaf8,NA
2,221757633,221757633,1,snv_mnv,NA,NA,"broad,dkfz,muse,sanger",4,COSN6940324,NA,MER5C,FALSE,0.1262,NA,13,90,NA,NA,NA,IGR,FALSE,FALSE,FALSE,FALSE,4,2,2,2_2,d4907a1b-8b06-47c5-8bca-c781d9cddaf8,NA
2,222041456,222041456,1,snv_mnv,NA,NA,"broad,dkfz,muse,sanger",4,COSN6940497,NA,NA,FALSE,0.2706,NA,23,62,NA,NA,NA,IGR,FALSE,FALSE,FALSE,FALSE,4,2,2,2_2,d4907a1b-8b06-47c5-8bca-c781d9cddaf8,NA
2,222671649,222671649,1,snv_mnv,NA,NA,"broad,dkfz,muse,sanger",4,COSN6940793,NA,NA,FALSE,0.2083,NA,15,57,NA,NA,NA,IGR,FALSE,FALSE,FALSE,FALSE,4,2,2,2_2,d4907a1b-8b06-47c5-8bca-c781d9cddaf8,NA
2,222704766,222704766,1,snv_mnv,NA,NA,"broad,dkfz,muse,sanger",4,COSN6940800,NA,L1MC4a,FALSE,0.1887,NA,20,86,NA,NA,NA,IGR,FALSE,FALSE,FALSE,FALSE,4,2,2,2_2,d4907a1b-8b06-47c5-8bca-c781d9cddaf8,NA
2,223935600,223935600,1,snv_mnv,NA,NA,"broad,dkfz,muse,sanger",4,COSN6941253,NA,NA,FALSE,0.0952,NA,8,76,NA,NA,NA,Intron,FALSE,FALSE,FALSE,FALSE,4,2,2,2_2,d4907a1b-8b06-47c5-8bca-c781d9cddaf8,NA
2,224024797,224024797,1,snv_mnv,3.9936e-4,rs547621138,"broad,muse,sanger",3,COSN6941292,rs547621138,AluY,FALSE,0.2462,NA,16,49,NA,NA,NA,Intron,FALSE,FALSE,FALSE,FALSE,4,2,2,2_2,d4907a1b-8b06-47c5-8bca-c781d9cddaf8,NA
2,224194675,224194675,1,snv_mnv,NA,NA,"broad,dkfz,muse,sanger",4,COSN6941370,NA,AluSg,FALSE,0.1633,NA,16,82,NA,NA,NA,IGR,FALSE,FALSE,FALSE,FALSE,4,2,2,2_2,d4907a1b-8b06-47c5-8bca-c781d9cddaf8,NA
2,224264689,224264689,1,snv_mnv,NA,NA,"broad,dkfz,muse,sanger",4,COSN6941404,NA,LTR16A2,FALSE,0.3444,NA,31,59,NA,NA,NA,IGR,FALSE,FALSE,FALSE,FALSE,4,2,2,2_2,d4907a1b-8b06-47c5-8bca-c781d9cddaf8,HIGD1AP4
2,225022074,225022074,1,snv_mnv,0.0023962,rs567848294,"broad,dkfz,muse,sanger",4,COSN7236516,rs567848294,AT_rich,FALSE,0.12,NA,9,66,NA,NA,NA,IGR,FALSE,FALSE,TRUE,FALSE,4,2,2,2_2,d4907a1b-8b06-47c5-8bca-c781d9cddaf8,NA
2,225847086,225847086,1,snv_mnv,NA,NA,"broad,dkfz,muse,sanger",4,COSN7236791,NA,NA,FALSE,0.1143,NA,12,93,NA,NA,NA,Intron,FALSE,FALSE,FALSE,FALSE,4,2,2,2_2,d4907a1b-8b06-47c5-8bca-c781d9cddaf8,DOCK10
2,226124036,226124036,1,snv_mnv,NA,NA,"broad,dkfz,muse,sanger",4,COSN7236935,NA,L1MA1,FALSE,0.2706,NA,23,62,NA,NA,NA,IGR,FALSE,FALSE,FALSE,FALSE,4,2,2,2_2,d4907a1b-8b06-47c5-8bca-c781d9cddaf8,NA
2,226709527,226709527,1,snv_mnv,NA,NA,"broad,dkfz,muse",3,COSN7237237,rs757171721,AluJb,FALSE,0.1266,NA,10,69,NA,NA,NA,IGR,FALSE,FALSE,FALSE,FALSE,4,2,2,2_2,d4907a1b-8b06-47c5-8bca-c781d9cddaf8,NA
2,227124173,227124173,1,snv_mnv,NA,NA,"broad,dkfz,muse,sanger",4,COSN7237402,NA,LTR33,FALSE,0.4,NA,30,45,NA,NA,NA,IGR,FALSE,FALSE,FALSE,FALSE,4,2,2,2_2,d4907a1b-8b06-47c5-8bca-c781d9cddaf8,NA
2,227144030,227144030,1,snv_mnv,NA,NA,"broad,dkfz,muse,sanger",4,COSN7237406,NA,NA,FALSE,0.1975,NA,16,65,NA,NA,NA,IGR,FALSE,FALSE,FALSE,FALSE,4,2,2,2_2,d4907a1b-8b06-47c5-8bca-c781d9cddaf8,NA
2,227827706,227827706,1,snv_mnv,NA,NA,"broad,dkfz,muse,sanger",4,COSN7237623,NA,MER20,FALSE,0.1644,NA,12,61,NA,NA,NA,Intron,FALSE,FALSE,FALSE,FALSE,4,2,2,2_2,d4907a1b-8b06-47c5-8bca-c781d9cddaf8,NA
2,227953992,227953992,1,snv_mnv,NA,NA,"broad,dkfz,muse,sanger",4,COSN7237662,NA,NA,FALSE,0.3163,NA,31,67,NA,NA,NA,Intron,FALSE,FALSE,TRUE,FALSE,4,2,2,2_2,d4907a1b-8b06-47c5-8bca-c781d9cddaf8,NA
2,228651952,228651952,1,snv_mnv,NA,NA,"broad,dkfz,muse,sanger",4,COSN7237883,NA,NA,FALSE,0.2742,NA,17,45,NA,NA,NA,IGR,FALSE,FALSE,FALSE,FALSE,4,2,2,2_2,d4907a1b-8b06-47c5-8bca-c781d9cddaf8,NA
2,230408170,230408170,1,snv_mnv,NA,NA,"broad,dkfz,muse,sanger",4,COSN7238850,NA,NA,FALSE,0.1205,NA,10,73,NA,NA,NA,Intron,FALSE,FALSE,FALSE,FALSE,4,2,2,2_2,d4907a1b-8b06-47c5-8bca-c781d9cddaf8,NA
2,230953732,230953732,1,snv_mnv,NA,NA,"broad,dkfz,muse,sanger",4,COSN7239068,NA,MSTD,FALSE,0.3158,NA,30,65,NA,NA,NA,IGR,FALSE,FALSE,FALSE,FALSE,4,2,2,2_2,d4907a1b-8b06-47c5-8bca-c781d9cddaf8,NA
2,230962843,230962843,1,snv_mnv,NA,NA,"broad,dkfz,muse,sanger",4,COSN7239075,NA,L1ME1,FALSE,0.0494,NA,4,77,NA,NA,NA,IGR,FALSE,FALSE,TRUE,FALSE,4,2,2,2_2,d4907a1b-8b06-47c5-8bca-c781d9cddaf8,NA
2,233026263,233026263,1,snv_mnv,NA,NA,"broad,dkfz,muse,sanger",4,COSN7239649,NA,AluSz,FALSE,0.2754,NA,19,50,NA,NA,NA,Intron,FALSE,FALSE,FALSE,FALSE,4,2,2,2_2,d4907a1b-8b06-47c5-8bca-c781d9cddaf8,DIS3L2
2,233523632,233523632,1,snv_mnv,0.0023962,rs565042207,"broad,dkfz,muse,sanger",4,COSN7239780,rs565042207,L1MB7,FALSE,0.2414,NA,21,66,NA,NA,NA,Intron,FALSE,FALSE,FALSE,FALSE,4,2,2,2_2,d4907a1b-8b06-47c5-8bca-c781d9cddaf8,EFHD1
2,235477882,235477882,1,snv_mnv,NA,NA,"broad,dkfz,muse,sanger",4,COSN7240313,NA,MER91C,FALSE,0.3026,NA,23,53,NA,NA,NA,IGR,FALSE,FALSE,FALSE,FALSE,4,2,2,2_2,d4907a1b-8b06-47c5-8bca-c781d9cddaf8,NA
2,235478635,235478635,1,snv_mnv,NA,NA,"broad,dkfz,muse,sanger",4,COSN7240314,NA,NA,FALSE,0.3165,NA,25,54,NA,NA,NA,IGR,FALSE,FALSE,FALSE,FALSE,4,2,2,2_2,d4907a1b-8b06-47c5-8bca-c781d9cddaf8,NA
2,235838995,235838995,1,snv_mnv,NA,NA,"broad,dkfz,muse,sanger",4,COSN7240408,rs780098469,NA,FALSE,0.191,NA,17,72,NA,NA,NA,IGR,FALSE,FALSE,FALSE,FALSE,4,2,2,2_2,d4907a1b-8b06-47c5-8bca-c781d9cddaf8,NA
2,236839538,236839538,1,snv_mnv,NA,NA,"broad,dkfz,muse,sanger",4,COSM3771823,rs760861018,NA,FALSE,0.3731,NA,25,42,NA,NA,NA,Missense_Mutation,FALSE,FALSE,FALSE,FALSE,4,2,2,2_2,d4907a1b-8b06-47c5-8bca-c781d9cddaf8,NA
2,236883866,236883866,1,snv_mnv,NA,NA,"broad,dkfz,muse,sanger",4,COSN7240682,NA,NA,FALSE,0.2692,NA,21,57,NA,NA,NA,Intron,FALSE,FALSE,TRUE,FALSE,4,2,2,2_2,d4907a1b-8b06-47c5-8bca-c781d9cddaf8,NA
2,237254375,237254375,1,snv_mnv,NA,NA,"broad,dkfz,muse,sanger",4,COSN7240808,NA,NA,FALSE,0.2338,NA,18,59,NA,NA,NA,Intron,FALSE,FALSE,FALSE,FALSE,4,2,2,2_2,d4907a1b-8b06-47c5-8bca-c781d9cddaf8,NA
2,237263372,237263372,1,snv_mnv,NA,NA,"broad,dkfz,muse,sanger",4,COSN7240811,NA,NA,FALSE,0.2338,NA,18,59,NA,NA,NA,Intron,FALSE,FALSE,FALSE,FALSE,4,2,2,2_2,d4907a1b-8b06-47c5-8bca-c781d9cddaf8,NA
2,237573272,237573272,1,snv_mnv,NA,NA,"broad,dkfz,muse,sanger",4,COSN7240945,NA,AluSx1,FALSE,0.3115,NA,19,42,NA,NA,NA,IGR,FALSE,FALSE,FALSE,FALSE,4,2,2,2_2,d4907a1b-8b06-47c5-8bca-c781d9cddaf8,NA
2,237671520,237671520,1,snv_mnv,3.9936e-4,rs535208352,"broad,dkfz,muse,sanger",4,COSN7240988,rs535208352,NA,FALSE,0.1951,NA,16,66,NA,NA,NA,IGR,FALSE,FALSE,FALSE,FALSE,4,2,2,2_2,d4907a1b-8b06-47c5-8bca-c781d9cddaf8,NA
2,240848920,240848920,1,snv_mnv,NA,NA,"broad,dkfz,muse,sanger",4,COSN7242023,NA,AluSx3,FALSE,0.1864,NA,11,48,NA,NA,NA,IGR,FALSE,FALSE,FALSE,FALSE,4,2,2,2_2,d4907a1b-8b06-47c5-8bca-c781d9cddaf8,NA
2,241009658,241009658,1,snv_mnv,NA,NA,"broad,dkfz,muse,sanger",4,COSN7242072,NA,L1ME1,FALSE,0.1389,NA,10,62,NA,NA,NA,IGR,FALSE,FALSE,FALSE,FALSE,4,2,2,2_2,d4907a1b-8b06-47c5-8bca-c781d9cddaf8,NA
2,241164720,241164720,1,snv_mnv,NA,NA,"broad,dkfz,muse,sanger",4,COSN7242115,NA,NA,FALSE,0.1918,NA,14,59,NA,NA,NA,lincRNA,FALSE,FALSE,FALSE,FALSE,4,2,2,2_2,d4907a1b-8b06-47c5-8bca-c781d9cddaf8,AC124861.1
2,242673009,242673009,1,snv_mnv,NA,NA,"broad,dkfz,muse,sanger",4,COSN7242540,NA,NA,FALSE,0.1739,NA,12,57,NA,NA,NA,5'Flank,FALSE,FALSE,FALSE,FALSE,4,2,2,2_2,d4907a1b-8b06-47c5-8bca-c781d9cddaf8,"ING5,AC114730.1,D2HGDH"
20,196121,196121,1,snv_mnv,3.9936e-4,rs535798964,"broad,dkfz,muse,sanger",4,COSN14515370,rs535798964,Charlie1a,FALSE,0.22,NA,22,78,NA,NA,NA,IGR,FALSE,FALSE,FALSE,FALSE,4,2,2,2_2,d4907a1b-8b06-47c5-8bca-c781d9cddaf8,NA
20,765086,765086,1,snv_mnv,NA,NA,"broad,dkfz,muse,sanger",4,COSN7103156,NA,LTR10A,FALSE,0.2152,NA,17,62,NA,NA,NA,IGR,FALSE,FALSE,TRUE,FALSE,4,2,2,2_2,d4907a1b-8b06-47c5-8bca-c781d9cddaf8,NA
20,4460888,4460888,1,snv_mnv,NA,NA,"broad,dkfz,muse,sanger",4,COSN7094174,NA,MER5A1,FALSE,0.1486,NA,11,63,NA,NA,NA,lincRNA,FALSE,FALSE,FALSE,FALSE,4,2,2,2_2,d4907a1b-8b06-47c5-8bca-c781d9cddaf8,NA
20,6248134,6248134,1,snv_mnv,NA,NA,"broad,dkfz,muse,sanger",4,COSN7102436,rs376455548,L3b,FALSE,0.1739,NA,12,57,NA,NA,NA,IGR,FALSE,FALSE,FALSE,FALSE,4,2,2,2_2,d4907a1b-8b06-47c5-8bca-c781d9cddaf8,NA
20,6288187,6288187,1,snv_mnv,NA,NA,"broad,dkfz,muse,sanger",4,COSN7102580,NA,MLT1H,FALSE,0.2716,NA,22,59,NA,NA,NA,IGR,FALSE,FALSE,FALSE,FALSE,4,2,2,2_2,d4907a1b-8b06-47c5-8bca-c781d9cddaf8,NA
20,6715472,6715472,1,snv_mnv,NA,NA,"broad,dkfz,muse,sanger",4,COSN7102728,NA,NA,FALSE,0.3429,NA,24,46,NA,NA,NA,lincRNA,FALSE,FALSE,FALSE,FALSE,4,2,2,2_2,d4907a1b-8b06-47c5-8bca-c781d9cddaf8,NA
20,7246577,7246577,1,snv_mnv,NA,NA,"broad,dkfz,muse,sanger",4,COSN7102931,NA,NA,FALSE,0.1477,NA,13,75,NA,NA,NA,IGR,FALSE,FALSE,FALSE,FALSE,4,2,2,2_2,d4907a1b-8b06-47c5-8bca-c781d9cddaf8,NA
20,7297611,7297611,1,snv_mnv,NA,NA,"broad,dkfz,muse,sanger",4,COSN7102948,NA,L1ME1,FALSE,0.3168,NA,32,69,NA,NA,NA,IGR,FALSE,FALSE,FALSE,FALSE,4,2,2,2_2,d4907a1b-8b06-47c5-8bca-c781d9cddaf8,NA
20,8971939,8971939,1,snv_mnv,NA,NA,"broad,dkfz,muse,sanger",4,COSN7103568,NA,Tigger1,FALSE,0.3671,NA,29,50,NA,NA,NA,IGR,FALSE,FALSE,FALSE,FALSE,4,2,2,2_2,d4907a1b-8b06-47c5-8bca-c781d9cddaf8,NA
20,9836887,9836887,1,snv_mnv,NA,NA,"broad,dkfz,muse,sanger",4,COSN7103761,NA,NA,FALSE,0.3737,NA,37,62,NA,NA,NA,IGR,FALSE,FALSE,FALSE,FALSE,4,2,2,2_2,d4907a1b-8b06-47c5-8bca-c781d9cddaf8,NA
20,11991477,11991477,1,snv_mnv,NA,NA,"broad,dkfz,muse,sanger",4,COSN14515337,NA,AluY,FALSE,0.1184,NA,9,67,NA,NA,NA,IGR,FALSE,FALSE,FALSE,FALSE,4,2,2,2_2,d4907a1b-8b06-47c5-8bca-c781d9cddaf8,NA
20,12657881,12657881,1,snv_mnv,NA,NA,"broad,dkfz,muse,sanger",4,COSN14515369,NA,MER5A,FALSE,0.1351,NA,10,64,NA,NA,NA,IGR,FALSE,FALSE,FALSE,FALSE,4,2,2,2_2,d4907a1b-8b06-47c5-8bca-c781d9cddaf8,NA
20,13235456,13235456,1,snv_mnv,NA,NA,"broad,dkfz,muse,sanger",4,COSN14515333,NA,NA,FALSE,0.1125,NA,9,71,NA,NA,NA,Intron,FALSE,FALSE,FALSE,FALSE,4,2,2,2_2,d4907a1b-8b06-47c5-8bca-c781d9cddaf8,NA
20,13261296,13261296,1,snv_mnv,NA,NA,"broad,dkfz,muse,sanger",4,COSN14515383,NA,MLT1J2,FALSE,0.32,NA,24,51,NA,NA,NA,Intron,FALSE,FALSE,FALSE,FALSE,4,2,2,2_2,d4907a1b-8b06-47c5-8bca-c781d9cddaf8,NA
20,14172561,14172561,1,snv_mnv,NA,NA,"broad,dkfz,muse,sanger",4,COSN14515384,NA,L2a,FALSE,0.2857,NA,20,50,NA,NA,NA,Intron,FALSE,FALSE,FALSE,FALSE,4,2,2,2_2,d4907a1b-8b06-47c5-8bca-c781d9cddaf8,NA
20,14729538,14729538,1,snv_mnv,NA,NA,"broad,dkfz,muse,sanger",4,COSN14515352,NA,NA,FALSE,0.1596,NA,15,79,NA,NA,NA,Intron,FALSE,FALSE,FALSE,FALSE,4,2,2,2_2,d4907a1b-8b06-47c5-8bca-c781d9cddaf8,NA
20,14870103,14870103,1,snv_mnv,NA,NA,"broad,dkfz,muse,sanger",4,COSN14515367,NA,L2a,FALSE,0.1333,NA,14,91,NA,NA,NA,Intron,FALSE,FALSE,FALSE,FALSE,4,2,2,2_2,d4907a1b-8b06-47c5-8bca-c781d9cddaf8,MACROD2
20,14995749,14995749,1,snv_mnv,NA,NA,"broad,dkfz,muse,sanger",4,COSN14515368,NA,NA,FALSE,0.1727,NA,19,91,NA,NA,NA,Intron,FALSE,FALSE,FALSE,FALSE,4,2,2,2_2,d4907a1b-8b06-47c5-8bca-c781d9cddaf8,NA
20,15045392,15045392,1,snv_mnv,NA,NA,"broad,dkfz,muse",3,COSN14515365,NA,NA,FALSE,0.1429,NA,13,78,NA,NA,NA,Intron,FALSE,FALSE,FALSE,FALSE,4,2,2,2_2,d4907a1b-8b06-47c5-8bca-c781d9cddaf8,NA
20,16932627,16932627,1,snv_mnv,NA,NA,"broad,dkfz,muse,sanger",4,COSN14515350,NA,MLT1A,FALSE,0.1136,NA,10,78,NA,NA,NA,IGR,FALSE,FALSE,FALSE,FALSE,4,2,2,2_2,d4907a1b-8b06-47c5-8bca-c781d9cddaf8,NA
20,17189872,17189872,1,snv_mnv,NA,NA,"broad,dkfz,muse,sanger",4,COSN14515356,NA,L4,FALSE,0.165,NA,17,86,NA,NA,NA,RNA,FALSE,FALSE,FALSE,FALSE,4,2,2,2_2,d4907a1b-8b06-47c5-8bca-c781d9cddaf8,RNU1-131P
20,17450105,17450105,1,snv_mnv,NA,NA,"broad,dkfz,muse,sanger",4,COSN14515338,NA,MIRb,FALSE,0.3222,NA,29,61,NA,NA,NA,Intron,FALSE,FALSE,FALSE,FALSE,4,2,2,2_2,d4907a1b-8b06-47c5-8bca-c781d9cddaf8,NA
20,17533120,17533120,1,snv_mnv,NA,NA,"broad,dkfz,muse,sanger",4,COSN14515351,NA,L2a,FALSE,0.1446,NA,12,71,NA,NA,NA,Intron,FALSE,FALSE,FALSE,FALSE,4,2,2,2_2,d4907a1b-8b06-47c5-8bca-c781d9cddaf8,NA
20,17721557,17721557,1,snv_mnv,NA,NA,"broad,dkfz,muse,sanger",4,COSN14515344,NA,NA,FALSE,0.3125,NA,20,44,NA,NA,NA,IGR,FALSE,FALSE,FALSE,FALSE,4,2,2,2_2,d4907a1b-8b06-47c5-8bca-c781d9cddaf8,NA
20,18778904,18778904,1,snv_mnv,NA,NA,"broad,dkfz,muse,sanger",4,COSN14515354,NA,NA,FALSE,0.3448,NA,30,57,NA,NA,NA,lincRNA,FALSE,FALSE,FALSE,FALSE,4,2,2,2_2,d4907a1b-8b06-47c5-8bca-c781d9cddaf8,"LINC00652,AL035563.1"
20,19832774,19832774,1,snv_mnv,7.9872e-4,rs550433871,"broad,dkfz,muse,sanger",4,COSN14515392,rs550433871,MLT1H,FALSE,0.0125,NA,1,79,NA,NA,NA,IGR,FALSE,FALSE,FALSE,FALSE,4,2,2,2_2,d4907a1b-8b06-47c5-8bca-c781d9cddaf8,NA
20,20277513,20277513,1,snv_mnv,NA,NA,"broad,dkfz,muse,sanger",4,COSN14515334,NA,NA,FALSE,0.2644,NA,23,64,NA,NA,NA,Intron,FALSE,FALSE,FALSE,FALSE,4,2,2,2_2,d4907a1b-8b06-47c5-8bca-c781d9cddaf8,NA
20,20291303,20291303,1,snv_mnv,NA,NA,"broad,dkfz,muse,sanger",4,COSN14515380,NA,LTR67B,FALSE,0.2907,NA,25,61,NA,NA,NA,Intron,FALSE,FALSE,FALSE,FALSE,4,2,2,2_2,d4907a1b-8b06-47c5-8bca-c781d9cddaf8,NA
20,21477891,21477891,1,snv_mnv,NA,NA,"broad,dkfz,muse,sanger",4,COSN14515360,rs867259005,AluSx,FALSE,0.3333,NA,28,56,NA,NA,NA,IGR,FALSE,FALSE,FALSE,FALSE,4,2,2,2_2,d4907a1b-8b06-47c5-8bca-c781d9cddaf8,"GSTM3P1,AL133325.3"
20,21632344,21632344,1,snv_mnv,1.9968e-4,rs530332970,"broad,dkfz,muse,sanger",4,COSN14515375,rs530332970,MER41C,FALSE,0.321,NA,26,55,NA,NA,NA,IGR,FALSE,FALSE,FALSE,FALSE,4,2,2,2_2,d4907a1b-8b06-47c5-8bca-c781d9cddaf8,NA
20,23427705,23427705,1,snv_mnv,NA,NA,"broad,dkfz,muse,sanger",4,COSN14515339,NA,MIRb,FALSE,0.2785,NA,22,57,NA,NA,NA,IGR,FALSE,FALSE,FALSE,FALSE,4,2,2,2_2,d4907a1b-8b06-47c5-8bca-c781d9cddaf8,"CST11,CSTL1"
20,23716611,23716611,1,snv_mnv,NA,NA,"broad,muse,sanger",3,COSN7087529,NA,LTR12_,FALSE,0.2949,NA,23,55,NA,NA,NA,IGR,FALSE,FALSE,FALSE,FALSE,4,2,2,2_2,d4907a1b-8b06-47c5-8bca-c781d9cddaf8,NA
20,24307827,24307827,1,snv_mnv,NA,NA,"broad,dkfz,muse,sanger",4,COSN7087820,NA,AluJb,FALSE,0.3168,NA,32,69,NA,NA,NA,IGR,FALSE,FALSE,FALSE,FALSE,4,2,2,2_2,d4907a1b-8b06-47c5-8bca-c781d9cddaf8,NA
20,25175386,25175386,1,snv_mnv,NA,NA,"broad,dkfz,muse,sanger",4,COSN7088092,NA,NA,FALSE,0.2586,NA,15,43,NA,NA,NA,5'Flank,FALSE,FALSE,FALSE,FALSE,4,2,2,2_2,d4907a1b-8b06-47c5-8bca-c781d9cddaf8,ENTPD6
20,26153718,26153718,1,snv_mnv,NA,NA,"broad,dkfz,muse,sanger",4,COSN7088416,NA,NA,FALSE,0.1009,NA,11,98,NA,NA,NA,IGR,FALSE,FALSE,FALSE,FALSE,4,2,2,2_2,d4907a1b-8b06-47c5-8bca-c781d9cddaf8,NA
20,29845966,29845966,1,snv_mnv,NA,NA,"broad,dkfz,muse,sanger",4,COSN7088840,NA,NA,FALSE,0.2809,NA,25,64,NA,NA,NA,Intron,FALSE,FALSE,FALSE,FALSE,4,2,2,2_2,d4907a1b-8b06-47c5-8bca-c781d9cddaf8,NA
20,29883543,29883543,1,snv_mnv,NA,NA,"broad,dkfz,muse,sanger",4,COSN7088863,NA,AluJo,FALSE,0.2432,NA,18,56,NA,NA,NA,IGR,FALSE,FALSE,FALSE,FALSE,4,2,2,2_2,d4907a1b-8b06-47c5-8bca-c781d9cddaf8,NA
20,30221471,30221471,1,snv_mnv,NA,NA,"broad,dkfz,muse,sanger",4,COSN7088978,rs750451401,NA,FALSE,0.1579,NA,12,64,NA,NA,NA,IGR,FALSE,FALSE,FALSE,FALSE,4,2,2,2_2,d4907a1b-8b06-47c5-8bca-c781d9cddaf8,COX4I2
20,31209352,31209352,1,snv_mnv,NA,NA,"broad,dkfz,muse,sanger",4,COSN7089272,NA,L2a,FALSE,0.1558,NA,12,65,NA,NA,NA,IGR,FALSE,FALSE,FALSE,FALSE,4,2,2,2_2,d4907a1b-8b06-47c5-8bca-c781d9cddaf8,NA
20,31767426,31767426,1,snv_mnv,1.9968e-4,rs200433583,"broad,dkfz,muse,sanger",4,COSM3770773,rs200433583,NA,FALSE,0.3077,NA,20,45,NA,NA,NA,Missense_Mutation,FALSE,FALSE,FALSE,FALSE,4,2,2,2_2,d4907a1b-8b06-47c5-8bca-c781d9cddaf8,NA
20,32792175,32792175,1,snv_mnv,0.0017971,rs551309718,"broad,dkfz,muse,sanger",4,COSN7089710,rs551309718,AluSp,FALSE,0.3151,NA,23,50,NA,NA,NA,Intron,FALSE,FALSE,FALSE,FALSE,4,2,2,2_2,d4907a1b-8b06-47c5-8bca-c781d9cddaf8,NA
20,34110911,34110911,1,snv_mnv,NA,NA,"broad,dkfz,muse,sanger",4,COSN7089992,NA,NA,FALSE,0.2955,NA,26,62,NA,NA,NA,IGR,FALSE,FALSE,FALSE,FALSE,4,2,2,2_2,d4907a1b-8b06-47c5-8bca-c781d9cddaf8,"C20orf173,CEP250"
20,37371808,37371808,1,snv_mnv,NA,NA,"broad,dkfz,muse,sanger",4,COSN7090842,NA,AluSx3,FALSE,0.2644,NA,23,64,NA,NA,NA,IGR,FALSE,FALSE,FALSE,FALSE,4,2,2,2_2,d4907a1b-8b06-47c5-8bca-c781d9cddaf8,NA
20,37758921,37758921,1,snv_mnv,NA,NA,"broad,dkfz,muse,sanger",4,COSN7090989,NA,NA,FALSE,0.1375,NA,11,69,NA,NA,NA,IGR,FALSE,FALSE,FALSE,FALSE,4,2,2,2_2,d4907a1b-8b06-47c5-8bca-c781d9cddaf8,NA
20,38305076,38305076,1,snv_mnv,NA,NA,"broad,dkfz,muse,sanger",4,COSN7091411,rs779211353,LTR16B1,FALSE,0.3014,NA,22,51,NA,NA,NA,IGR,FALSE,FALSE,FALSE,FALSE,4,2,2,2_2,d4907a1b-8b06-47c5-8bca-c781d9cddaf8,NA
20,38528035,38528035,1,snv_mnv,NA,NA,"broad,dkfz,muse,sanger",4,COSN7091590,rs758938113,NA,FALSE,0.3333,NA,32,64,NA,NA,NA,IGR,FALSE,FALSE,FALSE,FALSE,4,2,2,2_2,d4907a1b-8b06-47c5-8bca-c781d9cddaf8,NA
20,38643246,38643246,1,snv_mnv,NA,NA,"broad,dkfz,muse,sanger",4,COSN7091680,NA,MIR,FALSE,0.3068,NA,27,61,NA,NA,NA,IGR,FALSE,FALSE,TRUE,FALSE,4,2,2,2_2,d4907a1b-8b06-47c5-8bca-c781d9cddaf8,NA
20,38649098,38649098,1,snv_mnv,NA,NA,"broad,dkfz,muse,sanger",4,COSN7091683,NA,MLT1J,FALSE,0.1263,NA,12,83,NA,NA,NA,IGR,FALSE,FALSE,FALSE,FALSE,4,2,2,2_2,d4907a1b-8b06-47c5-8bca-c781d9cddaf8,NA
20,38878974,38878974,1,snv_mnv,NA,NA,"broad,dkfz,muse,sanger",4,COSN7091845,NA,NA,FALSE,0.3258,NA,29,60,NA,NA,NA,IGR,FALSE,FALSE,FALSE,FALSE,4,2,2,2_2,d4907a1b-8b06-47c5-8bca-c781d9cddaf8,NA
20,38891024,38891024,1,snv_mnv,NA,NA,"broad,dkfz,muse,sanger",4,COSN7091853,NA,NA,FALSE,0.14,NA,14,86,NA,NA,NA,IGR,FALSE,FALSE,FALSE,FALSE,4,2,2,2_2,d4907a1b-8b06-47c5-8bca-c781d9cddaf8,NA
20,38989707,38989707,1,snv_mnv,NA,NA,"broad,dkfz,muse,sanger",4,COSN7091908,NA,Charlie2b,FALSE,0.2022,NA,18,71,NA,NA,NA,IGR,FALSE,FALSE,FALSE,FALSE,4,2,2,2_2,d4907a1b-8b06-47c5-8bca-c781d9cddaf8,NA
20,40482281,40482281,1,snv_mnv,NA,NA,"broad,dkfz,muse,sanger",4,COSN7092414,NA,L1M5,FALSE,0.1505,NA,14,79,NA,NA,NA,IGR,FALSE,FALSE,FALSE,FALSE,4,2,2,2_2,d4907a1b-8b06-47c5-8bca-c781d9cddaf8,NA
20,40686651,40686651,1,snv_mnv,NA,NA,"broad,dkfz,muse,sanger",4,COSN7092519,NA,NA,FALSE,0.141,NA,11,67,NA,NA,NA,RNA,FALSE,FALSE,FALSE,FALSE,4,2,2,2_2,d4907a1b-8b06-47c5-8bca-c781d9cddaf8,NA
20,41332917,41332917,1,snv_mnv,NA,NA,"broad,dkfz,muse,sanger",4,COSN7092915,NA,MER90a,FALSE,0.3511,NA,33,61,NA,NA,NA,Intron,FALSE,FALSE,FALSE,FALSE,4,2,2,2_2,d4907a1b-8b06-47c5-8bca-c781d9cddaf8,NA
20,41765372,41765372,1,snv_mnv,NA,NA,"broad,dkfz,muse,sanger",4,COSN7093189,NA,NA,FALSE,0.1948,NA,15,62,NA,NA,NA,Intron,FALSE,FALSE,FALSE,FALSE,4,2,2,2_2,d4907a1b-8b06-47c5-8bca-c781d9cddaf8,NA
20,42460188,42460188,1,snv_mnv,NA,NA,"broad,dkfz,muse,sanger",4,COSN7093502,NA,NA,FALSE,0.3077,NA,28,63,NA,NA,NA,IGR,FALSE,FALSE,FALSE,FALSE,4,2,2,2_2,d4907a1b-8b06-47c5-8bca-c781d9cddaf8,NA
20,42750960,42750960,1,snv_mnv,NA,NA,"broad,dkfz,muse,sanger",4,COSN7093622,NA,MIRb,FALSE,0.2237,NA,17,59,NA,NA,NA,Intron,FALSE,FALSE,FALSE,FALSE,4,2,2,2_2,d4907a1b-8b06-47c5-8bca-c781d9cddaf8,NA
20,43039962,43039962,1,snv_mnv,NA,NA,"broad,dkfz,muse,sanger",4,COSN7093726,NA,NA,FALSE,0.1343,NA,9,58,NA,NA,NA,Intron,FALSE,FALSE,FALSE,FALSE,4,2,2,2_2,d4907a1b-8b06-47c5-8bca-c781d9cddaf8,"HNF4A,MIR3646"
20,43982592,43982592,1,snv_mnv,NA,NA,"broad,dkfz,muse,sanger",4,COSN7093995,NA,NA,FALSE,0.2366,NA,22,71,NA,NA,NA,IGR,FALSE,FALSE,FALSE,FALSE,4,2,2,2_2,d4907a1b-8b06-47c5-8bca-c781d9cddaf8,NA
20,44040505,44040505,1,snv_mnv,NA,NA,"broad,dkfz,muse,sanger",4,COSN7094016,NA,L2c,FALSE,0.1667,NA,13,65,NA,NA,NA,IGR,FALSE,FALSE,FALSE,FALSE,4,2,2,2_2,d4907a1b-8b06-47c5-8bca-c781d9cddaf8,"PIGT,SYS1-DBNDD2,DBNDD2,TP53TG5"
20,44984051,44984051,1,snv_mnv,NA,NA,"broad,dkfz,muse,sanger",4,COSN7094301,NA,NA,FALSE,0.2805,NA,23,59,NA,NA,NA,Intron,FALSE,FALSE,FALSE,FALSE,4,2,2,2_2,d4907a1b-8b06-47c5-8bca-c781d9cddaf8,SLC35C2
20,45135743,45135743,1,snv_mnv,NA,NA,"broad,dkfz,muse,sanger",4,COSN7094345,NA,AluJo,FALSE,0.1519,NA,12,67,NA,NA,NA,Intron,FALSE,FALSE,FALSE,FALSE,4,2,2,2_2,d4907a1b-8b06-47c5-8bca-c781d9cddaf8,ZNF334
20,45288278,45288278,1,snv_mnv,0.0029952,rs116582789,"broad,dkfz,muse,sanger",4,COSN7094393,rs116582789,AluJb,FALSE,0.2429,NA,17,53,NA,NA,NA,Intron,FALSE,FALSE,FALSE,FALSE,4,2,2,2_2,d4907a1b-8b06-47c5-8bca-c781d9cddaf8,NA
20,45485799,45485799,1,snv_mnv,1.9968e-4,rs572851258,"broad,dkfz,muse,sanger",4,COSN7094440,rs572851258,NA,FALSE,0.2025,NA,16,63,NA,NA,NA,RNA,FALSE,FALSE,FALSE,FALSE,4,2,2,2_2,d4907a1b-8b06-47c5-8bca-c781d9cddaf8,RN7SKP33
20,45593415,45593415,1,snv_mnv,NA,NA,"dkfz,muse,sanger",3,COSN7094477,NA,MIR,FALSE,0.058,NA,4,65,NA,NA,NA,Intron,FALSE,FALSE,FALSE,FALSE,4,2,2,2_2,d4907a1b-8b06-47c5-8bca-c781d9cddaf8,NA
20,45593416,45593416,1,snv_mnv,NA,NA,"dkfz,muse,sanger",3,COSN7094478,NA,MIR,FALSE,0.0704,NA,5,66,NA,NA,NA,Intron,FALSE,FALSE,FALSE,FALSE,4,2,2,2_2,d4907a1b-8b06-47c5-8bca-c781d9cddaf8,NA
20,47945811,47945811,1,snv_mnv,NA,NA,"broad,dkfz,muse,sanger",4,COSN7095318,NA,AluJo,FALSE,0.1905,NA,16,68,NA,NA,NA,IGR,FALSE,FALSE,FALSE,FALSE,4,2,2,2_2,d4907a1b-8b06-47c5-8bca-c781d9cddaf8,NA
20,49263708,49263708,1,snv_mnv,NA,NA,"broad,dkfz,muse,sanger",4,COSN7095689,NA,AluSq2,FALSE,0.2745,NA,14,37,NA,NA,NA,Intron,FALSE,FALSE,FALSE,FALSE,4,2,2,2_2,d4907a1b-8b06-47c5-8bca-c781d9cddaf8,NA
20,49270896,49270896,1,snv_mnv,3.9936e-4,rs568933442,"broad,dkfz,muse,sanger",4,COSN7095691,rs568933442,AluSq2,FALSE,0.1846,NA,12,53,NA,NA,NA,Intron,FALSE,FALSE,FALSE,FALSE,4,2,2,2_2,d4907a1b-8b06-47c5-8bca-c781d9cddaf8,NA
20,51070002,51070002,1,snv_mnv,NA,NA,"broad,dkfz,muse,sanger",4,COSN7096320,NA,MIR,FALSE,0.3488,NA,30,56,NA,NA,NA,lincRNA,FALSE,FALSE,FALSE,FALSE,4,2,2,2_2,d4907a1b-8b06-47c5-8bca-c781d9cddaf8,NA
20,51322102,51322102,1,snv_mnv,NA,NA,"broad,dkfz,muse,sanger",4,COSN7096465,NA,AluSx3,FALSE,0.3857,NA,27,43,NA,NA,NA,IGR,FALSE,FALSE,FALSE,FALSE,4,2,2,2_2,d4907a1b-8b06-47c5-8bca-c781d9cddaf8,NA
20,51329223,51329223,1,snv_mnv,NA,NA,"broad,dkfz,muse,sanger",4,COSN7096472,NA,NA,FALSE,0.1495,NA,16,91,NA,NA,NA,IGR,FALSE,FALSE,FALSE,FALSE,4,2,2,2_2,d4907a1b-8b06-47c5-8bca-c781d9cddaf8,NA
20,51471858,51471858,1,snv_mnv,NA,NA,"broad,dkfz,muse,sanger",4,COSN7096559,NA,NA,FALSE,0.17,NA,17,83,NA,NA,NA,IGR,FALSE,FALSE,FALSE,FALSE,4,2,2,2_2,d4907a1b-8b06-47c5-8bca-c781d9cddaf8,AL121902.1
20,51531810,51531810,1,snv_mnv,NA,NA,"broad,dkfz,muse,sanger",4,COSN7096598,NA,ERV3-16A3_I-int,FALSE,0.3452,NA,29,55,NA,NA,NA,IGR,FALSE,FALSE,FALSE,FALSE,4,2,2,2_2,d4907a1b-8b06-47c5-8bca-c781d9cddaf8,NA
20,52064593,52064593,1,snv_mnv,NA,NA,"broad,dkfz,muse,sanger",4,COSN7096820,NA,AluY,FALSE,0.2754,NA,19,50,NA,NA,NA,Intron,FALSE,FALSE,FALSE,FALSE,4,2,2,2_2,d4907a1b-8b06-47c5-8bca-c781d9cddaf8,NA
20,53422212,53422212,1,snv_mnv,NA,NA,"broad,dkfz,muse,sanger",4,COSN7097314,NA,NA,FALSE,0.163,NA,15,77,NA,NA,NA,IGR,FALSE,FALSE,FALSE,FALSE,4,2,2,2_2,d4907a1b-8b06-47c5-8bca-c781d9cddaf8,NA
20,53472970,53472970,1,snv_mnv,NA,NA,"broad,dkfz,muse,sanger",4,COSN7097356,rs373294843,NA,FALSE,0.3333,NA,30,60,NA,NA,NA,IGR,FALSE,FALSE,FALSE,FALSE,4,2,2,2_2,d4907a1b-8b06-47c5-8bca-c781d9cddaf8,RNU4ATAC7P
20,53996510,53996510,1,snv_mnv,NA,NA,"broad,dkfz,muse,sanger",4,COSN7097731,NA,MER5A,FALSE,0.2179,NA,17,61,NA,NA,NA,IGR,FALSE,FALSE,FALSE,FALSE,4,2,2,2_2,d4907a1b-8b06-47c5-8bca-c781d9cddaf8,NA
20,54092901,54092901,1,snv_mnv,NA,NA,"broad,dkfz,muse,sanger",4,COSN7097808,NA,NA,FALSE,0.284,NA,23,58,NA,NA,NA,IGR,FALSE,FALSE,FALSE,FALSE,4,2,2,2_2,d4907a1b-8b06-47c5-8bca-c781d9cddaf8,NA
20,54700248,54700248,1,snv_mnv,1.9968e-4,rs186721079,"broad,dkfz,muse,sanger",4,COSN7098326,rs186721079,L2a,FALSE,0.1839,NA,16,71,NA,NA,NA,IGR,FALSE,FALSE,FALSE,FALSE,4,2,2,2_2,d4907a1b-8b06-47c5-8bca-c781d9cddaf8,NA
20,54878137,54878137,1,snv_mnv,NA,NA,"broad,dkfz,muse,sanger",4,COSN7098457,NA,FRAM,FALSE,0.2771,NA,23,60,NA,NA,NA,IGR,FALSE,FALSE,TRUE,FALSE,4,2,2,2_2,d4907a1b-8b06-47c5-8bca-c781d9cddaf8,AL139824.1
20,54880496,54880496,1,snv_mnv,NA,NA,"broad,dkfz,muse,sanger",4,COSN7098462,NA,NA,FALSE,0.2703,NA,20,54,NA,NA,NA,IGR,FALSE,FALSE,FALSE,FALSE,4,2,2,2_2,d4907a1b-8b06-47c5-8bca-c781d9cddaf8,NA
20,55668045,55668045,1,snv_mnv,NA,NA,"broad,dkfz,muse,sanger",4,COSN7098936,NA,NA,FALSE,0.1493,NA,10,57,NA,NA,NA,IGR,FALSE,FALSE,FALSE,FALSE,4,2,2,2_2,d4907a1b-8b06-47c5-8bca-c781d9cddaf8,NA
20,56701892,56701892,1,snv_mnv,NA,NA,"broad,dkfz,muse,sanger",4,COSN7099352,NA,LTR16E1,FALSE,0.3026,NA,23,53,NA,NA,NA,IGR,FALSE,FALSE,FALSE,FALSE,4,2,2,2_2,d4907a1b-8b06-47c5-8bca-c781d9cddaf8,NA
20,57041929,57041929,1,snv_mnv,1.9968e-4,rs527510620,"broad,dkfz,muse,sanger",4,COSN7099443,rs527510620,NA,FALSE,0.1972,NA,14,57,NA,NA,NA,Intron,FALSE,FALSE,FALSE,FALSE,4,2,2,2_2,d4907a1b-8b06-47c5-8bca-c781d9cddaf8,APCDD1L
20,58862959,58862959,1,snv_mnv,NA,NA,"broad,dkfz,muse,sanger",4,COSN7100313,NA,NA,FALSE,0.1282,NA,10,68,NA,NA,NA,lincRNA,FALSE,FALSE,FALSE,FALSE,4,2,2,2_2,d4907a1b-8b06-47c5-8bca-c781d9cddaf8,MIR646HG
20,58897682,58897682,1,snv_mnv,NA,NA,"broad,dkfz,muse,sanger",4,COSN7100346,NA,NA,FALSE,0.2817,NA,20,51,NA,NA,NA,lincRNA,FALSE,FALSE,FALSE,FALSE,4,2,2,2_2,d4907a1b-8b06-47c5-8bca-c781d9cddaf8,MIR646HG
20,58993735,58993735,1,snv_mnv,NA,NA,"broad,dkfz,muse,sanger",4,COSN7100417,NA,L1PB3,FALSE,0.165,NA,17,86,NA,NA,NA,IGR,FALSE,FALSE,FALSE,FALSE,4,2,2,2_2,d4907a1b-8b06-47c5-8bca-c781d9cddaf8,MTCO2P1
20,59019512,59019512,1,snv_mnv,NA,NA,"broad,dkfz,muse,sanger",4,COSN7100445,NA,THE1C,FALSE,0.284,NA,23,58,NA,NA,NA,IGR,FALSE,FALSE,FALSE,FALSE,4,2,2,2_2,d4907a1b-8b06-47c5-8bca-c781d9cddaf8,NA
20,59041464,59041464,1,snv_mnv,NA,NA,"broad,dkfz,muse,sanger",4,COSN7100468,NA,NA,FALSE,0.10780000000000001,NA,11,91,NA,NA,NA,IGR,FALSE,FALSE,FALSE,FALSE,4,2,2,2_2,d4907a1b-8b06-47c5-8bca-c781d9cddaf8,NA
20,59264832,59264832,1,snv_mnv,NA,NA,"broad,dkfz,muse",3,COSN7100675,NA,NA,FALSE,0.1143,NA,8,62,NA,NA,NA,IGR,FALSE,FALSE,FALSE,FALSE,4,2,2,2_2,d4907a1b-8b06-47c5-8bca-c781d9cddaf8,NA
20,59306776,59306776,1,snv_mnv,1.9968e-4,rs533346965,"broad,dkfz,muse,sanger",4,COSN7100709,rs533346965,NA,FALSE,0.1294,NA,11,74,NA,NA,NA,IGR,FALSE,FALSE,FALSE,FALSE,4,2,2,2_2,d4907a1b-8b06-47c5-8bca-c781d9cddaf8,NA
20,59412331,59412331,1,snv_mnv,NA,NA,"broad,dkfz,muse,sanger",4,COSN7100792,NA,NA,FALSE,0.375,NA,30,50,NA,NA,NA,IGR,FALSE,FALSE,FALSE,FALSE,4,2,2,2_2,d4907a1b-8b06-47c5-8bca-c781d9cddaf8,NA
20,59596456,59596456,1,snv_mnv,NA,NA,"broad,dkfz,muse,sanger",4,COSN7100964,NA,NA,FALSE,0.2874,NA,25,62,NA,NA,NA,IGR,FALSE,FALSE,FALSE,FALSE,4,2,2,2_2,d4907a1b-8b06-47c5-8bca-c781d9cddaf8,NA
20,59640586,59640586,1,snv_mnv,NA,NA,"broad,dkfz,muse,sanger",4,COSN7101001,rs768207324,NA,FALSE,0.1266,NA,10,69,NA,NA,NA,IGR,FALSE,FALSE,FALSE,FALSE,4,2,2,2_2,d4907a1b-8b06-47c5-8bca-c781d9cddaf8,NA
20,59732347,59732347,1,snv_mnv,NA,NA,"broad,dkfz,muse,sanger",4,COSN7101091,NA,MLT1D,FALSE,0.2532,NA,20,59,NA,NA,NA,IGR,FALSE,FALSE,FALSE,FALSE,4,2,2,2_2,d4907a1b-8b06-47c5-8bca-c781d9cddaf8,NA
20,61144198,61144198,1,snv_mnv,NA,NA,"broad,dkfz,muse,sanger",4,COSN7101929,NA,NA,FALSE,0.3571,NA,30,54,NA,NA,NA,RNA,FALSE,FALSE,FALSE,FALSE,4,2,2,2_2,d4907a1b-8b06-47c5-8bca-c781d9cddaf8,"MIR1-1HG,MIR1-1HG-AS1"
20,61587248,61587248,1,snv_mnv,NA,NA,"broad,dkfz,muse,sanger",4,COSN7102053,NA,NA,FALSE,0.2976,NA,25,59,NA,NA,NA,Intron,FALSE,FALSE,FALSE,FALSE,4,2,2,2_2,d4907a1b-8b06-47c5-8bca-c781d9cddaf8,NA
20,61655360,61655360,1,snv_mnv,NA,NA,"broad,dkfz,muse,sanger",4,COSN7102082,NA,NA,FALSE,0.2353,NA,16,52,NA,NA,NA,lincRNA,FALSE,FALSE,FALSE,FALSE,4,2,2,2_2,d4907a1b-8b06-47c5-8bca-c781d9cddaf8,NA
20,61900082,61900082,1,snv_mnv,NA,NA,"broad,dkfz,muse,sanger",4,COSN7102195,NA,MLT1A0,FALSE,0.1831,NA,13,58,NA,NA,NA,Intron,FALSE,FALSE,FALSE,FALSE,4,2,2,2_2,d4907a1b-8b06-47c5-8bca-c781d9cddaf8,ARFGAP1
20,61923625,61923625,1,snv_mnv,NA,NA,"broad,dkfz,muse,sanger",4,COSN7102203,NA,NA,FALSE,0.1698,NA,9,44,NA,NA,NA,5'Flank,FALSE,FALSE,FALSE,FALSE,4,2,2,2_2,d4907a1b-8b06-47c5-8bca-c781d9cddaf8,"ARFGAP1,COL20A1"
20,62139475,62139475,1,snv_mnv,NA,NA,"broad,dkfz,muse,sanger",4,COSN7102315,NA,NA,FALSE,0.3067,NA,23,52,NA,NA,NA,IGR,FALSE,FALSE,FALSE,FALSE,4,2,2,2_2,d4907a1b-8b06-47c5-8bca-c781d9cddaf8,AL121829.1
20,62199729,62199729,1,snv_mnv,NA,NA,"broad,dkfz,muse,sanger",4,COSM3770882,NA,NA,FALSE,0.322,NA,19,40,NA,NA,NA,Missense_Mutation,FALSE,FALSE,TRUE,FALSE,4,2,2,2_2,d4907a1b-8b06-47c5-8bca-c781d9cddaf8,HELZ2
21,14609664,14609664,1,snv_mnv,NA,NA,"broad,muse,sanger",3,COSN7104854,NA,MLT2A2,FALSE,0.2371,NA,23,74,NA,NA,NA,IGR,FALSE,FALSE,FALSE,FALSE,4,2,2,2_2,d4907a1b-8b06-47c5-8bca-c781d9cddaf8,NA
21,14689263,14689263,1,snv_mnv,9.984e-4,rs565573114,"broad,muse,sanger",3,COSN7104911,rs565573114,AluSx1,FALSE,0.2329,NA,17,56,NA,NA,NA,IGR,FALSE,FALSE,FALSE,FALSE,4,2,2,2_2,d4907a1b-8b06-47c5-8bca-c781d9cddaf8,AJ239318.1
21,15473938,15473938,1,snv_mnv,NA,NA,"broad,muse,sanger",3,COSN7105264,NA,MIRb,FALSE,0.2418,NA,22,69,NA,NA,NA,RNA,FALSE,FALSE,TRUE,FALSE,4,2,2,2_2,d4907a1b-8b06-47c5-8bca-c781d9cddaf8,NA
21,15855228,15855228,1,snv_mnv,NA,NA,"broad,dkfz,muse,sanger",4,COSN7105417,NA,NA,FALSE,0.2286,NA,24,81,NA,NA,NA,IGR,FALSE,FALSE,FALSE,FALSE,4,2,2,2_2,d4907a1b-8b06-47c5-8bca-c781d9cddaf8,SAMSN1
21,16024134,16024134,1,snv_mnv,NA,NA,"broad,dkfz,muse,sanger",4,COSN7105498,NA,L1MA1,FALSE,0.165,NA,17,86,NA,NA,NA,Intron,FALSE,FALSE,FALSE,FALSE,4,2,2,2_2,d4907a1b-8b06-47c5-8bca-c781d9cddaf8,NA
21,16332029,16332029,1,snv_mnv,NA,NA,"broad,dkfz,muse,sanger",4,COSN7105607,NA,NA,FALSE,0.3523,NA,31,57,NA,NA,NA,IGR,FALSE,FALSE,FALSE,FALSE,4,2,2,2_2,d4907a1b-8b06-47c5-8bca-c781d9cddaf8,"NRIP1,AF127577.1"
21,16610819,16610819,1,snv_mnv,3.9936e-4,rs184578610,"broad,dkfz,muse,sanger",4,COSN7105668,rs184578610,AluSx1,FALSE,0.3462,NA,27,51,NA,NA,NA,IGR,FALSE,FALSE,FALSE,FALSE,4,2,2,2_2,d4907a1b-8b06-47c5-8bca-c781d9cddaf8,NA
21,16626255,16626255,1,snv_mnv,NA,NA,"broad,dkfz,muse,sanger",4,COSN7105673,NA,MLT1D,FALSE,0.3421,NA,26,50,NA,NA,NA,IGR,FALSE,FALSE,FALSE,FALSE,4,2,2,2_2,d4907a1b-8b06-47c5-8bca-c781d9cddaf8,NA
21,17551173,17551173,1,snv_mnv,NA,NA,"broad,dkfz,muse,sanger",4,COSN7105920,NA,NA,FALSE,0.175,NA,14,66,NA,NA,NA,lincRNA,FALSE,FALSE,FALSE,FALSE,4,2,2,2_2,d4907a1b-8b06-47c5-8bca-c781d9cddaf8,MIR99AHG
21,17744418,17744418,1,snv_mnv,NA,NA,"broad,dkfz,muse,sanger",4,COSN7106016,NA,MIR,FALSE,0.3051,NA,18,41,NA,NA,NA,lincRNA,FALSE,FALSE,FALSE,FALSE,4,2,2,2_2,d4907a1b-8b06-47c5-8bca-c781d9cddaf8,NA
21,20162568,20162568,1,snv_mnv,NA,NA,"broad,dkfz,muse,sanger",4,COSN7107047,NA,NA,FALSE,0.1392,NA,11,68,NA,NA,NA,IGR,FALSE,FALSE,FALSE,FALSE,4,2,2,2_2,d4907a1b-8b06-47c5-8bca-c781d9cddaf8,NA
21,20700278,20700278,1,snv_mnv,NA,NA,"broad,dkfz,muse,sanger",4,COSN7137140,NA,L2a,FALSE,0.268,NA,26,71,NA,NA,NA,IGR,FALSE,FALSE,TRUE,FALSE,4,2,2,2_2,d4907a1b-8b06-47c5-8bca-c781d9cddaf8,NA
21,20858707,20858707,1,snv_mnv,NA,NA,"broad,dkfz,muse,sanger",4,COSN7137246,NA,NA,FALSE,0.3441,NA,32,61,NA,NA,NA,IGR,FALSE,FALSE,TRUE,FALSE,4,2,2,2_2,d4907a1b-8b06-47c5-8bca-c781d9cddaf8,NA
21,20918399,20918399,1,snv_mnv,NA,NA,"broad,dkfz,muse,sanger",4,COSN7137281,NA,AluJb,FALSE,0.375,NA,24,40,NA,NA,NA,IGR,FALSE,FALSE,FALSE,FALSE,4,2,2,2_2,d4907a1b-8b06-47c5-8bca-c781d9cddaf8,NA
21,21002988,21002988,1,snv_mnv,0.0023962,rs138108050,"broad,dkfz,muse",3,COSN7137329,rs138108050,(TG)n,FALSE,0.3187,NA,29,62,NA,NA,NA,IGR,FALSE,FALSE,FALSE,FALSE,4,2,2,2_2,d4907a1b-8b06-47c5-8bca-c781d9cddaf8,NA
21,21207744,21207744,1,snv_mnv,NA,NA,"broad,dkfz,muse,sanger",4,COSN7137453,NA,MLT1C,FALSE,0.2857,NA,28,70,NA,NA,NA,IGR,FALSE,FALSE,TRUE,FALSE,4,2,2,2_2,d4907a1b-8b06-47c5-8bca-c781d9cddaf8,NA
21,21248090,21248090,1,snv_mnv,NA,NA,"broad,dkfz,muse,sanger",4,COSN7137481,NA,NA,FALSE,0.2577,NA,25,72,NA,NA,NA,IGR,FALSE,FALSE,FALSE,FALSE,4,2,2,2_2,d4907a1b-8b06-47c5-8bca-c781d9cddaf8,NA
21,21493039,21493039,1,snv_mnv,NA,NA,"broad,dkfz,muse,sanger",4,COSN7137654,NA,MLT1A0,FALSE,0.3429,NA,36,69,NA,NA,NA,IGR,FALSE,FALSE,FALSE,FALSE,4,2,2,2_2,d4907a1b-8b06-47c5-8bca-c781d9cddaf8,NA
21,21598655,21598655,1,snv_mnv,NA,NA,"broad,dkfz,muse,sanger",4,COSN7137742,NA,AluSq,FALSE,0.2807,NA,16,41,NA,NA,NA,IGR,FALSE,FALSE,FALSE,FALSE,4,2,2,2_2,d4907a1b-8b06-47c5-8bca-c781d9cddaf8,NA
21,21613445,21613445,1,snv_mnv,NA,NA,"broad,dkfz,muse,sanger",4,COSN7137753,NA,L1MA5,FALSE,0.1163,NA,10,76,NA,NA,NA,IGR,FALSE,FALSE,FALSE,FALSE,4,2,2,2_2,d4907a1b-8b06-47c5-8bca-c781d9cddaf8,NA
21,21884543,21884543,1,snv_mnv,NA,NA,"broad,dkfz,muse,sanger",4,COSN7137966,NA,NA,FALSE,0.1266,NA,10,69,NA,NA,NA,IGR,FALSE,FALSE,FALSE,FALSE,4,2,2,2_2,d4907a1b-8b06-47c5-8bca-c781d9cddaf8,NA
21,22005564,22005564,1,snv_mnv,NA,NA,"broad,dkfz,muse,sanger",4,COSN7138064,NA,NA,FALSE,0.2048,NA,17,66,NA,NA,NA,IGR,FALSE,FALSE,FALSE,FALSE,4,2,2,2_2,d4907a1b-8b06-47c5-8bca-c781d9cddaf8,NA
21,22165831,22165831,1,snv_mnv,NA,NA,"broad,dkfz,muse,sanger",4,COSN7138212,NA,LTR48,FALSE,0.3085,NA,29,65,NA,NA,NA,lincRNA,FALSE,FALSE,FALSE,FALSE,4,2,2,2_2,d4907a1b-8b06-47c5-8bca-c781d9cddaf8,NA
21,22500489,22500489,1,snv_mnv,NA,NA,"broad,dkfz,muse,sanger",4,COSN7138497,NA,NA,FALSE,0.1444,NA,13,77,NA,NA,NA,Intron,FALSE,FALSE,FALSE,FALSE,4,2,2,2_2,d4907a1b-8b06-47c5-8bca-c781d9cddaf8,NA
21,22692336,22692336,1,snv_mnv,NA,NA,"broad,dkfz,muse,sanger",4,COSN7138649,NA,NA,FALSE,0.398,NA,39,59,NA,NA,NA,Intron,FALSE,FALSE,FALSE,FALSE,4,2,2,2_2,d4907a1b-8b06-47c5-8bca-c781d9cddaf8,NA
21,22693401,22693401,1,snv_mnv,NA,NA,"broad,dkfz,muse,sanger",4,COSN7138650,NA,NA,FALSE,0.3026,NA,23,53,NA,NA,NA,Intron,FALSE,FALSE,FALSE,FALSE,4,2,2,2_2,d4907a1b-8b06-47c5-8bca-c781d9cddaf8,NA
21,23043374,23043374,1,snv_mnv,NA,NA,"broad,dkfz,muse,sanger",4,COSN7138948,NA,MLT1E1A,FALSE,0.3295,NA,29,59,NA,NA,NA,lincRNA,FALSE,FALSE,FALSE,FALSE,4,2,2,2_2,d4907a1b-8b06-47c5-8bca-c781d9cddaf8,NA
21,23371351,23371351,1,snv_mnv,NA,NA,"broad,dkfz,muse,sanger",4,COSN7139220,NA,AluY,FALSE,0.2857,NA,18,45,NA,NA,NA,IGR,FALSE,FALSE,FALSE,FALSE,4,2,2,2_2,d4907a1b-8b06-47c5-8bca-c781d9cddaf8,NA
21,23482769,23482769,1,snv_mnv,NA,NA,"broad,dkfz,muse,sanger",4,COSN7139309,NA,NA,FALSE,0.3939,NA,39,60,NA,NA,NA,lincRNA,FALSE,FALSE,FALSE,FALSE,4,2,2,2_2,d4907a1b-8b06-47c5-8bca-c781d9cddaf8,NA
21,23583348,23583348,1,snv_mnv,NA,NA,"broad,dkfz,muse,sanger",4,COSN7139411,NA,L1PB1,FALSE,0.2198,NA,20,71,NA,NA,NA,lincRNA,FALSE,FALSE,FALSE,FALSE,4,2,2,2_2,d4907a1b-8b06-47c5-8bca-c781d9cddaf8,NA
21,23594564,23594564,1,snv_mnv,NA,NA,"broad,dkfz,muse,sanger",4,COSN7139422,NA,NA,FALSE,0.1263,NA,12,83,NA,NA,NA,lincRNA,FALSE,FALSE,TRUE,FALSE,4,2,2,2_2,d4907a1b-8b06-47c5-8bca-c781d9cddaf8,NA
21,23680093,23680093,1,snv_mnv,NA,NA,"broad,dkfz,muse,sanger",4,COSN7139485,NA,L1ME1,FALSE,0.2073,NA,17,65,NA,NA,NA,lincRNA,FALSE,FALSE,FALSE,FALSE,4,2,2,2_2,d4907a1b-8b06-47c5-8bca-c781d9cddaf8,NA
21,23748030,23748030,1,snv_mnv,NA,NA,"broad,dkfz,muse,sanger",4,COSN7139538,NA,L1M3,FALSE,0.1591,NA,14,74,NA,NA,NA,lincRNA,FALSE,FALSE,FALSE,FALSE,4,2,2,2_2,d4907a1b-8b06-47c5-8bca-c781d9cddaf8,NA
21,24084212,24084212,1,snv_mnv,NA,NA,"broad,dkfz,muse,sanger",4,COSN7139808,NA,NA,FALSE,0.2619,NA,22,62,NA,NA,NA,IGR,FALSE,FALSE,FALSE,FALSE,4,2,2,2_2,d4907a1b-8b06-47c5-8bca-c781d9cddaf8,NA
21,24138419,24138419,1,snv_mnv,NA,NA,"broad,dkfz,muse,sanger",4,COSN7139848,NA,L1MC3,FALSE,0.1596,NA,15,79,NA,NA,NA,IGR,FALSE,FALSE,FALSE,FALSE,4,2,2,2_2,d4907a1b-8b06-47c5-8bca-c781d9cddaf8,NA
21,24328322,24328322,1,snv_mnv,NA,NA,"broad,dkfz,muse,sanger",4,COSN7140016,NA,NA,FALSE,0.1667,NA,17,85,NA,NA,NA,IGR,FALSE,FALSE,FALSE,FALSE,4,2,2,2_2,d4907a1b-8b06-47c5-8bca-c781d9cddaf8,NA
21,24919992,24919992,1,snv_mnv,NA,NA,"broad,dkfz,muse,sanger",4,COSN7140508,NA,AT_rich,FALSE,0.1982,NA,22,89,NA,NA,NA,IGR,FALSE,FALSE,TRUE,FALSE,4,2,2,2_2,d4907a1b-8b06-47c5-8bca-c781d9cddaf8,NA
21,25436464,25436464,1,snv_mnv,NA,NA,"broad,dkfz,muse,sanger",4,COSN7140835,NA,L1PA11,FALSE,0.3256,NA,28,58,NA,NA,NA,IGR,FALSE,FALSE,FALSE,FALSE,4,2,2,2_2,d4907a1b-8b06-47c5-8bca-c781d9cddaf8,NA
21,25477774,25477774,1,snv_mnv,NA,NA,"broad,dkfz,muse,sanger",4,COSN16523703,NA,NA,FALSE,0.3421,NA,26,50,NA,NA,NA,IGR,FALSE,FALSE,FALSE,FALSE,4,2,2,2_2,d4907a1b-8b06-47c5-8bca-c781d9cddaf8,NA
21,25679378,25679378,1,snv_mnv,NA,NA,"broad,dkfz,muse,sanger",4,COSN7141009,NA,NA,FALSE,0.1905,NA,16,68,NA,NA,NA,lincRNA,FALSE,FALSE,FALSE,FALSE,4,2,2,2_2,d4907a1b-8b06-47c5-8bca-c781d9cddaf8,NA
21,25714050,25714050,1,snv_mnv,0.0017971,rs181645771,"broad,dkfz,muse,sanger",4,COSN7141040,rs181645771,NA,FALSE,0.1786,NA,15,69,NA,NA,NA,IGR,FALSE,FALSE,FALSE,FALSE,4,2,2,2_2,d4907a1b-8b06-47c5-8bca-c781d9cddaf8,NA
21,26037300,26037300,1,snv_mnv,NA,NA,"broad,dkfz,muse,sanger",4,COSN7141282,NA,MER34A1,FALSE,0.2805,NA,23,59,NA,NA,NA,IGR,FALSE,FALSE,FALSE,FALSE,4,2,2,2_2,d4907a1b-8b06-47c5-8bca-c781d9cddaf8,NA
21,26126789,26126789,1,snv_mnv,NA,NA,"broad,dkfz,muse,sanger",4,COSN7141357,NA,L1MEc,FALSE,0.2967,NA,27,64,NA,NA,NA,IGR,FALSE,FALSE,FALSE,FALSE,4,2,2,2_2,d4907a1b-8b06-47c5-8bca-c781d9cddaf8,NA
21,26993834,26993834,1,snv_mnv,NA,NA,"broad,dkfz,muse,sanger",4,COSN7141937,NA,ERVL-B4-int,FALSE,0.2289,NA,19,64,NA,NA,NA,IGR,FALSE,FALSE,FALSE,FALSE,4,2,2,2_2,d4907a1b-8b06-47c5-8bca-c781d9cddaf8,NA
21,27709512,27709512,1,snv_mnv,NA,NA,"broad,dkfz,muse,sanger",4,COSN7142120,NA,L1MA3,FALSE,0.1053,NA,10,85,NA,NA,NA,IGR,FALSE,FALSE,FALSE,FALSE,4,2,2,2_2,d4907a1b-8b06-47c5-8bca-c781d9cddaf8,NA
21,29778738,29778738,1,snv_mnv,NA,NA,"broad,dkfz,muse,sanger",4,COSN7143036,NA,AluY,FALSE,0.2766,NA,13,34,NA,NA,NA,IGR,FALSE,FALSE,FALSE,FALSE,4,2,2,2_2,d4907a1b-8b06-47c5-8bca-c781d9cddaf8,NA
21,30086858,30086858,1,snv_mnv,NA,NA,"broad,dkfz,muse,sanger",4,COSN7143127,NA,NA,FALSE,0.271,NA,29,78,NA,NA,NA,IGR,FALSE,FALSE,FALSE,FALSE,4,2,2,2_2,d4907a1b-8b06-47c5-8bca-c781d9cddaf8,NA
21,30732000,30732000,1,snv_mnv,NA,NA,"broad,dkfz,muse,sanger",4,COSN7143253,NA,MER4A,FALSE,0.2255,NA,23,79,NA,NA,NA,RNA,FALSE,FALSE,FALSE,FALSE,4,2,2,2_2,d4907a1b-8b06-47c5-8bca-c781d9cddaf8,AP000240.1
21,31394843,31394843,1,snv_mnv,NA,NA,"broad,dkfz,muse,sanger",4,COSN7143445,rs370524464,Arthur1,FALSE,0.2692,NA,28,76,NA,NA,NA,IGR,FALSE,FALSE,FALSE,FALSE,4,2,2,2_2,d4907a1b-8b06-47c5-8bca-c781d9cddaf8,NA
21,31598026,31598026,1,snv_mnv,NA,NA,"broad,dkfz,muse,sanger",4,COSN7143606,NA,NA,FALSE,0.2685,NA,29,79,NA,NA,NA,IGR,FALSE,FALSE,FALSE,FALSE,4,2,2,2_2,d4907a1b-8b06-47c5-8bca-c781d9cddaf8,NA
21,31960384,31960384,1,snv_mnv,NA,NA,"broad,dkfz,muse,sanger",4,COSN7143861,NA,NA,FALSE,0.1176,NA,10,75,NA,NA,NA,IGR,FALSE,FALSE,FALSE,FALSE,4,2,2,2_2,d4907a1b-8b06-47c5-8bca-c781d9cddaf8,"KRTAP6-3,KRTAP22-2"
21,32076147,32076147,1,snv_mnv,NA,NA,"broad,dkfz,muse,sanger",4,COSN7143936,NA,MSTC,FALSE,0.3458,NA,37,70,NA,NA,NA,IGR,FALSE,FALSE,FALSE,FALSE,4,2,2,2_2,d4907a1b-8b06-47c5-8bca-c781d9cddaf8,NA
21,32093832,32093832,1,snv_mnv,NA,NA,"broad,dkfz,muse,sanger",4,COSN7143949,NA,NA,FALSE,0.1444,NA,13,77,NA,NA,NA,5'Flank,FALSE,FALSE,FALSE,FALSE,4,2,2,2_2,d4907a1b-8b06-47c5-8bca-c781d9cddaf8,KRTAP21-3
21,32209709,32209709,1,snv_mnv,NA,NA,"broad,dkfz,muse,sanger",4,COSN7144042,NA,AluY,FALSE,0.2794,NA,19,49,NA,NA,NA,IGR,FALSE,FALSE,FALSE,FALSE,4,2,2,2_2,d4907a1b-8b06-47c5-8bca-c781d9cddaf8,NA
21,32419450,32419450,1,snv_mnv,NA,NA,"broad,dkfz,muse,sanger",4,COSN7144179,NA,L2a,FALSE,0.2941,NA,30,72,NA,NA,NA,IGR,FALSE,FALSE,FALSE,FALSE,4,2,2,2_2,d4907a1b-8b06-47c5-8bca-c781d9cddaf8,NA
21,32745163,32745163,1,snv_mnv,NA,NA,"broad,dkfz,muse,sanger",4,COSN7144312,NA,AluSp,FALSE,0.2857,NA,22,55,NA,NA,NA,Intron,FALSE,FALSE,FALSE,FALSE,4,2,2,2_2,d4907a1b-8b06-47c5-8bca-c781d9cddaf8,NA
21,32928703,32928703,1,snv_mnv,NA,NA,"broad,dkfz,muse,sanger",4,COSN7144389,NA,NA,FALSE,0.1618,NA,11,57,NA,NA,NA,Intron,FALSE,FALSE,FALSE,FALSE,4,2,2,2_2,d4907a1b-8b06-47c5-8bca-c781d9cddaf8,AP000251.1
21,36049707,36049707,1,snv_mnv,NA,NA,"broad,dkfz,muse,sanger",4,COSN7145118,NA,NA,FALSE,0.1667,NA,18,90,NA,NA,NA,Intron,FALSE,FALSE,FALSE,FALSE,4,2,2,2_2,d4907a1b-8b06-47c5-8bca-c781d9cddaf8,NA
21,37724273,37724273,1,snv_mnv,NA,NA,"broad,dkfz,muse,sanger",4,COSN7145412,NA,L1M5,FALSE,0.297,NA,30,71,NA,NA,NA,Intron,FALSE,FALSE,FALSE,FALSE,4,2,2,2_2,d4907a1b-8b06-47c5-8bca-c781d9cddaf8,NA
21,40180640,40180640,1,snv_mnv,NA,NA,"broad,dkfz,muse,sanger",4,COSN7146001,NA,NA,FALSE,0.2333,NA,14,46,NA,NA,NA,Intron,FALSE,FALSE,FALSE,FALSE,4,2,2,2_2,d4907a1b-8b06-47c5-8bca-c781d9cddaf8,ETS2
21,41612863,41612863,1,snv_mnv,3.9936e-4,rs141394909,"broad,dkfz,muse,sanger",4,COSN7146376,rs141394909,L1PA14,FALSE,0.1446,NA,12,71,NA,NA,NA,Intron,FALSE,FALSE,FALSE,FALSE,4,2,2,2_2,d4907a1b-8b06-47c5-8bca-c781d9cddaf8,NA
21,41684976,41684976,1,snv_mnv,NA,NA,"broad,dkfz,muse,sanger",4,COSN7146410,NA,AluJr,FALSE,0.2,NA,14,56,NA,NA,NA,Intron,FALSE,FALSE,FALSE,FALSE,4,2,2,2_2,d4907a1b-8b06-47c5-8bca-c781d9cddaf8,NA
21,42227645,42227645,1,snv_mnv,NA,NA,"broad,dkfz,muse,sanger",4,COSN7146590,NA,L1MC4a,FALSE,0.2987,NA,23,54,NA,NA,NA,IGR,FALSE,FALSE,FALSE,FALSE,4,2,2,2_2,d4907a1b-8b06-47c5-8bca-c781d9cddaf8,NA
21,43466915,43466915,1,snv_mnv,NA,NA,"broad,dkfz,muse,sanger",4,COSN7146825,NA,NA,FALSE,0.2436,NA,19,59,NA,NA,NA,IGR,FALSE,FALSE,FALSE,FALSE,4,2,2,2_2,d4907a1b-8b06-47c5-8bca-c781d9cddaf8,NA
21,45106130,45106130,1,snv_mnv,NA,NA,"broad,dkfz,muse,sanger",4,COSN8011760,NA,NA,FALSE,0.3494,NA,29,54,NA,NA,NA,Intron,FALSE,FALSE,FALSE,FALSE,4,2,2,2_2,d4907a1b-8b06-47c5-8bca-c781d9cddaf8,NA
21,45325064,45325064,1,snv_mnv,NA,NA,"broad,muse",2,COSN8011813,NA,AluSc,FALSE,0.2982,NA,17,40,NA,NA,NA,Intron,FALSE,FALSE,FALSE,FALSE,4,2,2,2_2,d4907a1b-8b06-47c5-8bca-c781d9cddaf8,NA
21,46775701,46775701,1,snv_mnv,0.0033946,rs139789994,"broad,dkfz,muse,sanger",4,COSN8012142,rs139789994,L1M5,FALSE,0.0656,NA,4,57,NA,NA,NA,IGR,FALSE,FALSE,FALSE,FALSE,4,2,2,2_2,d4907a1b-8b06-47c5-8bca-c781d9cddaf8,NA
21,47761635,47761635,1,snv_mnv,NA,NA,"broad,dkfz,muse,sanger",4,COSN8012518,NA,AluJr,FALSE,0.3099,NA,22,49,NA,NA,NA,Intron,FALSE,FALSE,FALSE,FALSE,4,2,2,2_2,d4907a1b-8b06-47c5-8bca-c781d9cddaf8,PCNT
22,17783153,17783153,1,snv_mnv,NA,NA,"broad,dkfz,muse,sanger",4,COSN8013415,NA,NA,FALSE,0.1125,NA,9,71,NA,NA,NA,IGR,FALSE,FALSE,FALSE,FALSE,5,3,2,3_2,d4907a1b-8b06-47c5-8bca-c781d9cddaf8,NA
22,17783198,17783198,1,snv_mnv,NA,NA,"broad,dkfz,muse,sanger",4,COSN8013416,NA,NA,FALSE,0.1548,NA,13,71,NA,NA,NA,IGR,FALSE,FALSE,FALSE,FALSE,5,3,2,3_2,d4907a1b-8b06-47c5-8bca-c781d9cddaf8,NA
22,17783325,17783325,1,snv_mnv,NA,NA,"broad,dkfz,muse,sanger",4,COSN8013417,NA,MLT1B,FALSE,0.1728,NA,14,67,NA,NA,NA,IGR,FALSE,FALSE,FALSE,FALSE,5,3,2,3_2,d4907a1b-8b06-47c5-8bca-c781d9cddaf8,NA
22,17783411,17783411,1,snv_mnv,NA,NA,"broad,dkfz,muse,sanger",4,COSN8013418,NA,AluSq2,FALSE,0.12,NA,12,88,NA,NA,NA,IGR,FALSE,FALSE,FALSE,FALSE,5,3,2,3_2,d4907a1b-8b06-47c5-8bca-c781d9cddaf8,NA
22,17783913,17783913,1,snv_mnv,NA,NA,"broad,dkfz,muse,sanger",4,COSN8013419,NA,MLT1B,FALSE,0.1389,NA,10,62,NA,NA,NA,IGR,FALSE,FALSE,FALSE,FALSE,5,3,2,3_2,d4907a1b-8b06-47c5-8bca-c781d9cddaf8,NA
22,17784590,17784590,1,snv_mnv,NA,NA,"broad,dkfz,muse,sanger",4,COSN8013420,NA,LTR33A,FALSE,0.1039,NA,8,69,NA,NA,NA,IGR,FALSE,FALSE,FALSE,FALSE,5,3,2,3_2,d4907a1b-8b06-47c5-8bca-c781d9cddaf8,NA
22,17784673,17784673,1,snv_mnv,NA,NA,"broad,dkfz,muse,sanger",4,COSN8013421,NA,LTR33A,FALSE,0.1585,NA,13,69,NA,NA,NA,IGR,FALSE,FALSE,FALSE,FALSE,5,3,2,3_2,d4907a1b-8b06-47c5-8bca-c781d9cddaf8,NA
22,17784913,17784913,1,snv_mnv,NA,NA,"broad,dkfz,muse,sanger",4,COSN8013423,NA,NA,FALSE,0.1375,NA,11,69,NA,NA,NA,IGR,FALSE,FALSE,FALSE,FALSE,5,3,2,3_2,d4907a1b-8b06-47c5-8bca-c781d9cddaf8,NA
22,17784915,17784915,1,snv_mnv,NA,NA,"broad,dkfz,muse,sanger",4,COSN8013424,NA,NA,FALSE,0.1519,NA,12,67,NA,NA,NA,IGR,FALSE,FALSE,FALSE,FALSE,5,3,2,3_2,d4907a1b-8b06-47c5-8bca-c781d9cddaf8,NA
22,17785481,17785481,1,snv_mnv,NA,NA,"broad,dkfz,muse,sanger",4,COSN8013425,NA,NA,FALSE,0.1538,NA,14,77,NA,NA,NA,IGR,FALSE,FALSE,FALSE,FALSE,5,3,2,3_2,d4907a1b-8b06-47c5-8bca-c781d9cddaf8,NA
22,17785601,17785601,1,snv_mnv,NA,NA,"broad,dkfz,muse,sanger",4,COSN8013426,NA,NA,FALSE,0.1486,NA,11,63,NA,NA,NA,IGR,FALSE,FALSE,FALSE,FALSE,5,3,2,3_2,d4907a1b-8b06-47c5-8bca-c781d9cddaf8,NA
22,17786061,17786061,1,snv_mnv,NA,NA,"broad,dkfz,muse,sanger",4,COSN8013427,NA,NA,FALSE,0.1546,NA,15,82,NA,NA,NA,IGR,FALSE,FALSE,FALSE,FALSE,5,3,2,3_2,d4907a1b-8b06-47c5-8bca-c781d9cddaf8,NA
22,17786616,17786616,1,snv_mnv,NA,NA,"broad,dkfz,muse,sanger",4,COSN8013428,NA,NA,FALSE,0.1157,NA,14,107,NA,NA,NA,IGR,FALSE,FALSE,FALSE,FALSE,5,3,2,3_2,d4907a1b-8b06-47c5-8bca-c781d9cddaf8,NA
22,19888724,19888724,1,snv_mnv,NA,NA,"dkfz,muse,sanger",3,COSN8013918,NA,NA,FALSE,0.1111,NA,7,56,NA,NA,NA,Intron,FALSE,FALSE,FALSE,FALSE,3,2,1,2_1,d4907a1b-8b06-47c5-8bca-c781d9cddaf8,TXNRD2
22,20723512,20723512,1,snv_mnv,NA,NA,"broad,muse,sanger",3,COSN8014028,NA,MSTC,FALSE,0.2407,NA,13,41,NA,NA,NA,Intron,FALSE,FALSE,FALSE,FALSE,3,2,1,2_1,d4907a1b-8b06-47c5-8bca-c781d9cddaf8,USP41
22,21435834,21435834,1,snv_mnv,NA,NA,"broad,dkfz,muse,sanger",4,COSN8014168,NA,AluSx3,FALSE,0.193,NA,11,46,NA,NA,NA,IGR,FALSE,FALSE,FALSE,FALSE,3,2,1,2_1,d4907a1b-8b06-47c5-8bca-c781d9cddaf8,AC002472.4
22,22459716,22459716,1,snv_mnv,NA,NA,"broad,dkfz,muse,sanger",4,COSN8014346,NA,L1PB1,FALSE,0.2785,NA,22,57,NA,NA,NA,IGR,FALSE,FALSE,FALSE,FALSE,3,2,1,2_1,d4907a1b-8b06-47c5-8bca-c781d9cddaf8,AC245517.1
22,26159039,26159039,1,snv_mnv,NA,NA,"broad,dkfz,muse,sanger",4,COSN8015190,rs374823208,NA,FALSE,0.1905,NA,12,51,NA,NA,NA,Intron,FALSE,FALSE,FALSE,FALSE,3,2,1,2_1,d4907a1b-8b06-47c5-8bca-c781d9cddaf8,NA
22,26224973,26224973,1,snv_mnv,NA,NA,"broad,dkfz,muse,sanger",4,COSN8015204,rs372251483,NA,FALSE,0.1618,NA,11,57,NA,NA,NA,Intron,FALSE,FALSE,FALSE,FALSE,3,2,1,2_1,d4907a1b-8b06-47c5-8bca-c781d9cddaf8,NA
22,26539435,26539435,1,snv_mnv,NA,NA,"broad,dkfz,muse,sanger",4,COSN8015350,NA,MLT1H,FALSE,0.1781,NA,13,60,NA,NA,NA,IGR,FALSE,FALSE,FALSE,FALSE,3,2,1,2_1,d4907a1b-8b06-47c5-8bca-c781d9cddaf8,NA
22,26541719,26541719,1,snv_mnv,NA,NA,"broad,dkfz,muse,sanger",4,COSN8015352,rs746293142,NA,FALSE,0.3766,NA,29,48,NA,NA,NA,IGR,FALSE,FALSE,FALSE,FALSE,3,2,1,2_1,d4907a1b-8b06-47c5-8bca-c781d9cddaf8,NA
22,27240857,27240857,1,snv_mnv,NA,NA,"broad,dkfz,muse,sanger",4,COSN8015573,NA,L2b,FALSE,0.1967,NA,12,49,NA,NA,NA,IGR,FALSE,FALSE,FALSE,FALSE,3,2,1,2_1,d4907a1b-8b06-47c5-8bca-c781d9cddaf8,NA
22,27816547,27816547,1,snv_mnv,NA,NA,"broad,dkfz,muse,sanger",4,COSN8015731,NA,NA,FALSE,0.3529,NA,18,33,NA,NA,NA,IGR,FALSE,FALSE,FALSE,FALSE,3,2,1,2_1,d4907a1b-8b06-47c5-8bca-c781d9cddaf8,AL049536.1
22,32775186,32775186,1,snv_mnv,NA,NA,"broad,dkfz,muse,sanger",4,COSN8016850,NA,NA,FALSE,0.1897,NA,11,47,NA,NA,NA,lincRNA,FALSE,FALSE,FALSE,FALSE,3,2,1,2_1,d4907a1b-8b06-47c5-8bca-c781d9cddaf8,"AL021937.4,IGLVIVOR22-2"
22,33475961,33475961,1,snv_mnv,NA,NA,"broad,dkfz,muse,sanger",4,COSN8017063,NA,NA,FALSE,0.194,NA,13,54,NA,NA,NA,IGR,FALSE,FALSE,FALSE,FALSE,3,2,1,2_1,d4907a1b-8b06-47c5-8bca-c781d9cddaf8,NA
22,33475963,33475963,1,snv_mnv,NA,NA,"broad,dkfz,muse,sanger",4,COSN8017064,NA,NA,FALSE,0.1818,NA,12,54,NA,NA,NA,IGR,FALSE,FALSE,FALSE,FALSE,3,2,1,2_1,d4907a1b-8b06-47c5-8bca-c781d9cddaf8,NA
22,35331137,35331137,1,snv_mnv,NA,NA,"broad,dkfz,muse,sanger",4,COSN8017771,NA,MLT1H,FALSE,0.3514,NA,26,48,NA,NA,NA,RNA,FALSE,FALSE,FALSE,FALSE,3,2,1,2_1,d4907a1b-8b06-47c5-8bca-c781d9cddaf8,NA
22,35446618,35446618,1,snv_mnv,NA,NA,"broad,dkfz,muse,sanger",4,COSN8017807,NA,L4,FALSE,0.2131,NA,13,48,NA,NA,NA,RNA,FALSE,FALSE,FALSE,FALSE,3,2,1,2_1,d4907a1b-8b06-47c5-8bca-c781d9cddaf8,NA
22,37550774,37550774,1,snv_mnv,NA,NA,"broad,muse,sanger",3,COSN8018308,NA,AluSc5,FALSE,0.28,NA,14,36,NA,NA,NA,IGR,FALSE,FALSE,FALSE,FALSE,3,2,1,2_1,d4907a1b-8b06-47c5-8bca-c781d9cddaf8,IL2RB
22,38168208,38168208,1,snv_mnv,NA,NA,"broad,dkfz,muse,sanger",4,COSN8018431,NA,NA,FALSE,0.3269,NA,17,35,NA,NA,NA,Intron,FALSE,FALSE,FALSE,FALSE,3,2,1,2_1,d4907a1b-8b06-47c5-8bca-c781d9cddaf8,NA
22,38408857,38408857,1,snv_mnv,NA,NA,"broad,dkfz,muse,sanger",4,COSN8018477,NA,L1MD3,FALSE,0.1449,NA,10,59,NA,NA,NA,Intron,FALSE,FALSE,FALSE,FALSE,3,2,1,2_1,d4907a1b-8b06-47c5-8bca-c781d9cddaf8,NA
22,38862358,38862358,1,snv_mnv,NA,NA,"broad,dkfz,muse,sanger",4,COSN8018574,NA,MIRb,FALSE,0.1857,NA,13,57,NA,NA,NA,5'Flank,FALSE,FALSE,FALSE,FALSE,3,2,1,2_1,d4907a1b-8b06-47c5-8bca-c781d9cddaf8,KDELR3
22,39163769,39163769,1,snv_mnv,NA,NA,"broad,dkfz,muse,sanger",4,COSN8018643,NA,NA,FALSE,0.3333,NA,20,40,NA,NA,NA,Intron,FALSE,FALSE,FALSE,FALSE,3,2,1,2_1,d4907a1b-8b06-47c5-8bca-c781d9cddaf8,NA
22,39415301,39415301,1,snv_mnv,NA,NA,"broad,dkfz,muse,sanger",4,COSN8018690,NA,MER65C,FALSE,0.274,NA,20,53,NA,NA,NA,3'UTR,FALSE,FALSE,FALSE,FALSE,3,2,1,2_1,d4907a1b-8b06-47c5-8bca-c781d9cddaf8,"APOBEC3D,APOBEC3C"
22,42525173,42525173,1,snv_mnv,NA,NA,"broad,dkfz,muse,sanger",4,COSM3785680,NA,NA,FALSE,0.375,NA,18,30,NA,NA,NA,Missense_Mutation,FALSE,FALSE,FALSE,FALSE,3,2,1,2_1,d4907a1b-8b06-47c5-8bca-c781d9cddaf8,"NDUFA6-DT,AC254562.1"
22,44287145,44287145,1,snv_mnv,NA,NA,"broad,dkfz,muse,sanger",4,COSM1221379,NA,NA,FALSE,0.2727,NA,15,40,NA,NA,NA,Missense_Mutation,FALSE,FALSE,FALSE,FALSE,3,2,1,2_1,d4907a1b-8b06-47c5-8bca-c781d9cddaf8,NA
22,44917292,44917292,1,snv_mnv,NA,NA,"broad,dkfz,muse,sanger",4,COSN8019874,NA,NA,FALSE,0.1475,NA,9,52,NA,NA,NA,IGR,FALSE,FALSE,FALSE,FALSE,3,2,1,2_1,d4907a1b-8b06-47c5-8bca-c781d9cddaf8,NA
22,45331826,45331826,1,snv_mnv,NA,NA,"broad,dkfz,muse,sanger",4,COSN8020000,rs757675030,NA,FALSE,0.1964,NA,11,45,NA,NA,NA,Intron,FALSE,FALSE,FALSE,FALSE,3,2,1,2_1,d4907a1b-8b06-47c5-8bca-c781d9cddaf8,NA
22,45956888,45956888,1,snv_mnv,NA,NA,"broad,dkfz,muse,sanger",4,COSN8020157,NA,HERVL-int,FALSE,0.1324,NA,9,59,NA,NA,NA,Intron,FALSE,FALSE,FALSE,FALSE,3,2,1,2_1,d4907a1b-8b06-47c5-8bca-c781d9cddaf8,FBLN1
22,46005244,46005244,1,snv_mnv,NA,NA,"broad,dkfz,muse,sanger",4,COSN8020169,NA,AluSx,FALSE,0.2295,NA,14,47,NA,NA,NA,IGR,FALSE,FALSE,FALSE,FALSE,3,2,1,2_1,d4907a1b-8b06-47c5-8bca-c781d9cddaf8,LINC01589
22,46479243,46479243,1,snv_mnv,NA,NA,"broad,dkfz,muse",3,COSN8020261,NA,NA,FALSE,0.3596,NA,32,57,NA,NA,NA,Intron,FALSE,FALSE,FALSE,FALSE,3,2,1,2_1,d4907a1b-8b06-47c5-8bca-c781d9cddaf8,MIRLET7BHG
22,46770810,46770810,1,snv_mnv,NA,NA,"broad,dkfz",2,COSN8020309,NA,NA,FALSE,0.1148,NA,7,54,NA,NA,NA,Intron,FALSE,FALSE,FALSE,FALSE,3,2,1,2_1,d4907a1b-8b06-47c5-8bca-c781d9cddaf8,NA
22,47179835,47179835,1,snv_mnv,NA,NA,"broad,dkfz,muse,sanger",4,COSN8020375,NA,L1ME3C,FALSE,0.253,NA,21,62,NA,NA,NA,Intron,FALSE,FALSE,FALSE,FALSE,3,2,1,2_1,d4907a1b-8b06-47c5-8bca-c781d9cddaf8,NA
22,47821614,47821614,1,snv_mnv,NA,NA,"broad,dkfz,muse,sanger",4,COSN8020551,NA,L1ME5,FALSE,0.1143,NA,8,62,NA,NA,NA,IGR,FALSE,FALSE,FALSE,FALSE,3,2,1,2_1,d4907a1b-8b06-47c5-8bca-c781d9cddaf8,NA
22,48201490,48201490,1,snv_mnv,NA,NA,"broad,dkfz,muse,sanger",4,COSN8020764,NA,NA,FALSE,0.1515,NA,10,56,NA,NA,NA,lincRNA,FALSE,FALSE,FALSE,FALSE,3,2,1,2_1,d4907a1b-8b06-47c5-8bca-c781d9cddaf8,NA
22,48594073,48594073,1,snv_mnv,NA,NA,"broad,dkfz,muse,sanger",4,COSN8021003,rs536603643,NA,FALSE,0.1935,NA,12,50,NA,NA,NA,IGR,FALSE,FALSE,FALSE,FALSE,3,2,1,2_1,d4907a1b-8b06-47c5-8bca-c781d9cddaf8,NA
22,48699098,48699098,1,snv_mnv,NA,NA,"broad,dkfz,muse,sanger",4,COSN8021075,NA,NA,FALSE,0.2647,NA,18,50,NA,NA,NA,IGR,FALSE,FALSE,FALSE,FALSE,3,2,1,2_1,d4907a1b-8b06-47c5-8bca-c781d9cddaf8,NA
22,48894309,48894309,1,snv_mnv,NA,NA,"broad,dkfz,muse,sanger",4,COSN8021213,NA,NA,FALSE,0.1857,NA,13,57,NA,NA,NA,Intron,FALSE,FALSE,FALSE,FALSE,3,2,1,2_1,d4907a1b-8b06-47c5-8bca-c781d9cddaf8,NA
22,48928345,48928345,1,snv_mnv,NA,NA,"broad,dkfz,muse,sanger",4,COSN8021234,NA,NA,FALSE,0.2078,NA,16,61,NA,NA,NA,Intron,FALSE,FALSE,FALSE,FALSE,3,2,1,2_1,d4907a1b-8b06-47c5-8bca-c781d9cddaf8,NA
22,49163317,49163317,1,snv_mnv,NA,NA,"broad,dkfz,muse,sanger",4,COSN8021414,NA,L1MEf,FALSE,0.1235,NA,10,71,NA,NA,NA,IGR,FALSE,FALSE,FALSE,FALSE,3,2,1,2_1,d4907a1b-8b06-47c5-8bca-c781d9cddaf8,NA
22,49431210,49431210,1,snv_mnv,NA,NA,"broad,dkfz,muse,sanger",4,COSN8021576,NA,NA,FALSE,0.2041,NA,10,39,NA,NA,NA,IGR,FALSE,FALSE,FALSE,FALSE,3,2,1,2_1,d4907a1b-8b06-47c5-8bca-c781d9cddaf8,NA
22,49447585,49447585,1,snv_mnv,NA,NA,"broad,dkfz,muse,sanger",4,COSN8021589,NA,NA,FALSE,0.3478,NA,24,45,NA,NA,NA,IGR,FALSE,FALSE,FALSE,FALSE,3,2,1,2_1,d4907a1b-8b06-47c5-8bca-c781d9cddaf8,NA
22,51010988,51010988,1,snv_mnv,NA,NA,"broad,dkfz,muse,sanger",4,COSN7678742,NA,AluSx1,FALSE,0.1818,NA,12,54,NA,NA,NA,Intron,FALSE,FALSE,FALSE,FALSE,3,2,1,2_1,d4907a1b-8b06-47c5-8bca-c781d9cddaf8,CPT1B
3,519890,519890,1,snv_mnv,NA,NA,"broad,dkfz,muse,sanger",4,COSN7700431,NA,MLT1H2,FALSE,0.2571,NA,18,52,NA,NA,NA,IGR,FALSE,FALSE,FALSE,FALSE,2,1,1,1_1,d4907a1b-8b06-47c5-8bca-c781d9cddaf8,NA
3,980407,980407,1,snv_mnv,NA,NA,"broad,dkfz,muse,sanger",4,COSN7719738,NA,L1PA15,FALSE,0.2031,NA,13,51,NA,NA,NA,IGR,FALSE,FALSE,FALSE,FALSE,2,1,1,1_1,d4907a1b-8b06-47c5-8bca-c781d9cddaf8,NA
3,1071637,1071637,1,snv_mnv,NA,NA,"broad,dkfz,muse,sanger",4,COSN7551233,NA,L1PA8,FALSE,0.2667,NA,20,55,NA,NA,NA,IGR,FALSE,FALSE,FALSE,FALSE,2,1,1,1_1,d4907a1b-8b06-47c5-8bca-c781d9cddaf8,NA
3,1074706,1074706,1,snv_mnv,NA,NA,"broad,dkfz,muse,sanger",4,COSN7551299,NA,L1PA8,FALSE,0.169,NA,12,59,NA,NA,NA,IGR,FALSE,FALSE,FALSE,FALSE,2,1,1,1_1,d4907a1b-8b06-47c5-8bca-c781d9cddaf8,NA
3,1114493,1114493,1,snv_mnv,NA,NA,"dkfz,muse,sanger",3,COSN7552613,NA,AluY,FALSE,0.1509,NA,8,45,NA,NA,NA,IGR,FALSE,FALSE,FALSE,FALSE,2,1,1,1_1,d4907a1b-8b06-47c5-8bca-c781d9cddaf8,NA
3,1553466,1553466,1,snv_mnv,NA,NA,"broad,dkfz,muse,sanger",4,COSN7827510,NA,NA,FALSE,0.2143,NA,15,55,NA,NA,NA,IGR,FALSE,FALSE,FALSE,FALSE,2,1,1,1_1,d4907a1b-8b06-47c5-8bca-c781d9cddaf8,NA
3,1579239,1579239,1,snv_mnv,NA,NA,"broad,dkfz,muse,sanger",4,COSN7828323,rs531459295,NA,FALSE,0.2537,NA,17,50,NA,NA,NA,IGR,FALSE,FALSE,FALSE,FALSE,2,1,1,1_1,d4907a1b-8b06-47c5-8bca-c781d9cddaf8,NA
3,2115507,2115507,1,snv_mnv,NA,NA,"broad,dkfz,muse,sanger",4,COSN7601294,NA,L1MC2,FALSE,0.1719,NA,11,53,NA,NA,NA,IGR,FALSE,FALSE,FALSE,FALSE,2,1,1,1_1,d4907a1b-8b06-47c5-8bca-c781d9cddaf8,NA
3,2219285,2219285,1,snv_mnv,NA,NA,"broad,dkfz,muse,sanger",4,COSN7601920,NA,NA,FALSE,0.1915,NA,9,38,NA,NA,NA,Intron,FALSE,FALSE,FALSE,FALSE,2,1,1,1_1,d4907a1b-8b06-47c5-8bca-c781d9cddaf8,NA
3,2709257,2709257,1,snv_mnv,NA,NA,"broad,muse,sanger",3,COSN7604177,NA,L1PA5,FALSE,0.2857,NA,22,55,NA,NA,NA,Intron,FALSE,FALSE,FALSE,FALSE,2,1,1,1_1,d4907a1b-8b06-47c5-8bca-c781d9cddaf8,NA
3,2901510,2901510,1,snv_mnv,1.9968e-4,rs550816925,"broad,dkfz,muse,sanger",4,COSN7604964,rs550816925,NA,FALSE,0.2877,NA,21,52,NA,NA,NA,Intron,FALSE,FALSE,FALSE,FALSE,2,1,1,1_1,d4907a1b-8b06-47c5-8bca-c781d9cddaf8,NA
3,2943243,2943243,1,snv_mnv,NA,NA,"broad,dkfz,muse,sanger",4,COSN7605222,NA,NA,FALSE,0.1571,NA,11,59,NA,NA,NA,Intron,FALSE,FALSE,FALSE,FALSE,2,1,1,1_1,d4907a1b-8b06-47c5-8bca-c781d9cddaf8,NA
3,3993040,3993040,1,snv_mnv,NA,NA,"broad,dkfz,muse,sanger",4,COSN7608574,NA,Tigger2b_Pri,FALSE,0.175,NA,14,66,NA,NA,NA,Intron,FALSE,FALSE,FALSE,FALSE,2,1,1,1_1,d4907a1b-8b06-47c5-8bca-c781d9cddaf8,NA
3,4217434,4217434,1,snv_mnv,NA,NA,"broad,dkfz,muse,sanger",4,COSN7698301,NA,L1PA6,FALSE,0.1449,NA,10,59,NA,NA,NA,Intron,FALSE,FALSE,FALSE,FALSE,2,1,1,1_1,d4907a1b-8b06-47c5-8bca-c781d9cddaf8,NA
3,4779600,4779600,1,snv_mnv,NA,NA,"broad,dkfz,muse,sanger",4,COSN7699521,NA,L1PA13,FALSE,0.2267,NA,17,58,NA,NA,NA,Intron,FALSE,FALSE,FALSE,FALSE,2,1,1,1_1,d4907a1b-8b06-47c5-8bca-c781d9cddaf8,ITPR1
3,4916795,4916795,1,snv_mnv,NA,NA,"broad,dkfz,muse,sanger",4,COSN7699795,NA,NA,FALSE,0.1875,NA,12,52,NA,NA,NA,Intron,FALSE,FALSE,FALSE,FALSE,2,1,1,1_1,d4907a1b-8b06-47c5-8bca-c781d9cddaf8,NA
3,6108731,6108731,1,snv_mnv,NA,NA,"broad,dkfz,muse,sanger",4,COSN7703411,NA,LTR30,FALSE,0.2258,NA,14,48,NA,NA,NA,lincRNA,FALSE,FALSE,FALSE,FALSE,2,1,1,1_1,d4907a1b-8b06-47c5-8bca-c781d9cddaf8,NA
3,6526149,6526149,1,snv_mnv,NA,NA,"broad,dkfz,muse,sanger",4,COSN7704518,NA,AluY,FALSE,0.2222,NA,8,28,NA,NA,NA,IGR,FALSE,FALSE,FALSE,FALSE,2,1,1,1_1,d4907a1b-8b06-47c5-8bca-c781d9cddaf8,NA
3,6823398,6823398,1,snv_mnv,NA,NA,"broad,dkfz,muse,sanger",4,COSN7705280,NA,NA,FALSE,0.3205,NA,25,53,NA,NA,NA,IGR,FALSE,FALSE,FALSE,FALSE,2,1,1,1_1,d4907a1b-8b06-47c5-8bca-c781d9cddaf8,NA
3,6942025,6942025,1,snv_mnv,NA,NA,"broad,dkfz,muse,sanger",4,COSN7705771,NA,NA,FALSE,0.2105,NA,16,60,NA,NA,NA,Intron,FALSE,FALSE,FALSE,FALSE,2,1,1,1_1,d4907a1b-8b06-47c5-8bca-c781d9cddaf8,NA
3,7004168,7004168,1,snv_mnv,NA,NA,"broad,dkfz,muse,sanger",4,COSN7705960,NA,NA,FALSE,0.1389,NA,10,62,NA,NA,NA,Intron,FALSE,FALSE,FALSE,FALSE,2,1,1,1_1,d4907a1b-8b06-47c5-8bca-c781d9cddaf8,NA
3,7461759,7461759,1,snv_mnv,NA,NA,"broad,dkfz,muse,sanger",4,COSN7707747,NA,NA,FALSE,0.2222,NA,20,70,NA,NA,NA,Intron,FALSE,FALSE,FALSE,FALSE,2,1,1,1_1,d4907a1b-8b06-47c5-8bca-c781d9cddaf8,GRM7
3,8582968,8582968,1,snv_mnv,NA,NA,"broad,dkfz,muse,sanger",4,COSN7714400,NA,AluSq,FALSE,0.1509,NA,8,45,NA,NA,NA,Intron,FALSE,FALSE,FALSE,FALSE,2,1,1,1_1,d4907a1b-8b06-47c5-8bca-c781d9cddaf8,LMCD1
3,8723338,8723338,1,snv_mnv,NA,NA,"broad,muse,sanger",3,COSN7715278,NA,NA,FALSE,0.1163,NA,5,38,NA,NA,NA,Intron,FALSE,FALSE,FALSE,FALSE,2,1,1,1_1,d4907a1b-8b06-47c5-8bca-c781d9cddaf8,"OR7E122P,SSUH2"
3,9161500,9161500,1,snv_mnv,NA,NA,"broad,dkfz,muse,sanger",4,COSN7716960,NA,MLT1H1,FALSE,0.2549,NA,13,38,NA,NA,NA,Intron,FALSE,FALSE,FALSE,FALSE,2,1,1,1_1,d4907a1b-8b06-47c5-8bca-c781d9cddaf8,SRGAP3
3,12584467,12584467,1,snv_mnv,NA,NA,"broad,dkfz,muse,sanger",4,COSN7816033,NA,MIRb,FALSE,0.3125,NA,30,66,NA,NA,NA,Intron,FALSE,FALSE,FALSE,FALSE,2,1,1,1_1,d4907a1b-8b06-47c5-8bca-c781d9cddaf8,TSEN2
3,12706920,12706920,1,snv_mnv,NA,NA,"broad,dkfz,muse,sanger",4,COSN7816444,NA,AluSp,FALSE,0.2121,NA,7,26,NA,NA,NA,5'Flank,FALSE,FALSE,FALSE,FALSE,2,1,1,1_1,d4907a1b-8b06-47c5-8bca-c781d9cddaf8,RAF1
3,12741102,12741102,1,snv_mnv,1.9968e-4,rs537846589,"broad,dkfz,muse,sanger",4,COSN7816565,rs537846589,AluSz6,FALSE,0.2558,NA,11,32,NA,NA,NA,IGR,FALSE,FALSE,FALSE,FALSE,2,1,1,1_1,d4907a1b-8b06-47c5-8bca-c781d9cddaf8,NA
3,13042359,13042359,1,snv_mnv,NA,NA,"broad,dkfz,muse,sanger",4,COSN7817399,NA,MIRb,FALSE,0.1935,NA,12,50,NA,NA,NA,IGR,FALSE,FALSE,FALSE,FALSE,2,1,1,1_1,d4907a1b-8b06-47c5-8bca-c781d9cddaf8,NA
3,13206487,13206487,1,snv_mnv,NA,NA,"broad,dkfz,muse,sanger",4,COSN7818006,rs745933043,NA,FALSE,0.2712,NA,16,43,NA,NA,NA,IGR,FALSE,FALSE,FALSE,FALSE,2,1,1,1_1,d4907a1b-8b06-47c5-8bca-c781d9cddaf8,NA
3,13860585,13860585,1,snv_mnv,NA,NA,"broad,dkfz,muse,sanger",4,COSM3124100,rs766182196,NA,FALSE,0.1321,NA,7,46,NA,NA,NA,Silent,FALSE,FALSE,FALSE,FALSE,2,1,1,1_1,d4907a1b-8b06-47c5-8bca-c781d9cddaf8,NA
3,18134677,18134677,1,snv_mnv,NA,NA,"broad,dkfz,muse,sanger",4,COSN7839103,NA,NA,FALSE,0.2154,NA,14,51,NA,NA,NA,Intron,FALSE,FALSE,TRUE,FALSE,2,1,1,1_1,d4907a1b-8b06-47c5-8bca-c781d9cddaf8,NA
3,18379500,18379500,1,snv_mnv,NA,NA,"broad,dkfz,muse,sanger",4,COSN7839878,NA,L1ME1,FALSE,0.2239,NA,15,52,NA,NA,NA,Intron,FALSE,FALSE,FALSE,FALSE,2,1,1,1_1,d4907a1b-8b06-47c5-8bca-c781d9cddaf8,NA
3,18936331,18936331,1,snv_mnv,NA,NA,"broad,dkfz,muse,sanger",4,COSN7841523,NA,NA,FALSE,0.1333,NA,10,65,NA,NA,NA,RNA,FALSE,FALSE,FALSE,FALSE,2,1,1,1_1,d4907a1b-8b06-47c5-8bca-c781d9cddaf8,NA
3,21240040,21240040,1,snv_mnv,NA,NA,"broad,dkfz,muse,sanger",4,COSN7601334,NA,L1MA4A,FALSE,0.2182,NA,12,43,NA,NA,NA,IGR,FALSE,FALSE,FALSE,FALSE,2,1,1,1_1,d4907a1b-8b06-47c5-8bca-c781d9cddaf8,NA
3,22438839,22438839,1,snv_mnv,NA,NA,"broad,dkfz,muse,sanger",4,COSN7602118,NA,NA,FALSE,0.2222,NA,16,56,NA,NA,NA,IGR,FALSE,FALSE,FALSE,FALSE,2,1,1,1_1,d4907a1b-8b06-47c5-8bca-c781d9cddaf8,NA
3,22549994,22549994,1,snv_mnv,NA,NA,"broad,dkfz,muse,sanger",4,COSN7602204,NA,NA,FALSE,0.14,NA,7,43,NA,NA,NA,IGR,FALSE,FALSE,FALSE,FALSE,2,1,1,1_1,d4907a1b-8b06-47c5-8bca-c781d9cddaf8,NA
3,22957465,22957465,1,snv_mnv,NA,NA,"broad,dkfz,muse,sanger",4,COSN7602444,rs752231135,L2c,FALSE,0.1143,NA,8,62,NA,NA,NA,IGR,FALSE,FALSE,FALSE,FALSE,2,1,1,1_1,d4907a1b-8b06-47c5-8bca-c781d9cddaf8,NA
3,23148597,23148597,1,snv_mnv,NA,NA,"broad,dkfz,muse,sanger",4,COSN7602535,NA,NA,FALSE,0.2353,NA,16,52,NA,NA,NA,IGR,FALSE,FALSE,FALSE,FALSE,2,1,1,1_1,d4907a1b-8b06-47c5-8bca-c781d9cddaf8,NA
3,23151942,23151942,1,snv_mnv,NA,NA,"broad,dkfz,muse,sanger",4,COSN7602536,NA,NA,FALSE,0.125,NA,9,63,NA,NA,NA,IGR,FALSE,FALSE,FALSE,FALSE,2,1,1,1_1,d4907a1b-8b06-47c5-8bca-c781d9cddaf8,NA
3,23446270,23446270,1,snv_mnv,NA,NA,"broad,dkfz,muse,sanger",4,COSN7602657,NA,NA,FALSE,0.1733,NA,13,62,NA,NA,NA,Intron,FALSE,FALSE,FALSE,FALSE,2,1,1,1_1,d4907a1b-8b06-47c5-8bca-c781d9cddaf8,NA
3,24467758,24467758,1,snv_mnv,NA,NA,"broad,dkfz,muse,sanger",4,COSN7603017,NA,NA,FALSE,0.1587,NA,10,53,NA,NA,NA,Intron,FALSE,FALSE,FALSE,FALSE,2,1,1,1_1,d4907a1b-8b06-47c5-8bca-c781d9cddaf8,RPL31P20
3,25928283,25928283,1,snv_mnv,NA,NA,"broad,muse,sanger",3,COSN7603479,NA,AluY,FALSE,0.1321,NA,7,46,NA,NA,NA,IGR,FALSE,FALSE,FALSE,FALSE,2,1,1,1_1,d4907a1b-8b06-47c5-8bca-c781d9cddaf8,NA
3,27308151,27308151,1,snv_mnv,NA,NA,"broad,dkfz,muse,sanger",4,COSN7604259,NA,LTR41,FALSE,0.1846,NA,12,53,NA,NA,NA,Intron,FALSE,FALSE,FALSE,FALSE,2,1,1,1_1,d4907a1b-8b06-47c5-8bca-c781d9cddaf8,RNU6-342P
3,27314109,27314109,1,snv_mnv,NA,NA,"broad,dkfz,muse,sanger",4,COSN7604261,NA,NA,FALSE,0.2,NA,9,36,NA,NA,NA,Intron,FALSE,FALSE,FALSE,FALSE,2,1,1,1_1,d4907a1b-8b06-47c5-8bca-c781d9cddaf8,NA
3,29101084,29101084,1,snv_mnv,NA,NA,"broad,dkfz,muse,sanger",4,COSN7605017,NA,L1PBa,FALSE,0.1579,NA,9,48,NA,NA,NA,IGR,FALSE,FALSE,FALSE,FALSE,2,1,1,1_1,d4907a1b-8b06-47c5-8bca-c781d9cddaf8,NA
3,29198710,29198710,1,snv_mnv,NA,NA,"broad,dkfz,muse,sanger",4,COSN7605078,NA,NA,FALSE,0.3043,NA,14,32,NA,NA,NA,IGR,FALSE,FALSE,FALSE,FALSE,2,1,1,1_1,d4907a1b-8b06-47c5-8bca-c781d9cddaf8,NA
3,29427813,29427813,1,snv_mnv,NA,NA,"broad,dkfz,muse,sanger",4,COSN7605218,NA,L2a,FALSE,0.122,NA,10,72,NA,NA,NA,Intron,FALSE,FALSE,FALSE,FALSE,2,1,1,1_1,d4907a1b-8b06-47c5-8bca-c781d9cddaf8,RPS12P5
3,29865784,29865784,1,snv_mnv,NA,NA,"broad,dkfz,muse,sanger",4,COSN7605398,NA,MLT1A0,FALSE,0.1739,NA,8,38,NA,NA,NA,Intron,FALSE,FALSE,FALSE,FALSE,2,1,1,1_1,d4907a1b-8b06-47c5-8bca-c781d9cddaf8,NA
3,32662065,32662065,1,snv_mnv,NA,NA,"broad,dkfz,muse,sanger",4,COSN7606121,NA,NA,FALSE,0.28,NA,21,54,NA,NA,NA,IGR,FALSE,FALSE,FALSE,FALSE,2,1,1,1_1,d4907a1b-8b06-47c5-8bca-c781d9cddaf8,IGBP1P3
3,33038956,33038956,1,snv_mnv,NA,NA,"broad,dkfz,muse,sanger",4,COSN7606226,NA,NA,FALSE,0.2115,NA,11,41,NA,NA,NA,Intron,FALSE,FALSE,FALSE,FALSE,2,1,1,1_1,d4907a1b-8b06-47c5-8bca-c781d9cddaf8,NA
3,34945698,34945698,1,snv_mnv,NA,NA,"broad,dkfz,muse,sanger",4,COSN7606856,rs753243362,L1PA5,FALSE,0.2143,NA,9,33,NA,NA,NA,IGR,FALSE,FALSE,FALSE,FALSE,2,1,1,1_1,d4907a1b-8b06-47c5-8bca-c781d9cddaf8,NA
3,35389884,35389884,1,snv_mnv,NA,NA,"broad,dkfz,muse,sanger",4,COSN7607106,NA,NA,FALSE,0.2375,NA,19,61,NA,NA,NA,IGR,FALSE,FALSE,FALSE,FALSE,2,1,1,1_1,d4907a1b-8b06-47c5-8bca-c781d9cddaf8,NA
3,35559058,35559058,1,snv_mnv,NA,NA,"broad,dkfz,muse,sanger",4,COSN7607203,NA,L2,FALSE,0.2143,NA,15,55,NA,NA,NA,IGR,FALSE,FALSE,FALSE,FALSE,2,1,1,1_1,d4907a1b-8b06-47c5-8bca-c781d9cddaf8,NA
3,37281036,37281036,1,snv_mnv,NA,NA,"broad,dkfz,muse,sanger",4,COSN7607884,NA,NA,FALSE,0.2742,NA,17,45,NA,NA,NA,RNA,FALSE,FALSE,FALSE,FALSE,2,1,1,1_1,d4907a1b-8b06-47c5-8bca-c781d9cddaf8,"GOLGA4,AC097359.2"
3,38054992,38054992,1,snv_mnv,NA,NA,"broad,dkfz,muse,sanger",4,COSN7608078,NA,AluY,FALSE,0.2,NA,12,48,NA,NA,NA,Intron,FALSE,FALSE,FALSE,FALSE,2,1,1,1_1,d4907a1b-8b06-47c5-8bca-c781d9cddaf8,"PLCD1,RF00019"
3,38223631,38223631,1,snv_mnv,NA,NA,"broad,dkfz,muse",3,COSN7608117,NA,L1MDb,FALSE,0.2188,NA,14,50,NA,NA,NA,Intron,FALSE,FALSE,TRUE,FALSE,2,1,1,1_1,d4907a1b-8b06-47c5-8bca-c781d9cddaf8,NA
3,39298204,39298204,1,snv_mnv,NA,NA,"broad,dkfz,muse,sanger",4,COSN7608388,NA,L1M6,FALSE,0.1892,NA,14,60,NA,NA,NA,IGR,FALSE,FALSE,FALSE,FALSE,2,1,1,1_1,d4907a1b-8b06-47c5-8bca-c781d9cddaf8,NA
3,39379662,39379662,1,snv_mnv,NA,NA,"broad,dkfz,muse,sanger",4,COSN7608414,NA,NA,FALSE,0.2329,NA,17,56,NA,NA,NA,IGR,FALSE,FALSE,FALSE,FALSE,2,1,1,1_1,d4907a1b-8b06-47c5-8bca-c781d9cddaf8,"CCR8,HNRNPA1P21"
3,40104878,40104878,1,snv_mnv,NA,NA,"broad,dkfz,muse,sanger",4,COSN7608620,NA,L1MC4,FALSE,0.3158,NA,30,65,NA,NA,NA,Intron,FALSE,FALSE,FALSE,FALSE,2,1,1,1_1,d4907a1b-8b06-47c5-8bca-c781d9cddaf8,NA
3,41442396,41442396,1,snv_mnv,NA,NA,"broad,dkfz,muse,sanger",4,COSN7608913,NA,L1MD2,FALSE,0.2987,NA,23,54,NA,NA,NA,Intron,FALSE,FALSE,FALSE,FALSE,2,1,1,1_1,d4907a1b-8b06-47c5-8bca-c781d9cddaf8,NA
3,43173065,43173065,1,snv_mnv,NA,NA,"broad,dkfz,muse,sanger",4,COSN7698519,NA,AluSg,FALSE,0.2535,NA,18,53,NA,NA,NA,IGR,FALSE,FALSE,FALSE,FALSE,2,1,1,1_1,d4907a1b-8b06-47c5-8bca-c781d9cddaf8,NA
3,44949340,44949340,1,snv_mnv,1.9968e-4,rs562609879,"broad,dkfz,muse,sanger",4,COSN7698944,rs562609879,NA,FALSE,0.1897,NA,11,47,NA,NA,NA,Intron,FALSE,FALSE,FALSE,FALSE,2,1,1,1_1,d4907a1b-8b06-47c5-8bca-c781d9cddaf8,TGM4
3,45896584,45896584,1,snv_mnv,NA,NA,"broad,dkfz,muse,sanger",4,COSN7699126,NA,NA,FALSE,0.3235,NA,22,46,NA,NA,NA,Intron,FALSE,FALSE,FALSE,FALSE,2,1,1,1_1,d4907a1b-8b06-47c5-8bca-c781d9cddaf8,NA
3,45988011,45988011,1,snv_mnv,NA,NA,"broad,dkfz,muse,sanger",4,COSM3781637,NA,NA,FALSE,0.3158,NA,18,39,NA,NA,NA,Missense_Mutation,FALSE,FALSE,FALSE,FALSE,2,1,1,1_1,d4907a1b-8b06-47c5-8bca-c781d9cddaf8,NA
3,46155698,46155698,1,snv_mnv,NA,NA,"broad,dkfz,muse,sanger",4,COSN7699195,NA,HERVP71A-int,FALSE,0.15,NA,9,51,NA,NA,NA,IGR,FALSE,FALSE,FALSE,FALSE,2,1,1,1_1,d4907a1b-8b06-47c5-8bca-c781d9cddaf8,NA
3,46943021,46943021,1,snv_mnv,NA,NA,"broad,dkfz,muse,sanger",4,COSN7699375,rs776022941,NA,FALSE,0.2174,NA,10,36,NA,NA,NA,Intron,FALSE,FALSE,FALSE,FALSE,2,1,1,1_1,d4907a1b-8b06-47c5-8bca-c781d9cddaf8,PTH1R
3,49495651,49495651,1,snv_mnv,3.9936e-4,rs553084998,"broad,dkfz,muse",3,COSN7699883,rs553084998,AluSx,FALSE,0.2778,NA,15,39,NA,NA,NA,IGR,FALSE,FALSE,FALSE,FALSE,2,1,1,1_1,d4907a1b-8b06-47c5-8bca-c781d9cddaf8,NA
3,51425521,51425521,1,snv_mnv,NA,NA,"broad,dkfz,muse,sanger",4,COSN7700312,NA,L2a,FALSE,0.1235,NA,10,71,NA,NA,NA,Intron,FALSE,FALSE,FALSE,FALSE,2,1,1,1_1,d4907a1b-8b06-47c5-8bca-c781d9cddaf8,"RBM15B,DOCK3"
3,53740147,53740147,1,snv_mnv,5.9904e-4,rs570720277,"broad,dkfz,muse,sanger",4,COSN7700767,rs570720277,NA,FALSE,0.1636,NA,9,46,NA,NA,NA,Intron,FALSE,FALSE,FALSE,FALSE,2,1,1,1_1,d4907a1b-8b06-47c5-8bca-c781d9cddaf8,NA
3,53951771,53951771,1,snv_mnv,NA,NA,"broad,dkfz,muse,sanger",4,COSN7700813,NA,AluY,FALSE,0.3,NA,21,49,NA,NA,NA,IGR,FALSE,FALSE,FALSE,FALSE,2,1,1,1_1,d4907a1b-8b06-47c5-8bca-c781d9cddaf8,NA
3,53953059,53953059,1,snv_mnv,1.9968e-4,rs537608354,"broad,dkfz,muse,sanger",4,COSN7700814,rs537608354,L1MB3,FALSE,0.2615,NA,17,48,NA,NA,NA,IGR,FALSE,FALSE,FALSE,FALSE,2,1,1,1_1,d4907a1b-8b06-47c5-8bca-c781d9cddaf8,NA
3,54488157,54488157,1,snv_mnv,NA,NA,"broad,dkfz,muse,sanger",4,COSN7701039,NA,NA,FALSE,0.2838,NA,21,53,NA,NA,NA,Intron,FALSE,FALSE,FALSE,FALSE,2,1,1,1_1,d4907a1b-8b06-47c5-8bca-c781d9cddaf8,NA
3,54604067,54604067,1,snv_mnv,NA,NA,"broad,dkfz,muse,sanger",4,COSM1047361,rs772419843,NA,FALSE,0.2456,NA,14,43,NA,NA,NA,Missense_Mutation,FALSE,FALSE,FALSE,FALSE,2,1,1,1_1,d4907a1b-8b06-47c5-8bca-c781d9cddaf8,NA
3,55743278,55743278,1,snv_mnv,NA,NA,"broad,dkfz,muse,sanger",4,COSN7701763,NA,NA,FALSE,0.2,NA,12,48,NA,NA,NA,Intron,FALSE,FALSE,FALSE,FALSE,2,1,1,1_1,d4907a1b-8b06-47c5-8bca-c781d9cddaf8,NA
3,57154074,57154074,1,snv_mnv,NA,NA,"broad,dkfz,muse,sanger",4,COSN7702218,NA,NA,FALSE,0.1467,NA,11,64,NA,NA,NA,Intron,FALSE,FALSE,FALSE,FALSE,2,1,1,1_1,d4907a1b-8b06-47c5-8bca-c781d9cddaf8,NA
3,57604818,57604818,1,snv_mnv,NA,NA,"broad,dkfz,muse",3,COSN7702309,NA,AluY,FALSE,0.1746,NA,11,52,NA,NA,NA,RNA,FALSE,FALSE,FALSE,FALSE,2,1,1,1_1,d4907a1b-8b06-47c5-8bca-c781d9cddaf8,RNU6ATAC26P
3,59289767,59289767,1,snv_mnv,NA,NA,"broad,dkfz,muse,sanger",4,COSN7702702,NA,NA,FALSE,0.1948,NA,15,62,NA,NA,NA,IGR,FALSE,FALSE,FALSE,FALSE,2,1,1,1_1,d4907a1b-8b06-47c5-8bca-c781d9cddaf8,NA
3,60285132,60285132,1,snv_mnv,NA,NA,"broad,dkfz,muse,sanger",4,COSN7703021,NA,L1MD1,FALSE,0.2679,NA,15,41,NA,NA,NA,Intron,FALSE,FALSE,FALSE,FALSE,2,1,1,1_1,d4907a1b-8b06-47c5-8bca-c781d9cddaf8,NA
3,60344384,60344384,1,snv_mnv,NA,NA,"broad,dkfz,muse,sanger",4,COSN7703056,NA,NA,FALSE,0.1754,NA,10,47,NA,NA,NA,Intron,FALSE,FALSE,FALSE,FALSE,2,1,1,1_1,d4907a1b-8b06-47c5-8bca-c781d9cddaf8,NA
3,60369667,60369667,1,snv_mnv,NA,NA,"broad,dkfz,muse,sanger",4,COSN7703071,NA,NA,FALSE,0.1786,NA,10,46,NA,NA,NA,Intron,FALSE,FALSE,FALSE,FALSE,2,1,1,1_1,d4907a1b-8b06-47c5-8bca-c781d9cddaf8,NA
3,60817453,60817453,1,snv_mnv,NA,NA,"broad,dkfz,muse,sanger",4,COSN7703327,rs745765718,MIR,FALSE,0.127,NA,8,55,NA,NA,NA,Intron,FALSE,FALSE,FALSE,FALSE,3,2,1,2_1,d4907a1b-8b06-47c5-8bca-c781d9cddaf8,NA
3,63401056,63401056,1,snv_mnv,NA,NA,"broad,dkfz,muse,sanger",4,COSN7704048,NA,NA,FALSE,0.2603,NA,19,54,NA,NA,NA,Intron,FALSE,FALSE,FALSE,FALSE,3,2,1,2_1,d4907a1b-8b06-47c5-8bca-c781d9cddaf8,NA
3,63669224,63669224,1,snv_mnv,NA,NA,"broad,dkfz,muse,sanger",4,COSN7704108,NA,NA,FALSE,0.1579,NA,9,48,NA,NA,NA,IGR,FALSE,FALSE,FALSE,FALSE,3,2,1,2_1,d4907a1b-8b06-47c5-8bca-c781d9cddaf8,SNTN
3,65368617,65368617,1,snv_mnv,NA,NA,"broad,dkfz,muse,sanger",4,COSN7704537,NA,NA,FALSE,0.2159,NA,19,69,NA,NA,NA,Intron,FALSE,FALSE,FALSE,FALSE,3,2,1,2_1,d4907a1b-8b06-47c5-8bca-c781d9cddaf8,MAGI1
3,65569746,65569746,1,snv_mnv,NA,NA,"broad,dkfz,muse,sanger",4,COSN7704588,NA,NA,FALSE,0.1458,NA,7,41,NA,NA,NA,Intron,FALSE,FALSE,FALSE,FALSE,3,2,1,2_1,d4907a1b-8b06-47c5-8bca-c781d9cddaf8,NA
3,66085827,66085827,1,snv_mnv,NA,NA,"broad,dkfz,muse,sanger",4,COSN7704697,NA,L1PA11,FALSE,0.175,NA,14,66,NA,NA,NA,IGR,FALSE,FALSE,FALSE,FALSE,3,2,1,2_1,d4907a1b-8b06-47c5-8bca-c781d9cddaf8,NA
3,66159579,66159579,1,snv_mnv,NA,NA,"broad,dkfz,muse,sanger",4,COSN7704721,NA,AluSx3,FALSE,0.1897,NA,11,47,NA,NA,NA,Intron,FALSE,FALSE,TRUE,FALSE,3,2,1,2_1,d4907a1b-8b06-47c5-8bca-c781d9cddaf8,NA
3,67043130,67043130,1,snv_mnv,NA,NA,"broad,dkfz,muse,sanger",4,COSN7704907,rs760557755,L1ME5,FALSE,0.1447,NA,11,65,NA,NA,NA,IGR,FALSE,FALSE,FALSE,FALSE,3,2,1,2_1,d4907a1b-8b06-47c5-8bca-c781d9cddaf8,NA
3,67866856,67866856,1,snv_mnv,NA,NA,"broad,dkfz,muse,sanger",4,COSN7705141,NA,NA,FALSE,0.3333,NA,21,42,NA,NA,NA,lincRNA,FALSE,FALSE,FALSE,FALSE,3,2,1,2_1,d4907a1b-8b06-47c5-8bca-c781d9cddaf8,NA
3,68271210,68271210,1,snv_mnv,NA,NA,"broad,dkfz,muse,sanger",4,COSN7705298,NA,NA,FALSE,0.2353,NA,20,65,NA,NA,NA,Intron,FALSE,FALSE,FALSE,FALSE,3,2,1,2_1,d4907a1b-8b06-47c5-8bca-c781d9cddaf8,NA
3,68405703,68405703,1,snv_mnv,NA,NA,"broad,dkfz,muse,sanger",4,COSN7705362,NA,MIRb,FALSE,0.2366,NA,22,71,NA,NA,NA,Intron,FALSE,FALSE,FALSE,FALSE,3,2,1,2_1,d4907a1b-8b06-47c5-8bca-c781d9cddaf8,NA
3,68413612,68413612,1,snv_mnv,NA,NA,"broad,dkfz,muse,sanger",4,COSN7705366,NA,NA,FALSE,0.1707,NA,14,68,NA,NA,NA,Intron,FALSE,FALSE,TRUE,FALSE,3,2,1,2_1,d4907a1b-8b06-47c5-8bca-c781d9cddaf8,NA
3,68806863,68806863,1,snv_mnv,NA,NA,"broad,dkfz,muse,sanger",4,COSN7705582,NA,NA,FALSE,0.2208,NA,17,60,NA,NA,NA,Intron,FALSE,FALSE,FALSE,FALSE,3,2,1,2_1,d4907a1b-8b06-47c5-8bca-c781d9cddaf8,NA
3,68870372,68870372,1,snv_mnv,NA,NA,"broad,dkfz,muse,sanger",4,COSN7705613,NA,NA,FALSE,0.1385,NA,9,56,NA,NA,NA,Intron,FALSE,FALSE,FALSE,FALSE,3,2,1,2_1,d4907a1b-8b06-47c5-8bca-c781d9cddaf8,NA
3,69182810,69182810,1,snv_mnv,NA,NA,"broad,dkfz,muse",3,COSN7705706,NA,AluSg,FALSE,0.2273,NA,15,51,NA,NA,NA,IGR,FALSE,FALSE,FALSE,FALSE,3,2,1,2_1,d4907a1b-8b06-47c5-8bca-c781d9cddaf8,NA
3,69510648,69510648,1,snv_mnv,NA,NA,"broad,dkfz,muse,sanger",4,COSN7705799,NA,AluJr,FALSE,0.2241,NA,13,45,NA,NA,NA,IGR,FALSE,FALSE,FALSE,FALSE,3,2,1,2_1,d4907a1b-8b06-47c5-8bca-c781d9cddaf8,NA
3,70281886,70281886,1,snv_mnv,1.9968e-4,rs540480804,"broad,dkfz,muse,sanger",4,COSN7706055,rs540480804,NA,FALSE,0.127,NA,8,55,NA,NA,NA,RNA,FALSE,FALSE,FALSE,FALSE,3,2,1,2_1,d4907a1b-8b06-47c5-8bca-c781d9cddaf8,NA
3,70691666,70691666,1,snv_mnv,NA,NA,"broad,dkfz,muse,sanger",4,COSN7706238,NA,NA,FALSE,0.2329,NA,17,56,NA,NA,NA,IGR,FALSE,FALSE,FALSE,FALSE,3,2,1,2_1,d4907a1b-8b06-47c5-8bca-c781d9cddaf8,NA
3,70796469,70796469,1,snv_mnv,NA,NA,"broad,dkfz,muse,sanger",4,COSN7706267,NA,NA,FALSE,0.2258,NA,14,48,NA,NA,NA,IGR,FALSE,FALSE,FALSE,FALSE,3,2,1,2_1,d4907a1b-8b06-47c5-8bca-c781d9cddaf8,COX6CP6
3,71511241,71511241,1,snv_mnv,NA,NA,"broad,dkfz,muse,sanger",4,COSN7706494,NA,NA,FALSE,0.2688,NA,25,68,NA,NA,NA,Intron,FALSE,FALSE,FALSE,FALSE,3,2,1,2_1,d4907a1b-8b06-47c5-8bca-c781d9cddaf8,NA
3,72943012,72943012,1,snv_mnv,NA,NA,"broad,dkfz,muse",3,COSN7706901,NA,AluJo,FALSE,0.3548,NA,22,40,NA,NA,NA,Intron,FALSE,FALSE,FALSE,FALSE,3,2,1,2_1,d4907a1b-8b06-47c5-8bca-c781d9cddaf8,NA
3,73713513,73713513,1,snv_mnv,NA,NA,"broad,dkfz,muse,sanger",4,COSN7707281,NA,NA,FALSE,0.1486,NA,11,63,NA,NA,NA,IGR,FALSE,FALSE,FALSE,FALSE,3,2,1,2_1,d4907a1b-8b06-47c5-8bca-c781d9cddaf8,NA
3,74496160,74496160,1,snv_mnv,3.9936e-4,rs374614702,"broad,dkfz,muse,sanger",4,COSN7707682,rs374614702,NA,FALSE,0.2099,NA,17,64,NA,NA,NA,Intron,FALSE,FALSE,FALSE,FALSE,3,2,1,2_1,d4907a1b-8b06-47c5-8bca-c781d9cddaf8,NA
3,74668173,74668173,1,snv_mnv,NA,NA,"broad,dkfz,muse,sanger",4,COSN7707763,NA,MIR,FALSE,0.2692,NA,21,57,NA,NA,NA,IGR,FALSE,FALSE,FALSE,FALSE,3,2,1,2_1,d4907a1b-8b06-47c5-8bca-c781d9cddaf8,NA
3,74854532,74854532,1,snv_mnv,NA,NA,"broad,dkfz,muse,sanger",4,COSN7707831,NA,NA,FALSE,0.1786,NA,15,69,NA,NA,NA,IGR,FALSE,FALSE,FALSE,FALSE,3,2,1,2_1,d4907a1b-8b06-47c5-8bca-c781d9cddaf8,NA
3,76307840,76307840,1,snv_mnv,NA,NA,"broad,dkfz,muse,sanger",4,COSN7708486,NA,NA,FALSE,0.092,NA,8,79,NA,NA,NA,Intron,FALSE,FALSE,FALSE,FALSE,3,2,1,2_1,d4907a1b-8b06-47c5-8bca-c781d9cddaf8,NA
3,76386960,76386960,1,snv_mnv,NA,NA,"broad,dkfz,muse,sanger",4,COSN7708532,NA,NA,FALSE,0.3125,NA,20,44,NA,NA,NA,Intron,FALSE,FALSE,TRUE,FALSE,3,2,1,2_1,d4907a1b-8b06-47c5-8bca-c781d9cddaf8,NA
3,76763503,76763503,1,snv_mnv,1.9968e-4,rs574405510,"broad,dkfz,muse,sanger",4,COSN7708771,rs574405510,NA,FALSE,0.1897,NA,11,47,NA,NA,NA,Intron,FALSE,FALSE,FALSE,FALSE,3,2,1,2_1,d4907a1b-8b06-47c5-8bca-c781d9cddaf8,NA
3,76839535,76839535,1,snv_mnv,NA,NA,"broad,dkfz,muse,sanger",4,COSN7708800,NA,NA,FALSE,0.1714,NA,12,58,NA,NA,NA,Intron,FALSE,FALSE,FALSE,FALSE,3,2,1,2_1,d4907a1b-8b06-47c5-8bca-c781d9cddaf8,NA
3,76888830,76888830,1,snv_mnv,NA,NA,"broad,dkfz,muse,sanger",4,COSN7708822,NA,L1M1,FALSE,0.1059,NA,9,76,NA,NA,NA,Intron,FALSE,FALSE,FALSE,FALSE,3,2,1,2_1,d4907a1b-8b06-47c5-8bca-c781d9cddaf8,NA
3,77746747,77746747,1,snv_mnv,NA,NA,"broad,dkfz,muse,sanger",4,COSN7709306,NA,LTR33,FALSE,0.015152,NA,1,65,NA,NA,NA,IGR,FALSE,FALSE,FALSE,FALSE,3,2,1,2_1,d4907a1b-8b06-47c5-8bca-c781d9cddaf8,NA
3,77896729,77896729,1,snv_mnv,NA,NA,"broad,dkfz,muse,sanger",4,COSN7709394,NA,NA,FALSE,0.2239,NA,15,52,NA,NA,NA,IGR,FALSE,FALSE,FALSE,FALSE,3,2,1,2_1,d4907a1b-8b06-47c5-8bca-c781d9cddaf8,NA
3,78614040,78614040,1,snv_mnv,NA,NA,"broad,dkfz,muse,sanger",4,COSN7709887,NA,MER39,FALSE,0.2241,NA,13,45,NA,NA,NA,IGR,FALSE,FALSE,FALSE,FALSE,3,2,1,2_1,d4907a1b-8b06-47c5-8bca-c781d9cddaf8,NA
3,79029635,79029635,1,snv_mnv,NA,NA,"broad,dkfz,muse,sanger",4,COSN7710129,NA,NA,FALSE,0.2593,NA,21,60,NA,NA,NA,Intron,FALSE,FALSE,FALSE,FALSE,3,2,1,2_1,d4907a1b-8b06-47c5-8bca-c781d9cddaf8,NA
3,79032901,79032901,1,snv_mnv,NA,NA,"broad,dkfz,muse,sanger",4,COSN7710130,NA,NA,FALSE,0.2532,NA,20,59,NA,NA,NA,Intron,FALSE,FALSE,FALSE,FALSE,3,2,1,2_1,d4907a1b-8b06-47c5-8bca-c781d9cddaf8,NA
3,79096152,79096152,1,snv_mnv,NA,NA,"broad,dkfz,muse,sanger",4,COSN7710169,NA,MLT1F2-int,FALSE,0.2,NA,12,48,NA,NA,NA,Intron,FALSE,FALSE,FALSE,FALSE,3,2,1,2_1,d4907a1b-8b06-47c5-8bca-c781d9cddaf8,NA
3,79145359,79145359,1,snv_mnv,NA,NA,"broad,dkfz,muse,sanger",4,COSN7710205,NA,L1MC4a,FALSE,0.1912,NA,13,55,NA,NA,NA,Intron,FALSE,FALSE,FALSE,FALSE,3,2,1,2_1,d4907a1b-8b06-47c5-8bca-c781d9cddaf8,NA
3,79172167,79172167,1,snv_mnv,NA,NA,"broad,dkfz,muse,sanger",4,COSN7710223,NA,NA,FALSE,0.3067,NA,23,52,NA,NA,NA,Intron,FALSE,FALSE,FALSE,FALSE,3,2,1,2_1,d4907a1b-8b06-47c5-8bca-c781d9cddaf8,NA
3,79263277,79263277,1,snv_mnv,NA,NA,"broad,dkfz,muse,sanger",4,COSN7710279,NA,NA,FALSE,0.1887,NA,10,43,NA,NA,NA,Intron,FALSE,FALSE,FALSE,FALSE,3,2,1,2_1,d4907a1b-8b06-47c5-8bca-c781d9cddaf8,NA
3,79281062,79281062,1,snv_mnv,NA,NA,"broad,dkfz,muse,sanger",4,COSN7710292,NA,L1PA13,FALSE,0.3125,NA,20,44,NA,NA,NA,Intron,FALSE,FALSE,FALSE,FALSE,3,2,1,2_1,d4907a1b-8b06-47c5-8bca-c781d9cddaf8,NA
3,79695316,79695316,1,snv_mnv,NA,NA,"broad,dkfz,muse,sanger",4,COSN7710543,NA,L1MA4,FALSE,0.2532,NA,20,59,NA,NA,NA,Intron,FALSE,FALSE,FALSE,FALSE,3,2,1,2_1,d4907a1b-8b06-47c5-8bca-c781d9cddaf8,NA
3,79799156,79799156,1,snv_mnv,NA,NA,"broad,dkfz,muse,sanger",4,COSN7710598,NA,THE1B-int,FALSE,0.3158,NA,18,39,NA,NA,NA,Intron,FALSE,FALSE,FALSE,FALSE,3,2,1,2_1,d4907a1b-8b06-47c5-8bca-c781d9cddaf8,NA
3,79915905,79915905,1,snv_mnv,NA,NA,"broad,dkfz,muse,sanger",4,COSN7710654,NA,L1M5,FALSE,0.3596,NA,32,57,NA,NA,NA,IGR,FALSE,FALSE,FALSE,FALSE,3,2,1,2_1,d4907a1b-8b06-47c5-8bca-c781d9cddaf8,NA
3,80286354,80286354,1,snv_mnv,NA,NA,"broad,dkfz,muse,sanger",4,COSN7710782,NA,NA,FALSE,0.2597,NA,20,57,NA,NA,NA,IGR,FALSE,FALSE,FALSE,FALSE,3,2,1,2_1,d4907a1b-8b06-47c5-8bca-c781d9cddaf8,NA
3,81484507,81484507,1,snv_mnv,NA,NA,"broad,dkfz,muse,sanger",4,COSN7711341,NA,L1MA8,FALSE,0.2623,NA,16,45,NA,NA,NA,IGR,FALSE,FALSE,FALSE,FALSE,3,2,1,2_1,d4907a1b-8b06-47c5-8bca-c781d9cddaf8,NA
3,81692644,81692644,1,snv_mnv,NA,NA,"broad,dkfz,muse,sanger",4,COSN7711406,NA,NA,FALSE,0.2273,NA,15,51,NA,NA,NA,Intron,FALSE,FALSE,FALSE,FALSE,3,2,1,2_1,d4907a1b-8b06-47c5-8bca-c781d9cddaf8,NA
3,81840620,81840620,1,snv_mnv,NA,NA,"broad,dkfz,muse,sanger",4,COSN7711460,NA,NA,FALSE,0.1944,NA,14,58,NA,NA,NA,IGR,FALSE,FALSE,FALSE,FALSE,3,2,1,2_1,d4907a1b-8b06-47c5-8bca-c781d9cddaf8,NA
3,82006913,82006913,1,snv_mnv,NA,NA,"broad,dkfz,muse,sanger",4,COSN7711539,NA,AluSc8,FALSE,0.3382,NA,23,45,NA,NA,NA,IGR,FALSE,FALSE,FALSE,FALSE,3,2,1,2_1,d4907a1b-8b06-47c5-8bca-c781d9cddaf8,NA
3,82319924,82319924,1,snv_mnv,NA,NA,"broad,dkfz,muse,sanger",4,COSN7711740,NA,L1PA7,FALSE,0.1039,NA,8,69,NA,NA,NA,lincRNA,FALSE,FALSE,FALSE,FALSE,3,2,1,2_1,d4907a1b-8b06-47c5-8bca-c781d9cddaf8,NA
3,82405302,82405302,1,snv_mnv,1.9968e-4,rs557688631,"broad,dkfz,muse,sanger",4,COSN7711797,rs557688631,MLT1D,FALSE,0.3676,NA,25,43,NA,NA,NA,lincRNA,FALSE,FALSE,FALSE,FALSE,3,2,1,2_1,d4907a1b-8b06-47c5-8bca-c781d9cddaf8,NA
3,82712424,82712424,1,snv_mnv,NA,NA,"broad,dkfz,muse,sanger",4,COSN7712023,NA,NA,FALSE,0.3485,NA,23,43,NA,NA,NA,IGR,FALSE,FALSE,FALSE,FALSE,3,2,1,2_1,d4907a1b-8b06-47c5-8bca-c781d9cddaf8,NA
3,82799477,82799477,1,snv_mnv,NA,NA,"broad,dkfz,muse,sanger",4,COSN7712099,NA,L1MD1,FALSE,0.1948,NA,15,62,NA,NA,NA,IGR,FALSE,FALSE,FALSE,FALSE,3,2,1,2_1,d4907a1b-8b06-47c5-8bca-c781d9cddaf8,NA
3,82868999,82868999,1,snv_mnv,NA,NA,"broad,dkfz,muse,sanger",4,COSN7712146,NA,NA,FALSE,0.0976,NA,8,74,NA,NA,NA,IGR,FALSE,FALSE,FALSE,FALSE,3,2,1,2_1,d4907a1b-8b06-47c5-8bca-c781d9cddaf8,NA
3,83261997,83261997,1,snv_mnv,NA,NA,"broad,dkfz,muse,sanger",4,COSN7712441,NA,NA,FALSE,0.1739,NA,12,57,NA,NA,NA,IGR,FALSE,FALSE,FALSE,FALSE,3,2,1,2_1,d4907a1b-8b06-47c5-8bca-c781d9cddaf8,NA
3,83371298,83371298,1,snv_mnv,NA,NA,"broad,dkfz,muse,sanger",4,COSN7712531,NA,NA,FALSE,0.3023,NA,26,60,NA,NA,NA,IGR,FALSE,FALSE,FALSE,FALSE,3,2,1,2_1,d4907a1b-8b06-47c5-8bca-c781d9cddaf8,NA
3,83516970,83516970,1,snv_mnv,1.9968e-4,rs561415062,"broad,dkfz,muse,sanger",4,COSN7712647,rs561415062,NA,FALSE,0.2911,NA,23,56,NA,NA,NA,IGR,FALSE,FALSE,FALSE,FALSE,3,2,1,2_1,d4907a1b-8b06-47c5-8bca-c781d9cddaf8,NA
3,83782418,83782418,1,snv_mnv,NA,NA,"broad,dkfz,muse,sanger",4,COSN7712899,NA,AluSx1,FALSE,0.1846,NA,12,53,NA,NA,NA,IGR,FALSE,FALSE,FALSE,FALSE,3,2,1,2_1,d4907a1b-8b06-47c5-8bca-c781d9cddaf8,NA
3,83869545,83869545,1,snv_mnv,NA,NA,"broad,dkfz,muse,sanger",4,COSN7712976,NA,NA,FALSE,0.1375,NA,11,69,NA,NA,NA,IGR,FALSE,FALSE,FALSE,FALSE,3,2,1,2_1,d4907a1b-8b06-47c5-8bca-c781d9cddaf8,NA
3,83957484,83957484,1,snv_mnv,NA,NA,"broad,dkfz,muse,sanger",4,COSN7713042,NA,NA,FALSE,0.2697,NA,24,65,NA,NA,NA,IGR,FALSE,FALSE,FALSE,FALSE,3,2,1,2_1,d4907a1b-8b06-47c5-8bca-c781d9cddaf8,NA
3,84061195,84061195,1,snv_mnv,NA,NA,"broad,dkfz,muse,sanger",4,COSN7713128,rs770483542,L1PA5,FALSE,0.2154,NA,14,51,NA,NA,NA,IGR,FALSE,FALSE,FALSE,FALSE,3,2,1,2_1,d4907a1b-8b06-47c5-8bca-c781d9cddaf8,NA
3,84359862,84359862,1,snv_mnv,NA,NA,"broad,dkfz,muse,sanger",4,COSN7713344,NA,NA,FALSE,0.2464,NA,17,52,NA,NA,NA,IGR,FALSE,FALSE,TRUE,FALSE,3,2,1,2_1,d4907a1b-8b06-47c5-8bca-c781d9cddaf8,NA
3,86213667,86213667,1,snv_mnv,NA,NA,"broad,dkfz,muse,sanger",4,COSN7714643,NA,MER65C,FALSE,0.28,NA,21,54,NA,NA,NA,IGR,FALSE,FALSE,TRUE,FALSE,3,2,1,2_1,d4907a1b-8b06-47c5-8bca-c781d9cddaf8,NA
3,86445641,86445641,1,snv_mnv,NA,NA,"broad,dkfz,muse,sanger",4,COSN7714821,NA,AT_rich,FALSE,0.125,NA,9,63,NA,NA,NA,IGR,FALSE,FALSE,FALSE,FALSE,3,2,1,2_1,d4907a1b-8b06-47c5-8bca-c781d9cddaf8,NA
3,86570534,86570534,1,snv_mnv,NA,NA,"broad,dkfz,muse,sanger",4,COSN7714916,NA,NA,FALSE,0.16,NA,12,63,NA,NA,NA,IGR,FALSE,FALSE,FALSE,FALSE,3,2,1,2_1,d4907a1b-8b06-47c5-8bca-c781d9cddaf8,NA
3,87886490,87886490,1,snv_mnv,NA,NA,"broad,dkfz,muse,sanger",4,COSN7715539,rs750436062,MLT1K,FALSE,0.2542,NA,15,44,NA,NA,NA,IGR,FALSE,FALSE,FALSE,FALSE,3,2,1,2_1,d4907a1b-8b06-47c5-8bca-c781d9cddaf8,NA
3,87899546,87899546,1,snv_mnv,9.984e-4,rs145216295,"broad,dkfz,muse,sanger",4,COSN7715548,rs145216295,L1PA4,FALSE,0.2462,NA,16,49,NA,NA,NA,IGR,FALSE,FALSE,FALSE,FALSE,3,2,1,2_1,d4907a1b-8b06-47c5-8bca-c781d9cddaf8,NA
3,88402265,88402265,1,snv_mnv,NA,NA,"broad,dkfz,muse,sanger",4,COSN7715745,NA,NA,FALSE,0.1753,NA,17,80,NA,NA,NA,IGR,FALSE,FALSE,FALSE,FALSE,3,2,1,2_1,d4907a1b-8b06-47c5-8bca-c781d9cddaf8,NA
3,88953646,88953646,1,snv_mnv,NA,NA,"broad,dkfz,muse,sanger",4,COSN7716129,NA,L1PA8,FALSE,0.2258,NA,14,48,NA,NA,NA,IGR,FALSE,FALSE,TRUE,FALSE,3,2,1,2_1,d4907a1b-8b06-47c5-8bca-c781d9cddaf8,NA
3,90316949,90316949,1,snv_mnv,NA,NA,"broad,muse,sanger",3,COSN7716780,NA,L1PA3,FALSE,0.1316,NA,10,66,NA,NA,NA,IGR,FALSE,FALSE,TRUE,FALSE,3,2,1,2_1,d4907a1b-8b06-47c5-8bca-c781d9cddaf8,NA
3,93528284,93528284,1,snv_mnv,NA,NA,"broad,dkfz,muse,sanger",4,COSN7717043,NA,NA,FALSE,0.15,NA,12,68,NA,NA,NA,IGR,FALSE,FALSE,FALSE,FALSE,3,2,1,2_1,d4907a1b-8b06-47c5-8bca-c781d9cddaf8,NA
3,94285347,94285347,1,snv_mnv,NA,NA,"broad,dkfz,muse,sanger",4,COSN7717399,NA,NA,FALSE,0.1739,NA,12,57,NA,NA,NA,IGR,FALSE,FALSE,FALSE,FALSE,3,2,1,2_1,d4907a1b-8b06-47c5-8bca-c781d9cddaf8,NA
3,94519341,94519341,1,snv_mnv,NA,NA,"broad,dkfz,muse,sanger",4,COSN7717518,NA,Tigger1,FALSE,0.38,NA,38,62,NA,NA,NA,IGR,FALSE,FALSE,FALSE,FALSE,3,2,1,2_1,d4907a1b-8b06-47c5-8bca-c781d9cddaf8,NA
3,94876283,94876283,1,snv_mnv,NA,NA,"broad,dkfz,muse,sanger",4,COSN7717743,NA,MSTA,FALSE,0.2073,NA,17,65,NA,NA,NA,IGR,FALSE,FALSE,FALSE,FALSE,3,2,1,2_1,d4907a1b-8b06-47c5-8bca-c781d9cddaf8,LINC00879
3,95008950,95008950,1,snv_mnv,NA,NA,"broad,dkfz,muse,sanger",4,COSN7717837,NA,AT_rich,FALSE,0.2093,NA,18,68,NA,NA,NA,IGR,FALSE,FALSE,FALSE,FALSE,3,2,1,2_1,d4907a1b-8b06-47c5-8bca-c781d9cddaf8,NA
3,95323532,95323532,1,snv_mnv,NA,NA,"broad,dkfz,muse,sanger",4,COSN7718039,NA,NA,FALSE,0.1846,NA,12,53,NA,NA,NA,IGR,FALSE,FALSE,FALSE,FALSE,3,2,1,2_1,d4907a1b-8b06-47c5-8bca-c781d9cddaf8,NA
3,95337668,95337668,1,snv_mnv,NA,NA,"broad,dkfz,muse,sanger",4,COSN7718046,NA,L1PA15,FALSE,0.2716,NA,22,59,NA,NA,NA,IGR,FALSE,FALSE,FALSE,FALSE,3,2,1,2_1,d4907a1b-8b06-47c5-8bca-c781d9cddaf8,NA
3,95349981,95349981,1,snv_mnv,NA,NA,"broad,dkfz,muse,sanger",4,COSN7718058,NA,MLT1F1,FALSE,0.2532,NA,20,59,NA,NA,NA,IGR,FALSE,FALSE,FALSE,FALSE,3,2,1,2_1,d4907a1b-8b06-47c5-8bca-c781d9cddaf8,NA
3,96341965,96341965,1,snv_mnv,NA,NA,"broad,dkfz,muse,sanger",4,COSN7718701,NA,L1M4b,FALSE,0.1944,NA,14,58,NA,NA,NA,IGR,FALSE,FALSE,FALSE,FALSE,3,2,1,2_1,d4907a1b-8b06-47c5-8bca-c781d9cddaf8,"MTRNR2L12,RPL18AP8"
3,96658933,96658933,1,snv_mnv,NA,NA,"broad,muse,sanger",3,COSN7718904,NA,L1PA4,FALSE,0.1111,NA,9,72,NA,NA,NA,Intron,FALSE,FALSE,FALSE,FALSE,3,2,1,2_1,d4907a1b-8b06-47c5-8bca-c781d9cddaf8,NA
3,97026527,97026527,1,snv_mnv,NA,NA,"broad,dkfz,muse,sanger",4,COSN7719243,NA,NA,FALSE,0.1757,NA,13,61,NA,NA,NA,Intron,FALSE,FALSE,FALSE,FALSE,3,2,1,2_1,d4907a1b-8b06-47c5-8bca-c781d9cddaf8,NA
3,97059519,97059519,1,snv_mnv,NA,NA,"broad,dkfz,muse,sanger",4,COSN7719268,NA,MLT1B,FALSE,0.2113,NA,15,56,NA,NA,NA,Intron,FALSE,FALSE,FALSE,FALSE,3,2,1,2_1,d4907a1b-8b06-47c5-8bca-c781d9cddaf8,NA
3,97153656,97153656,1,snv_mnv,NA,NA,"broad,dkfz,muse,sanger",4,COSN7719334,NA,MLT1G,FALSE,0.3286,NA,23,47,NA,NA,NA,Intron,FALSE,FALSE,FALSE,FALSE,3,2,1,2_1,d4907a1b-8b06-47c5-8bca-c781d9cddaf8,EPHA6
3,97468747,97468747,1,snv_mnv,NA,NA,"broad,dkfz,muse,sanger",4,COSN7719500,NA,NA,FALSE,0.1519,NA,12,67,NA,NA,NA,IGR,FALSE,FALSE,FALSE,FALSE,3,2,1,2_1,d4907a1b-8b06-47c5-8bca-c781d9cddaf8,EPHA6
3,97740387,97740387,1,snv_mnv,NA,NA,"broad,dkfz,muse,sanger",4,COSN7719565,NA,MIRb,FALSE,0.1463,NA,12,70,NA,NA,NA,RNA,FALSE,FALSE,FALSE,FALSE,3,2,1,2_1,d4907a1b-8b06-47c5-8bca-c781d9cddaf8,NA
3,97909177,97909177,1,snv_mnv,NA,NA,"broad,dkfz,muse,sanger",4,COSN7719650,NA,NA,FALSE,0.1053,NA,8,68,NA,NA,NA,IGR,FALSE,FALSE,FALSE,FALSE,3,2,1,2_1,d4907a1b-8b06-47c5-8bca-c781d9cddaf8,NA
3,99347033,99347033,1,snv_mnv,NA,NA,"broad,dkfz,muse,sanger",4,COSN7720339,NA,NA,FALSE,0.2135,NA,19,70,NA,NA,NA,IGR,FALSE,FALSE,TRUE,FALSE,3,2,1,2_1,d4907a1b-8b06-47c5-8bca-c781d9cddaf8,AC107029.2
3,100206506,100206506,1,snv_mnv,NA,NA,"broad,dkfz,muse,sanger",4,COSN7548053,NA,NA,FALSE,0.2206,NA,15,53,NA,NA,NA,IGR,FALSE,FALSE,FALSE,FALSE,3,2,1,2_1,d4907a1b-8b06-47c5-8bca-c781d9cddaf8,TMEM45A
3,102502026,102502026,1,snv_mnv,NA,NA,"broad,dkfz,muse,sanger",4,COSN7548716,NA,LTR85b,FALSE,0.1538,NA,14,77,NA,NA,NA,IGR,FALSE,FALSE,FALSE,FALSE,3,2,1,2_1,d4907a1b-8b06-47c5-8bca-c781d9cddaf8,NA
3,102933251,102933251,1,snv_mnv,NA,NA,"broad,dkfz,muse,sanger",4,COSN7548890,NA,HERVK9-int,FALSE,0.2969,NA,19,45,NA,NA,NA,IGR,FALSE,FALSE,FALSE,FALSE,3,2,1,2_1,d4907a1b-8b06-47c5-8bca-c781d9cddaf8,NA
3,103127641,103127641,1,snv_mnv,NA,NA,"broad,dkfz,muse,sanger",4,COSN7548989,NA,NA,FALSE,0.2903,NA,27,66,NA,NA,NA,IGR,FALSE,FALSE,FALSE,FALSE,3,2,1,2_1,d4907a1b-8b06-47c5-8bca-c781d9cddaf8,NA
3,103346281,103346281,1,snv_mnv,NA,NA,"broad,dkfz,muse,sanger",4,COSN7549139,NA,L1MA4,FALSE,0.2222,NA,18,63,NA,NA,NA,IGR,FALSE,FALSE,FALSE,FALSE,3,2,1,2_1,d4907a1b-8b06-47c5-8bca-c781d9cddaf8,TUBBP11
3,103406083,103406083,1,snv_mnv,NA,NA,"broad,dkfz,muse,sanger",4,COSN7549176,NA,NA,FALSE,0.1975,NA,16,65,NA,NA,NA,IGR,FALSE,FALSE,FALSE,FALSE,3,2,1,2_1,d4907a1b-8b06-47c5-8bca-c781d9cddaf8,NA
3,103510970,103510970,1,snv_mnv,NA,NA,"broad,dkfz,muse,sanger",4,COSN7549249,NA,NA,FALSE,0.1299,NA,10,67,NA,NA,NA,IGR,FALSE,FALSE,FALSE,FALSE,3,2,1,2_1,d4907a1b-8b06-47c5-8bca-c781d9cddaf8,NA
3,103540490,103540490,1,snv_mnv,NA,NA,"broad,dkfz,muse,sanger",4,COSN7549274,NA,AT_rich,FALSE,0.1034,NA,9,78,NA,NA,NA,IGR,FALSE,FALSE,TRUE,FALSE,3,2,1,2_1,d4907a1b-8b06-47c5-8bca-c781d9cddaf8,NA
3,103607604,103607604,1,snv_mnv,NA,NA,"broad,dkfz,muse,sanger",4,COSN7549325,NA,L3,FALSE,0.1807,NA,15,68,NA,NA,NA,IGR,FALSE,FALSE,FALSE,FALSE,3,2,1,2_1,d4907a1b-8b06-47c5-8bca-c781d9cddaf8,NA
3,103620748,103620748,1,snv_mnv,NA,NA,"broad,dkfz,muse,sanger",4,COSN7549336,NA,L2,FALSE,0.1899,NA,15,64,NA,NA,NA,IGR,FALSE,FALSE,FALSE,FALSE,3,2,1,2_1,d4907a1b-8b06-47c5-8bca-c781d9cddaf8,NA
3,104238255,104238255,1,snv_mnv,NA,NA,"broad,dkfz,muse,sanger",4,COSN7549849,NA,LTR49,FALSE,0.122,NA,10,72,NA,NA,NA,IGR,FALSE,FALSE,FALSE,FALSE,3,2,1,2_1,d4907a1b-8b06-47c5-8bca-c781d9cddaf8,NA
3,104808868,104808868,1,snv_mnv,NA,NA,"broad,dkfz,muse,sanger",4,COSN7550233,NA,NA,FALSE,0.1829,NA,15,67,NA,NA,NA,IGR,FALSE,FALSE,FALSE,FALSE,3,2,1,2_1,d4907a1b-8b06-47c5-8bca-c781d9cddaf8,NA
3,105539846,105539846,1,snv_mnv,NA,NA,"broad,dkfz,muse,sanger",4,COSN7550523,NA,NA,FALSE,0.1882,NA,16,69,NA,NA,NA,Intron,FALSE,FALSE,FALSE,FALSE,3,2,1,2_1,d4907a1b-8b06-47c5-8bca-c781d9cddaf8,CBLB
3,105877029,105877029,1,snv_mnv,NA,NA,"broad,dkfz,muse,sanger",4,COSN7550625,NA,NA,FALSE,0.2278,NA,18,61,NA,NA,NA,IGR,FALSE,FALSE,FALSE,FALSE,3,2,1,2_1,d4907a1b-8b06-47c5-8bca-c781d9cddaf8,NA
3,105966375,105966375,1,snv_mnv,NA,NA,"broad,dkfz,muse,sanger",4,COSN7550658,NA,NA,FALSE,0.0833,NA,7,77,NA,NA,NA,IGR,FALSE,FALSE,FALSE,FALSE,3,2,1,2_1,d4907a1b-8b06-47c5-8bca-c781d9cddaf8,NA
3,106087650,106087650,1,snv_mnv,NA,NA,"broad,dkfz,muse,sanger",4,COSN7550712,NA,NA,FALSE,0.3281,NA,21,43,NA,NA,NA,IGR,FALSE,FALSE,FALSE,FALSE,3,2,1,2_1,d4907a1b-8b06-47c5-8bca-c781d9cddaf8,NA
3,106448262,106448262,1,snv_mnv,NA,NA,"broad,dkfz,muse,sanger",4,COSN7550892,NA,MIRc,FALSE,0.1932,NA,17,71,NA,NA,NA,IGR,FALSE,FALSE,FALSE,FALSE,3,2,1,2_1,d4907a1b-8b06-47c5-8bca-c781d9cddaf8,NA
3,106457370,106457370,1,snv_mnv,NA,NA,"broad,dkfz,muse,sanger",4,COSN7550903,NA,NA,FALSE,0.378,NA,31,51,NA,NA,NA,IGR,FALSE,FALSE,FALSE,FALSE,3,2,1,2_1,d4907a1b-8b06-47c5-8bca-c781d9cddaf8,NA
3,106458086,106458086,1,snv_mnv,NA,NA,"broad,dkfz,muse,sanger",4,COSN7550905,NA,NA,FALSE,0.2639,NA,19,53,NA,NA,NA,IGR,FALSE,FALSE,FALSE,FALSE,3,2,1,2_1,d4907a1b-8b06-47c5-8bca-c781d9cddaf8,NA
3,107032799,107032799,1,snv_mnv,NA,NA,"broad,dkfz,muse,sanger",4,COSN7551197,NA,L1PREC2,FALSE,0.1628,NA,14,72,NA,NA,NA,IGR,FALSE,FALSE,FALSE,FALSE,3,2,1,2_1,d4907a1b-8b06-47c5-8bca-c781d9cddaf8,AC063944.1
3,107050120,107050120,1,snv_mnv,NA,NA,"broad,dkfz,muse,sanger",4,COSN7551201,NA,NA,FALSE,0.1348,NA,12,77,NA,NA,NA,lincRNA,FALSE,FALSE,FALSE,FALSE,3,2,1,2_1,d4907a1b-8b06-47c5-8bca-c781d9cddaf8,"AC063944.3,DUBR,AC063944.2"
3,107516620,107516620,1,snv_mnv,NA,NA,"broad,dkfz,muse,sanger",4,COSN7551314,rs566169231,NA,FALSE,0.2222,NA,16,56,NA,NA,NA,Intron,FALSE,FALSE,FALSE,FALSE,3,2,1,2_1,d4907a1b-8b06-47c5-8bca-c781d9cddaf8,BBX
3,109230973,109230973,1,snv_mnv,NA,NA,"broad,dkfz,muse,sanger",4,COSN7551839,NA,L1PA3,FALSE,0.4103,NA,32,46,NA,NA,NA,IGR,FALSE,FALSE,FALSE,FALSE,3,2,1,2_1,d4907a1b-8b06-47c5-8bca-c781d9cddaf8,NA
3,109553479,109553479,1,snv_mnv,NA,NA,"broad,dkfz,muse,sanger",4,COSN7551983,NA,NA,FALSE,0.3118,NA,29,64,NA,NA,NA,IGR,FALSE,FALSE,FALSE,FALSE,3,2,1,2_1,d4907a1b-8b06-47c5-8bca-c781d9cddaf8,NA
3,110023761,110023761,1,snv_mnv,NA,NA,"broad,dkfz,muse,sanger",4,COSN7552170,NA,NA,FALSE,0.1486,NA,11,63,NA,NA,NA,IGR,FALSE,FALSE,FALSE,FALSE,3,2,1,2_1,d4907a1b-8b06-47c5-8bca-c781d9cddaf8,NA
3,111229860,111229860,1,snv_mnv,NA,NA,"broad,dkfz,muse,sanger",4,COSN7552548,NA,NA,FALSE,0.2133,NA,16,59,NA,NA,NA,IGR,FALSE,FALSE,TRUE,FALSE,3,2,1,2_1,d4907a1b-8b06-47c5-8bca-c781d9cddaf8,NA
3,111965322,111965322,1,snv_mnv,NA,NA,"broad,dkfz,muse,sanger",4,COSN7552747,NA,NA,FALSE,0.3258,NA,29,60,NA,NA,NA,Intron,FALSE,FALSE,FALSE,FALSE,3,2,1,2_1,d4907a1b-8b06-47c5-8bca-c781d9cddaf8,NA
3,114957063,114957063,1,snv_mnv,NA,NA,"broad,dkfz,muse,sanger",4,COSN7553602,NA,NA,FALSE,0.1522,NA,14,78,NA,NA,NA,IGR,FALSE,FALSE,FALSE,FALSE,3,2,1,2_1,d4907a1b-8b06-47c5-8bca-c781d9cddaf8,NA
3,115192374,115192374,1,snv_mnv,NA,NA,"broad,dkfz,muse,sanger",4,COSN7553700,NA,NA,FALSE,0.1852,NA,15,66,NA,NA,NA,IGR,FALSE,FALSE,FALSE,FALSE,3,2,1,2_1,d4907a1b-8b06-47c5-8bca-c781d9cddaf8,NA
3,115258874,115258874,1,snv_mnv,NA,NA,"broad,dkfz,muse,sanger",4,COSN7553735,NA,Tigger1,FALSE,0.2247,NA,20,69,NA,NA,NA,IGR,FALSE,FALSE,FALSE,FALSE,3,2,1,2_1,d4907a1b-8b06-47c5-8bca-c781d9cddaf8,NA
3,115935555,115935555,1,snv_mnv,NA,NA,"broad,dkfz,muse,sanger",4,COSN7554021,NA,NA,FALSE,0.1852,NA,15,66,NA,NA,NA,Intron,FALSE,FALSE,FALSE,FALSE,3,2,1,2_1,d4907a1b-8b06-47c5-8bca-c781d9cddaf8,NA
3,116599513,116599513,1,snv_mnv,NA,NA,"broad,dkfz,muse,sanger",4,COSN7554396,NA,NA,FALSE,0.1644,NA,12,61,NA,NA,NA,Intron,FALSE,FALSE,TRUE,FALSE,3,2,1,2_1,d4907a1b-8b06-47c5-8bca-c781d9cddaf8,NA
3,116896812,116896812,1,snv_mnv,NA,NA,"broad,dkfz,muse,sanger",4,COSN7554596,NA,NA,FALSE,0.1616,NA,16,83,NA,NA,NA,Intron,FALSE,FALSE,FALSE,FALSE,3,2,1,2_1,d4907a1b-8b06-47c5-8bca-c781d9cddaf8,NA
3,116963954,116963954,1,snv_mnv,1.9968e-4,rs560467076,"broad,dkfz,muse,sanger",4,COSN7554631,rs560467076,NA,FALSE,0.3151,NA,23,50,NA,NA,NA,Intron,FALSE,FALSE,FALSE,FALSE,3,2,1,2_1,d4907a1b-8b06-47c5-8bca-c781d9cddaf8,NA
3,116989524,116989524,1,snv_mnv,NA,NA,"broad,dkfz,muse,sanger",4,COSN7554642,NA,NA,FALSE,0.1757,NA,13,61,NA,NA,NA,Intron,FALSE,FALSE,FALSE,FALSE,3,2,1,2_1,d4907a1b-8b06-47c5-8bca-c781d9cddaf8,NA
3,117100372,117100372,1,snv_mnv,NA,NA,"broad,dkfz,muse,sanger",4,COSN7812945,NA,NA,FALSE,0.1449,NA,10,59,NA,NA,NA,Intron,FALSE,FALSE,FALSE,FALSE,3,2,1,2_1,d4907a1b-8b06-47c5-8bca-c781d9cddaf8,NA
3,117283905,117283905,1,snv_mnv,NA,NA,"broad,dkfz,muse,sanger",4,COSN7813075,NA,L1PA8,FALSE,0.1299,NA,10,67,NA,NA,NA,Intron,FALSE,FALSE,FALSE,FALSE,3,2,1,2_1,d4907a1b-8b06-47c5-8bca-c781d9cddaf8,NA
3,117304812,117304812,1,snv_mnv,NA,NA,"broad,dkfz,muse,sanger",4,COSN7813094,NA,NA,FALSE,0.3939,NA,26,40,NA,NA,NA,Intron,FALSE,FALSE,FALSE,FALSE,3,2,1,2_1,d4907a1b-8b06-47c5-8bca-c781d9cddaf8,NA
3,117757050,117757050,1,snv_mnv,NA,NA,"broad,dkfz,muse,sanger",4,COSN7813447,NA,NA,FALSE,0.1087,NA,10,82,NA,NA,NA,lincRNA,FALSE,FALSE,FALSE,FALSE,3,2,1,2_1,d4907a1b-8b06-47c5-8bca-c781d9cddaf8,NA
3,118048707,118048707,1,snv_mnv,NA,NA,"broad,dkfz,muse,sanger",4,COSN7813699,NA,L1MA9,FALSE,0.0964,NA,8,75,NA,NA,NA,lincRNA,FALSE,FALSE,FALSE,FALSE,3,2,1,2_1,d4907a1b-8b06-47c5-8bca-c781d9cddaf8,NA
3,118183806,118183806,1,snv_mnv,NA,NA,"broad,dkfz,muse,sanger",4,COSN7813805,NA,MLT1D,FALSE,0.125,NA,11,77,NA,NA,NA,lincRNA,FALSE,FALSE,FALSE,FALSE,3,2,1,2_1,d4907a1b-8b06-47c5-8bca-c781d9cddaf8,NA
3,119234741,119234741,1,snv_mnv,NA,NA,"broad,dkfz,muse,sanger",4,COSN7814230,NA,L1MC4,FALSE,0.1781,NA,13,60,NA,NA,NA,Intron,FALSE,FALSE,FALSE,FALSE,3,2,1,2_1,d4907a1b-8b06-47c5-8bca-c781d9cddaf8,TIMMDC1
3,120920218,120920218,1,snv_mnv,NA,NA,"broad,dkfz,muse,sanger",4,COSN7814722,NA,L1PA8,FALSE,0.3333,NA,31,62,NA,NA,NA,Intron,FALSE,FALSE,FALSE,FALSE,3,2,1,2_1,d4907a1b-8b06-47c5-8bca-c781d9cddaf8,NA
3,123151668,123151668,1,snv_mnv,1.9968e-4,rs150939517,"broad,dkfz,muse,sanger",4,COSN7815306,rs150939517,AluJr,FALSE,0.36,NA,27,48,NA,NA,NA,Intron,FALSE,FALSE,FALSE,FALSE,3,2,1,2_1,d4907a1b-8b06-47c5-8bca-c781d9cddaf8,NA
3,123474344,123474344,1,snv_mnv,NA,NA,"broad,dkfz,muse,sanger",4,COSN7815408,NA,NA,FALSE,0.1084,NA,9,74,NA,NA,NA,Intron,FALSE,FALSE,FALSE,FALSE,3,2,1,2_1,d4907a1b-8b06-47c5-8bca-c781d9cddaf8,NA
3,125865467,125865467,1,snv_mnv,NA,NA,"dkfz,muse,sanger",3,COSN7816041,NA,NA,FALSE,0.193,NA,11,46,NA,NA,NA,Intron,FALSE,FALSE,FALSE,FALSE,3,2,1,2_1,d4907a1b-8b06-47c5-8bca-c781d9cddaf8,ALDH1L1
3,127990206,127990206,1,snv_mnv,NA,NA,"broad,dkfz,muse,sanger",4,COSN7816706,NA,NA,FALSE,0.1667,NA,13,65,NA,NA,NA,Intron,FALSE,FALSE,FALSE,FALSE,3,2,1,2_1,d4907a1b-8b06-47c5-8bca-c781d9cddaf8,NA
3,128205913,128205913,1,snv_mnv,NA,NA,"broad,dkfz,muse,sanger",4,COSN7816759,NA,NA,FALSE,0.2364,NA,13,42,NA,NA,NA,5'UTR,FALSE,FALSE,FALSE,FALSE,3,2,1,2_1,d4907a1b-8b06-47c5-8bca-c781d9cddaf8,"GATA2,GATA2-AS1"
3,130980520,130980520,1,snv_mnv,NA,NA,"broad,dkfz,muse,sanger",4,COSN7817561,rs761477134,MIR3,FALSE,0.1566,NA,13,70,NA,NA,NA,Intron,FALSE,FALSE,FALSE,FALSE,3,2,1,2_1,d4907a1b-8b06-47c5-8bca-c781d9cddaf8,NA
3,132195297,132195297,1,snv_mnv,NA,NA,"broad,dkfz,muse,sanger",4,COSN7818047,NA,L2a,FALSE,0.1771,NA,17,79,NA,NA,NA,Intron,FALSE,FALSE,FALSE,FALSE,3,2,1,2_1,d4907a1b-8b06-47c5-8bca-c781d9cddaf8,DNAJC13
3,132918953,132918953,1,snv_mnv,NA,NA,"broad,dkfz,muse,sanger",4,COSN7818347,rs369612675,L1P1,FALSE,0.2239,NA,15,52,NA,NA,NA,Intron,FALSE,FALSE,FALSE,FALSE,3,2,1,2_1,d4907a1b-8b06-47c5-8bca-c781d9cddaf8,NA
3,134455597,134455597,1,snv_mnv,NA,NA,"broad,dkfz,muse,sanger",4,COSN7818837,NA,L1MC4,FALSE,0.1687,NA,14,69,NA,NA,NA,IGR,FALSE,FALSE,FALSE,FALSE,3,2,1,2_1,d4907a1b-8b06-47c5-8bca-c781d9cddaf8,NA
3,134756618,134756618,1,snv_mnv,NA,NA,"broad,dkfz,muse,sanger",4,COSN7818971,NA,NA,FALSE,0.2222,NA,18,63,NA,NA,NA,Intron,FALSE,FALSE,FALSE,FALSE,3,2,1,2_1,d4907a1b-8b06-47c5-8bca-c781d9cddaf8,NA
3,135029560,135029560,1,snv_mnv,NA,NA,"broad,dkfz,muse,sanger",4,COSN7819099,NA,NA,FALSE,0.2059,NA,14,54,NA,NA,NA,IGR,FALSE,FALSE,FALSE,FALSE,3,2,1,2_1,d4907a1b-8b06-47c5-8bca-c781d9cddaf8,NA
3,135056476,135056476,1,snv_mnv,NA,NA,"broad,dkfz,muse,sanger",4,COSN7819115,NA,HAL1,FALSE,0.3407,NA,31,60,NA,NA,NA,IGR,FALSE,FALSE,FALSE,FALSE,3,2,1,2_1,d4907a1b-8b06-47c5-8bca-c781d9cddaf8,NA
3,135599154,135599154,1,snv_mnv,7.9872e-4,rs193276731,"broad,dkfz,muse,sanger",4,COSN16292991,rs193276731,NA,FALSE,0.3582,NA,24,43,NA,NA,NA,IGR,FALSE,FALSE,FALSE,FALSE,3,2,1,2_1,d4907a1b-8b06-47c5-8bca-c781d9cddaf8,NA
3,137086504,137086504,1,snv_mnv,NA,NA,"broad,dkfz,muse,sanger",4,COSN7819944,NA,L1MB8,FALSE,0.1169,NA,9,68,NA,NA,NA,IGR,FALSE,FALSE,FALSE,FALSE,3,2,1,2_1,d4907a1b-8b06-47c5-8bca-c781d9cddaf8,NA
3,137370565,137370565,1,snv_mnv,NA,NA,"broad,dkfz,muse,sanger",4,COSN7820122,NA,NA,FALSE,0.3,NA,21,49,NA,NA,NA,IGR,FALSE,FALSE,FALSE,FALSE,3,2,1,2_1,d4907a1b-8b06-47c5-8bca-c781d9cddaf8,NA
3,137549345,137549345,1,snv_mnv,3.9936e-4,rs573541304,"broad,dkfz,muse,sanger",4,COSN7820210,rs573541304,LTR50,FALSE,0.2632,NA,20,56,NA,NA,NA,IGR,FALSE,FALSE,FALSE,FALSE,3,2,1,2_1,d4907a1b-8b06-47c5-8bca-c781d9cddaf8,NA
3,138687228,138687228,1,snv_mnv,NA,NA,"broad,dkfz,muse,sanger",4,COSN7820532,NA,NA,FALSE,0.4091,NA,27,39,NA,NA,NA,IGR,FALSE,FALSE,FALSE,FALSE,3,2,1,2_1,d4907a1b-8b06-47c5-8bca-c781d9cddaf8,NA
3,139084672,139084672,1,snv_mnv,NA,NA,"broad,dkfz,muse,sanger",4,COSN16818512,rs369552493,HAL1,FALSE,0.1512,NA,13,73,NA,NA,NA,Intron,FALSE,FALSE,FALSE,FALSE,3,2,1,2_1,d4907a1b-8b06-47c5-8bca-c781d9cddaf8,NA
3,140001673,140001673,1,snv_mnv,NA,NA,"broad,dkfz,muse,sanger",4,COSN7821110,NA,NA,FALSE,0.1354,NA,13,83,NA,NA,NA,Intron,FALSE,FALSE,FALSE,FALSE,3,2,1,2_1,d4907a1b-8b06-47c5-8bca-c781d9cddaf8,NA
3,140601792,140601792,1,snv_mnv,NA,NA,"broad,dkfz,muse,sanger",4,COSN7821486,NA,NA,FALSE,0.0444,NA,2,43,NA,NA,NA,IGR,FALSE,FALSE,FALSE,FALSE,3,2,1,2_1,d4907a1b-8b06-47c5-8bca-c781d9cddaf8,NA
3,143435355,143435355,1,snv_mnv,NA,NA,"broad,dkfz,muse,sanger",4,COSN7822287,NA,NA,FALSE,0.15,NA,12,68,NA,NA,NA,Intron,FALSE,FALSE,FALSE,FALSE,3,2,1,2_1,d4907a1b-8b06-47c5-8bca-c781d9cddaf8,NA
3,144122432,144122432,1,snv_mnv,NA,NA,"broad,dkfz,muse,sanger",4,COSN7822628,NA,NA,FALSE,0.3718,NA,29,49,NA,NA,NA,IGR,FALSE,FALSE,FALSE,FALSE,3,2,1,2_1,d4907a1b-8b06-47c5-8bca-c781d9cddaf8,NA
3,144336675,144336675,1,snv_mnv,NA,NA,"broad,muse,sanger",3,COSN7822769,NA,L1PA5,FALSE,0.2045,NA,18,70,NA,NA,NA,IGR,FALSE,FALSE,FALSE,FALSE,3,2,1,2_1,d4907a1b-8b06-47c5-8bca-c781d9cddaf8,NA
3,144525558,144525558,1,snv_mnv,NA,NA,"broad,dkfz,muse,sanger",4,COSN7822923,NA,L1PA8,FALSE,0.1935,NA,12,50,NA,NA,NA,IGR,FALSE,FALSE,FALSE,FALSE,3,2,1,2_1,d4907a1b-8b06-47c5-8bca-c781d9cddaf8,NA
3,144754854,144754854,1,snv_mnv,NA,NA,"broad,dkfz,muse,sanger",4,COSN7823093,NA,NA,FALSE,0.1714,NA,12,58,NA,NA,NA,IGR,FALSE,FALSE,TRUE,FALSE,3,2,1,2_1,d4907a1b-8b06-47c5-8bca-c781d9cddaf8,NA
3,145227870,145227870,1,snv_mnv,NA,NA,"broad,dkfz,muse,sanger",4,COSN7823445,NA,LTR33,FALSE,0.2973,NA,22,52,NA,NA,NA,IGR,FALSE,FALSE,FALSE,FALSE,3,2,1,2_1,d4907a1b-8b06-47c5-8bca-c781d9cddaf8,NA
3,145492860,145492860,1,snv_mnv,NA,NA,"broad,dkfz,muse,sanger",4,COSN7823621,NA,NA,FALSE,0.1774,NA,11,51,NA,NA,NA,IGR,FALSE,FALSE,FALSE,FALSE,3,2,1,2_1,d4907a1b-8b06-47c5-8bca-c781d9cddaf8,NA
3,145583426,145583426,1,snv_mnv,NA,NA,"broad,dkfz,muse,sanger",4,COSN7823672,NA,NA,FALSE,0.1857,NA,13,57,NA,NA,NA,IGR,FALSE,FALSE,FALSE,FALSE,3,2,1,2_1,d4907a1b-8b06-47c5-8bca-c781d9cddaf8,NA
3,145703952,145703952,1,snv_mnv,NA,NA,"broad,dkfz,muse,sanger",4,COSN7823738,NA,AluSx,FALSE,0.2237,NA,17,59,NA,NA,NA,IGR,FALSE,FALSE,FALSE,FALSE,3,2,1,2_1,d4907a1b-8b06-47c5-8bca-c781d9cddaf8,NA
3,146010884,146010884,1,snv_mnv,NA,NA,"broad,dkfz,muse,sanger",4,COSN7823901,NA,L1PA6,FALSE,0.2439,NA,10,31,NA,NA,NA,IGR,FALSE,FALSE,FALSE,FALSE,3,2,1,2_1,d4907a1b-8b06-47c5-8bca-c781d9cddaf8,NA
3,146899215,146899215,1,snv_mnv,NA,NA,"broad,dkfz,muse,sanger",4,COSN7824406,NA,NA,FALSE,0.1831,NA,13,58,NA,NA,NA,RNA,FALSE,FALSE,FALSE,FALSE,3,2,1,2_1,d4907a1b-8b06-47c5-8bca-c781d9cddaf8,NA
3,146930619,146930619,1,snv_mnv,NA,NA,"broad,dkfz,muse,sanger",4,COSN7824427,NA,L1ME4a,FALSE,0.2326,NA,20,66,NA,NA,NA,RNA,FALSE,FALSE,TRUE,FALSE,3,2,1,2_1,d4907a1b-8b06-47c5-8bca-c781d9cddaf8,NA
3,146980401,146980401,1,snv_mnv,NA,NA,"broad,dkfz,muse,sanger",4,COSN7824469,NA,NA,FALSE,0.1746,NA,11,52,NA,NA,NA,RNA,FALSE,FALSE,FALSE,FALSE,3,2,1,2_1,d4907a1b-8b06-47c5-8bca-c781d9cddaf8,NA
3,147016899,147016899,1,snv_mnv,NA,NA,"broad,dkfz,muse,sanger",4,COSN7824499,NA,NA,FALSE,0.3714,NA,26,44,NA,NA,NA,RNA,FALSE,FALSE,FALSE,FALSE,3,2,1,2_1,d4907a1b-8b06-47c5-8bca-c781d9cddaf8,NA
3,147177327,147177327,1,snv_mnv,NA,NA,"broad,dkfz,muse,sanger",4,COSN7824625,NA,NA,FALSE,0.1795,NA,14,64,NA,NA,NA,Intron,FALSE,FALSE,FALSE,FALSE,3,2,1,2_1,d4907a1b-8b06-47c5-8bca-c781d9cddaf8,NA
3,147326415,147326415,1,snv_mnv,NA,NA,"broad,dkfz,muse,sanger",4,COSN7824743,NA,AluSx1,FALSE,0.194,NA,13,54,NA,NA,NA,IGR,FALSE,FALSE,FALSE,FALSE,3,2,1,2_1,d4907a1b-8b06-47c5-8bca-c781d9cddaf8,NA
3,147527674,147527674,1,snv_mnv,NA,NA,"broad,dkfz,muse,sanger",4,COSN15704015,NA,NA,FALSE,0.1515,NA,10,56,NA,NA,NA,IGR,FALSE,FALSE,FALSE,FALSE,3,2,1,2_1,d4907a1b-8b06-47c5-8bca-c781d9cddaf8,NA
3,147541778,147541778,1,snv_mnv,NA,NA,"broad,dkfz,muse,sanger",4,COSN7824882,NA,L2a,FALSE,0.1806,NA,13,59,NA,NA,NA,IGR,FALSE,FALSE,FALSE,FALSE,3,2,1,2_1,d4907a1b-8b06-47c5-8bca-c781d9cddaf8,NA
3,148445510,148445510,1,snv_mnv,NA,NA,"broad,dkfz,muse,sanger",4,COSN7825307,NA,NA,FALSE,0.1235,NA,10,71,NA,NA,NA,Intron,FALSE,FALSE,TRUE,FALSE,3,2,1,2_1,d4907a1b-8b06-47c5-8bca-c781d9cddaf8,AGTR1
3,148496788,148496788,1,snv_mnv,NA,NA,"broad,dkfz,muse,sanger",4,COSN7825323,NA,NA,FALSE,0.1818,NA,16,72,NA,NA,NA,IGR,FALSE,FALSE,FALSE,FALSE,3,2,1,2_1,d4907a1b-8b06-47c5-8bca-c781d9cddaf8,NA
3,149455438,149455438,1,snv_mnv,NA,NA,"broad,dkfz,muse,sanger",4,COSN7825557,NA,NA,FALSE,0.3378,NA,25,49,NA,NA,NA,IGR,FALSE,FALSE,FALSE,FALSE,3,2,1,2_1,d4907a1b-8b06-47c5-8bca-c781d9cddaf8,"COMMD2,WWTR1"
3,152540937,152540937,1,snv_mnv,NA,NA,"broad,dkfz,muse,sanger",4,COSN7826423,NA,NA,FALSE,0.1944,NA,14,58,NA,NA,NA,IGR,FALSE,FALSE,FALSE,FALSE,3,2,1,2_1,d4907a1b-8b06-47c5-8bca-c781d9cddaf8,NA
3,154934595,154934595,1,snv_mnv,NA,NA,"broad,dkfz,muse,sanger",4,COSN7827412,NA,NA,FALSE,0.2078,NA,16,61,NA,NA,NA,IGR,FALSE,FALSE,FALSE,FALSE,3,2,1,2_1,d4907a1b-8b06-47c5-8bca-c781d9cddaf8,NA
3,155726726,155726726,1,snv_mnv,NA,NA,"broad,dkfz,muse,sanger",4,COSN7827611,NA,NA,FALSE,0.3506,NA,27,50,NA,NA,NA,IGR,FALSE,FALSE,FALSE,FALSE,3,2,1,2_1,d4907a1b-8b06-47c5-8bca-c781d9cddaf8,NA
3,156719420,156719420,1,snv_mnv,NA,NA,"broad,dkfz,muse,sanger",4,COSN7827922,NA,NA,FALSE,0.2125,NA,17,63,NA,NA,NA,Intron,FALSE,FALSE,FALSE,FALSE,3,2,1,2_1,d4907a1b-8b06-47c5-8bca-c781d9cddaf8,NA
3,157174179,157174179,1,snv_mnv,NA,NA,"broad,dkfz,muse,sanger",4,COSN7828047,NA,L1PA13,FALSE,0.1447,NA,11,65,NA,NA,NA,Intron,FALSE,FALSE,FALSE,FALSE,3,2,1,2_1,d4907a1b-8b06-47c5-8bca-c781d9cddaf8,VEPH1
3,157334450,157334450,1,snv_mnv,NA,NA,"broad,dkfz,muse,sanger",4,COSN7828099,NA,MIRb,FALSE,0.2581,NA,16,46,NA,NA,NA,Intron,FALSE,FALSE,FALSE,FALSE,3,2,1,2_1,d4907a1b-8b06-47c5-8bca-c781d9cddaf8,NA
3,157812329,157812329,1,snv_mnv,NA,NA,"broad,dkfz,muse,sanger",4,COSN7828294,NA,NA,FALSE,0.2368,NA,9,29,NA,NA,NA,IGR,FALSE,FALSE,FALSE,FALSE,3,2,1,2_1,d4907a1b-8b06-47c5-8bca-c781d9cddaf8,SHOX2
3,157968660,157968660,1,snv_mnv,NA,NA,"broad,dkfz,muse,sanger",4,COSN7828340,NA,L1MA3,FALSE,0.1392,NA,11,68,NA,NA,NA,Intron,FALSE,FALSE,TRUE,FALSE,3,2,1,2_1,d4907a1b-8b06-47c5-8bca-c781d9cddaf8,NA
3,158238575,158238575,1,snv_mnv,NA,NA,"broad,dkfz,muse,sanger",4,COSN7828423,NA,NA,FALSE,0.2222,NA,20,70,NA,NA,NA,Intron,FALSE,FALSE,FALSE,FALSE,3,2,1,2_1,d4907a1b-8b06-47c5-8bca-c781d9cddaf8,NA
3,159188380,159188380,1,snv_mnv,NA,NA,"broad,dkfz,muse,sanger",4,COSN7828786,NA,NA,FALSE,0.2639,NA,19,53,NA,NA,NA,Intron,FALSE,FALSE,TRUE,FALSE,3,2,1,2_1,d4907a1b-8b06-47c5-8bca-c781d9cddaf8,NA
3,161323054,161323054,1,snv_mnv,NA,NA,"broad,dkfz,muse",3,COSN7829476,NA,(CATATA)n,FALSE,0.4138,NA,12,17,NA,NA,NA,IGR,FALSE,FALSE,FALSE,FALSE,3,2,1,2_1,d4907a1b-8b06-47c5-8bca-c781d9cddaf8,NA
3,161822620,161822620,1,snv_mnv,1.9968e-4,rs551539320,"broad,dkfz,muse,sanger",4,COSN7829747,rs551539320,MER34C2,FALSE,0.2063,NA,13,50,NA,NA,NA,IGR,FALSE,FALSE,FALSE,FALSE,3,2,1,2_1,d4907a1b-8b06-47c5-8bca-c781d9cddaf8,NA
3,162285396,162285396,1,snv_mnv,0.0013978,rs543610809,"broad,muse,sanger",3,COSN7830108,rs543610809,AluY,FALSE,0.1644,NA,12,61,NA,NA,NA,IGR,FALSE,FALSE,FALSE,FALSE,3,2,1,2_1,d4907a1b-8b06-47c5-8bca-c781d9cddaf8,NA
3,163268888,163268888,1,snv_mnv,NA,NA,"broad,dkfz,muse,sanger",4,COSN7830888,NA,L1M1,FALSE,0.1887,NA,20,86,NA,NA,NA,IGR,FALSE,FALSE,FALSE,FALSE,3,2,1,2_1,d4907a1b-8b06-47c5-8bca-c781d9cddaf8,NA
3,163369117,163369117,1,snv_mnv,NA,NA,"broad,dkfz,muse,sanger",4,COSN7831001,NA,LTR16C,FALSE,0.15,NA,12,68,NA,NA,NA,IGR,FALSE,FALSE,FALSE,FALSE,3,2,1,2_1,d4907a1b-8b06-47c5-8bca-c781d9cddaf8,NA
3,163898516,163898516,1,snv_mnv,NA,NA,"broad,dkfz,muse,sanger",4,COSN7831510,rs763584862,THE1C,FALSE,0.1375,NA,11,69,NA,NA,NA,IGR,FALSE,FALSE,FALSE,FALSE,3,2,1,2_1,d4907a1b-8b06-47c5-8bca-c781d9cddaf8,NA
3,163991742,163991742,1,snv_mnv,NA,NA,"broad,dkfz,muse,sanger",4,COSN7831588,NA,L1M3e,FALSE,0.3333,NA,29,58,NA,NA,NA,IGR,FALSE,FALSE,FALSE,FALSE,3,2,1,2_1,d4907a1b-8b06-47c5-8bca-c781d9cddaf8,NA
3,164486245,164486245,1,snv_mnv,NA,NA,"broad,dkfz,muse,sanger",4,COSN7831956,NA,NA,FALSE,0.2,NA,18,72,NA,NA,NA,lincRNA,FALSE,FALSE,FALSE,FALSE,3,2,1,2_1,d4907a1b-8b06-47c5-8bca-c781d9cddaf8,NA
3,164563512,164563512,1,snv_mnv,NA,NA,"broad,dkfz,muse,sanger",4,COSN7832018,NA,NA,FALSE,0.1807,NA,15,68,NA,NA,NA,IGR,FALSE,FALSE,FALSE,FALSE,3,2,1,2_1,d4907a1b-8b06-47c5-8bca-c781d9cddaf8,NA
3,164916538,164916538,1,snv_mnv,NA,NA,"broad,dkfz,muse,sanger",4,COSN7832177,NA,NA,FALSE,0.2125,NA,17,63,NA,NA,NA,5'Flank,FALSE,FALSE,FALSE,FALSE,3,2,1,2_1,d4907a1b-8b06-47c5-8bca-c781d9cddaf8,SLITRK3
3,165009374,165009374,1,snv_mnv,NA,NA,"broad,dkfz,muse,sanger",4,COSN7832222,NA,L1PA16,FALSE,0.2289,NA,19,64,NA,NA,NA,IGR,FALSE,FALSE,FALSE,FALSE,3,2,1,2_1,d4907a1b-8b06-47c5-8bca-c781d9cddaf8,NA
3,165159268,165159268,1,snv_mnv,NA,NA,"broad,dkfz,muse,sanger",4,COSN7832352,NA,NA,FALSE,0.1467,NA,11,64,NA,NA,NA,IGR,FALSE,FALSE,FALSE,FALSE,3,2,1,2_1,d4907a1b-8b06-47c5-8bca-c781d9cddaf8,NA
3,165178072,165178072,1,snv_mnv,NA,NA,"broad,dkfz,muse,sanger",4,COSN7832365,NA,MLT2B4,FALSE,0.3506,NA,27,50,NA,NA,NA,IGR,FALSE,FALSE,FALSE,FALSE,3,2,1,2_1,d4907a1b-8b06-47c5-8bca-c781d9cddaf8,NA
3,165335563,165335563,1,snv_mnv,NA,NA,"broad,dkfz,muse",3,COSN7832481,NA,(TA)n,FALSE,0.2159,NA,19,69,NA,NA,NA,lincRNA,FALSE,FALSE,FALSE,FALSE,3,2,1,2_1,d4907a1b-8b06-47c5-8bca-c781d9cddaf8,NA
3,165428640,165428640,1,snv_mnv,NA,NA,"broad,dkfz,muse,sanger",4,COSN7832572,NA,L2a,FALSE,0.1139,NA,9,70,NA,NA,NA,IGR,FALSE,FALSE,FALSE,FALSE,3,2,1,2_1,d4907a1b-8b06-47c5-8bca-c781d9cddaf8,NA
3,165863353,165863353,1,snv_mnv,NA,NA,"broad,dkfz,muse,sanger",4,COSN7832939,NA,NA,FALSE,0.1667,NA,12,60,NA,NA,NA,IGR,FALSE,FALSE,FALSE,FALSE,3,2,1,2_1,d4907a1b-8b06-47c5-8bca-c781d9cddaf8,NA
3,165888704,165888704,1,snv_mnv,NA,NA,"broad,dkfz,muse,sanger",4,COSN7832956,NA,NA,FALSE,0.127,NA,8,55,NA,NA,NA,IGR,FALSE,FALSE,FALSE,FALSE,3,2,1,2_1,d4907a1b-8b06-47c5-8bca-c781d9cddaf8,NA
3,165988246,165988246,1,snv_mnv,NA,NA,"broad,dkfz,muse,sanger",4,COSN7833049,NA,NA,FALSE,0.1237,NA,12,85,NA,NA,NA,IGR,FALSE,FALSE,FALSE,FALSE,3,2,1,2_1,d4907a1b-8b06-47c5-8bca-c781d9cddaf8,NA
3,166131991,166131991,1,snv_mnv,NA,NA,"broad,dkfz,muse,sanger",4,COSN7833185,NA,L2a,FALSE,0.1176,NA,8,60,NA,NA,NA,IGR,FALSE,FALSE,FALSE,FALSE,3,2,1,2_1,d4907a1b-8b06-47c5-8bca-c781d9cddaf8,NA
3,166898364,166898364,1,snv_mnv,NA,NA,"broad,dkfz,muse,sanger",4,COSN7833854,NA,HERVK9-int,FALSE,0.1616,NA,16,83,NA,NA,NA,IGR,FALSE,FALSE,FALSE,FALSE,3,2,1,2_1,d4907a1b-8b06-47c5-8bca-c781d9cddaf8,NA
3,166954415,166954415,1,snv_mnv,NA,NA,"broad,dkfz,muse,sanger",4,COSN7833889,NA,NA,FALSE,0.375,NA,39,65,NA,NA,NA,IGR,FALSE,FALSE,FALSE,FALSE,3,2,1,2_1,d4907a1b-8b06-47c5-8bca-c781d9cddaf8,ZBBX
3,167523858,167523858,1,snv_mnv,NA,NA,"broad,dkfz,muse,sanger",4,COSN7834174,NA,L1PA8,FALSE,0.253,NA,21,62,NA,NA,NA,Intron,FALSE,FALSE,FALSE,FALSE,3,2,1,2_1,d4907a1b-8b06-47c5-8bca-c781d9cddaf8,SERPINI1
3,170165739,170165739,1,snv_mnv,NA,NA,"broad,dkfz,muse,sanger",4,COSN7834927,NA,NA,FALSE,0.1562,NA,10,54,NA,NA,NA,Intron,FALSE,FALSE,FALSE,FALSE,3,2,1,2_1,d4907a1b-8b06-47c5-8bca-c781d9cddaf8,AC026316.4
3,170172124,170172124,1,snv_mnv,NA,NA,"broad,dkfz,muse,sanger",4,COSN7834931,NA,NA,FALSE,0.1842,NA,14,62,NA,NA,NA,Intron,FALSE,FALSE,FALSE,FALSE,3,2,1,2_1,d4907a1b-8b06-47c5-8bca-c781d9cddaf8,NA
3,170418298,170418298,1,snv_mnv,NA,NA,"broad,dkfz,muse,sanger",4,COSN7834999,NA,AluSz6,FALSE,0.3881,NA,26,41,NA,NA,NA,Intron,FALSE,FALSE,FALSE,FALSE,3,2,1,2_1,d4907a1b-8b06-47c5-8bca-c781d9cddaf8,NA
3,173320417,173320417,1,snv_mnv,1.9968e-4,rs527933794,"broad,dkfz,muse,sanger",4,COSN7835842,rs527933794,NA,FALSE,0.2069,NA,18,69,NA,NA,NA,Intron,FALSE,FALSE,FALSE,FALSE,3,2,1,2_1,d4907a1b-8b06-47c5-8bca-c781d9cddaf8,NA
3,173480646,173480646,1,snv_mnv,NA,NA,"broad,dkfz,muse,sanger",4,COSN7835932,NA,NA,FALSE,0.1406,NA,9,55,NA,NA,NA,Intron,FALSE,FALSE,FALSE,FALSE,3,2,1,2_1,d4907a1b-8b06-47c5-8bca-c781d9cddaf8,NA
3,173777907,173777907,1,snv_mnv,NA,NA,"broad,dkfz,muse,sanger",4,COSN7836075,NA,NA,FALSE,0.1222,NA,11,79,NA,NA,NA,Intron,FALSE,FALSE,FALSE,FALSE,3,2,1,2_1,d4907a1b-8b06-47c5-8bca-c781d9cddaf8,RN7SKP234
3,174407274,174407274,1,snv_mnv,NA,NA,"broad,dkfz,muse,sanger",4,COSN7836289,rs745379079,NA,FALSE,0.2468,NA,19,58,NA,NA,NA,IGR,FALSE,FALSE,FALSE,FALSE,3,2,1,2_1,d4907a1b-8b06-47c5-8bca-c781d9cddaf8,NA
3,174645639,174645639,1,snv_mnv,NA,NA,"broad,dkfz,muse,sanger",4,COSN7836381,NA,L1P1,FALSE,0.2,NA,14,56,NA,NA,NA,Intron,FALSE,FALSE,FALSE,FALSE,3,2,1,2_1,d4907a1b-8b06-47c5-8bca-c781d9cddaf8,NA
3,175165457,175165457,1,snv_mnv,NA,NA,"broad,dkfz,muse,sanger",4,COSN7836601,NA,NA,FALSE,0.1447,NA,11,65,NA,NA,NA,Intron,FALSE,FALSE,FALSE,FALSE,3,2,1,2_1,d4907a1b-8b06-47c5-8bca-c781d9cddaf8,NA
3,175245753,175245753,1,snv_mnv,NA,NA,"broad,dkfz,muse,sanger",4,COSN7836633,NA,Charlie23a,FALSE,0.2099,NA,17,64,NA,NA,NA,Intron,FALSE,FALSE,FALSE,FALSE,3,2,1,2_1,d4907a1b-8b06-47c5-8bca-c781d9cddaf8,NA
3,175942558,175942558,1,snv_mnv,NA,NA,"broad,dkfz,muse,sanger",4,COSN7836918,NA,L1MA9,FALSE,0.3457,NA,28,53,NA,NA,NA,IGR,FALSE,FALSE,FALSE,FALSE,3,2,1,2_1,d4907a1b-8b06-47c5-8bca-c781d9cddaf8,NA
3,176051647,176051647,1,snv_mnv,NA,NA,"broad,dkfz,muse,sanger",4,COSN7836973,NA,L1MD1,FALSE,0.1892,NA,14,60,NA,NA,NA,IGR,FALSE,FALSE,FALSE,FALSE,3,2,1,2_1,d4907a1b-8b06-47c5-8bca-c781d9cddaf8,NA
3,176465334,176465334,1,snv_mnv,NA,NA,"broad,dkfz,muse,sanger",4,COSN7837142,NA,NA,FALSE,0.1739,NA,12,57,NA,NA,NA,lincRNA,FALSE,FALSE,FALSE,FALSE,3,2,1,2_1,d4907a1b-8b06-47c5-8bca-c781d9cddaf8,NA
3,179293961,179293961,1,snv_mnv,NA,NA,"broad,dkfz,muse,sanger",4,COSN7838018,NA,NA,FALSE,0.2759,NA,24,63,NA,NA,NA,Intron,FALSE,FALSE,FALSE,FALSE,3,2,1,2_1,d4907a1b-8b06-47c5-8bca-c781d9cddaf8,ACTL6A
3,179898090,179898090,1,snv_mnv,NA,NA,"broad,dkfz,muse,sanger",4,COSN7838277,NA,NA,FALSE,0.1667,NA,14,70,NA,NA,NA,IGR,FALSE,FALSE,FALSE,FALSE,3,2,1,2_1,d4907a1b-8b06-47c5-8bca-c781d9cddaf8,NA
3,180357840,180357840,1,snv_mnv,NA,NA,"broad,dkfz,muse,sanger",4,COSN7838606,NA,L1ME1,FALSE,0.1299,NA,10,67,NA,NA,NA,Intron,FALSE,FALSE,FALSE,FALSE,3,2,1,2_1,d4907a1b-8b06-47c5-8bca-c781d9cddaf8,NA
3,180655405,180655405,1,snv_mnv,NA,NA,"broad,dkfz,muse,sanger",4,COSN7838791,NA,NA,FALSE,0.2857,NA,26,65,NA,NA,NA,Intron,FALSE,FALSE,FALSE,FALSE,3,2,1,2_1,d4907a1b-8b06-47c5-8bca-c781d9cddaf8,FXR1
3,180702360,180702360,1,snv_mnv,NA,NA,"broad,dkfz,muse,sanger",4,COSN7838800,NA,NA,FALSE,0.3205,NA,25,53,NA,NA,NA,3'UTR,FALSE,FALSE,FALSE,FALSE,3,2,1,2_1,d4907a1b-8b06-47c5-8bca-c781d9cddaf8,"DNAJC19,FXR1"
3,181477273,181477273,1,snv_mnv,NA,NA,"broad,dkfz,muse,sanger",4,COSN7839156,NA,NA,FALSE,0.2059,NA,14,54,NA,NA,NA,IGR,FALSE,FALSE,FALSE,FALSE,3,2,1,2_1,d4907a1b-8b06-47c5-8bca-c781d9cddaf8,NA
3,181504943,181504943,1,snv_mnv,NA,NA,"broad,dkfz,muse,sanger",4,COSN7839173,NA,AluSc,FALSE,0.2273,NA,15,51,NA,NA,NA,IGR,FALSE,FALSE,TRUE,FALSE,3,2,1,2_1,d4907a1b-8b06-47c5-8bca-c781d9cddaf8,SOX2-OT
3,184631560,184631560,1,snv_mnv,NA,NA,"broad,dkfz,muse,sanger",4,COSN7840107,NA,MER20,FALSE,0.1224,NA,12,86,NA,NA,NA,Intron,FALSE,FALSE,FALSE,FALSE,4,2,2,2_2,d4907a1b-8b06-47c5-8bca-c781d9cddaf8,VPS8
3,187137790,187137790,1,snv_mnv,NA,NA,"broad,dkfz,muse,sanger",4,COSN7840887,NA,L1PA17,FALSE,0.2812,NA,27,69,NA,NA,NA,IGR,FALSE,FALSE,FALSE,FALSE,3,2,1,2_1,d4907a1b-8b06-47c5-8bca-c781d9cddaf8,RF01210
3,187253734,187253734,1,snv_mnv,NA,NA,"broad,muse",2,COSN7840920,NA,AluY,FALSE,0.3019,NA,16,37,NA,NA,NA,IGR,FALSE,FALSE,FALSE,FALSE,3,2,1,2_1,d4907a1b-8b06-47c5-8bca-c781d9cddaf8,NA
3,187771508,187771508,1,snv_mnv,NA,NA,"broad,dkfz,muse,sanger",4,COSN7841075,NA,NA,FALSE,0.1594,NA,11,58,NA,NA,NA,IGR,FALSE,FALSE,FALSE,FALSE,3,2,1,2_1,d4907a1b-8b06-47c5-8bca-c781d9cddaf8,NA
3,189046722,189046722,1,snv_mnv,NA,NA,"broad,dkfz,muse,sanger",4,COSN7841416,NA,L1PA8A,FALSE,0.1618,NA,11,57,NA,NA,NA,IGR,FALSE,FALSE,FALSE,FALSE,3,2,1,2_1,d4907a1b-8b06-47c5-8bca-c781d9cddaf8,TPRG1
3,190852811,190852811,1,snv_mnv,NA,NA,"broad,dkfz,muse,sanger",4,COSN7841979,NA,MLT1A0,FALSE,0.3077,NA,24,54,NA,NA,NA,IGR,FALSE,FALSE,FALSE,FALSE,3,2,1,2_1,d4907a1b-8b06-47c5-8bca-c781d9cddaf8,NA
3,191009302,191009302,1,snv_mnv,NA,NA,"broad,dkfz,muse,sanger",4,COSN7842036,rs767332322,AluY,FALSE,0.2115,NA,11,41,NA,NA,NA,Intron,FALSE,FALSE,FALSE,FALSE,3,2,1,2_1,d4907a1b-8b06-47c5-8bca-c781d9cddaf8,NA
3,191310436,191310436,1,snv_mnv,NA,NA,"broad,dkfz,muse,sanger",4,COSN7842132,NA,NA,FALSE,0.299,NA,29,68,NA,NA,NA,lincRNA,FALSE,FALSE,TRUE,FALSE,3,2,1,2_1,d4907a1b-8b06-47c5-8bca-c781d9cddaf8,AC073365.1
3,192688593,192688593,1,snv_mnv,NA,NA,"broad,dkfz,muse,sanger",4,COSN7599107,NA,AluSq,FALSE,0.1857,NA,13,57,NA,NA,NA,IGR,FALSE,FALSE,FALSE,FALSE,3,2,1,2_1,d4907a1b-8b06-47c5-8bca-c781d9cddaf8,NA
3,196689979,196689979,1,snv_mnv,NA,NA,"broad,dkfz,muse,sanger",4,COSN7600292,NA,L1MB7,FALSE,0.2093,NA,9,34,NA,NA,NA,Intron,FALSE,FALSE,FALSE,FALSE,3,2,1,2_1,d4907a1b-8b06-47c5-8bca-c781d9cddaf8,NA
3,196702622,196702622,1,snv_mnv,NA,NA,"broad,dkfz,muse,sanger",4,COSN7600296,NA,L2,FALSE,0.1719,NA,11,53,NA,NA,NA,IGR,FALSE,FALSE,FALSE,FALSE,3,2,1,2_1,d4907a1b-8b06-47c5-8bca-c781d9cddaf8,NA
4,262629,262629,1,snv_mnv,NA,NA,"broad,dkfz,muse,sanger",4,COSN7482301,rs754580984,AluY,FALSE,0.2188,NA,14,50,NA,NA,NA,IGR,FALSE,FALSE,FALSE,FALSE,2,1,1,1_1,d4907a1b-8b06-47c5-8bca-c781d9cddaf8,"ZNF732,AC079140.5,AC079140.3"
4,400371,400371,1,snv_mnv,0.0071885,rs573314843,"broad,dkfz,muse,sanger",4,COSN7490261,rs573314843,HERVH-int,FALSE,0.2222,NA,16,56,NA,NA,NA,IGR,FALSE,FALSE,FALSE,FALSE,2,1,1,1_1,d4907a1b-8b06-47c5-8bca-c781d9cddaf8,NA
4,938783,938783,1,snv_mnv,NA,NA,"broad,dkfz,muse,sanger",4,COSN7848451,NA,AluJb,FALSE,0.2903,NA,18,44,NA,NA,NA,Intron,FALSE,FALSE,FALSE,FALSE,2,1,1,1_1,d4907a1b-8b06-47c5-8bca-c781d9cddaf8,TMEM175
4,2160636,2160636,1,snv_mnv,NA,NA,"broad,dkfz,muse,sanger",4,COSN7480857,NA,NA,FALSE,0.3,NA,15,35,NA,NA,NA,Intron,FALSE,FALSE,FALSE,FALSE,2,1,1,1_1,d4907a1b-8b06-47c5-8bca-c781d9cddaf8,NA
4,4666512,4666512,1,snv_mnv,NA,NA,"broad,dkfz,muse,sanger",4,COSN7493155,NA,MER39,FALSE,0.2982,NA,17,40,NA,NA,NA,RNA,FALSE,FALSE,FALSE,FALSE,2,1,1,1_1,d4907a1b-8b06-47c5-8bca-c781d9cddaf8,NA
4,4819264,4819264,1,snv_mnv,NA,NA,"broad,dkfz,muse,sanger",4,COSN7493797,NA,L2a,FALSE,0.1711,NA,13,63,NA,NA,NA,IGR,FALSE,FALSE,FALSE,FALSE,2,1,1,1_1,d4907a1b-8b06-47c5-8bca-c781d9cddaf8,AC092437.1
4,4852394,4852394,1,snv_mnv,NA,NA,"broad,dkfz,muse,sanger",4,COSN7493884,rs181837722,NA,FALSE,0.1094,NA,7,57,NA,NA,NA,lincRNA,FALSE,FALSE,FALSE,FALSE,2,1,1,1_1,d4907a1b-8b06-47c5-8bca-c781d9cddaf8,NA
4,5354079,5354079,1,snv_mnv,NA,NA,"broad,dkfz,muse,sanger",4,COSN7494805,NA,L1MA4A,FALSE,0.1803,NA,11,50,NA,NA,NA,Intron,FALSE,FALSE,FALSE,FALSE,2,1,1,1_1,d4907a1b-8b06-47c5-8bca-c781d9cddaf8,NA
4,6521540,6521540,1,snv_mnv,NA,NA,"broad,dkfz,muse,sanger",4,COSN7501023,NA,NA,FALSE,0.2295,NA,14,47,NA,NA,NA,Intron,FALSE,FALSE,FALSE,FALSE,2,1,1,1_1,d4907a1b-8b06-47c5-8bca-c781d9cddaf8,NA
4,8648392,8648392,1,snv_mnv,NA,NA,"broad,dkfz,muse,sanger",4,COSN7845990,NA,NA,FALSE,0.1833,NA,11,49,NA,NA,NA,IGR,FALSE,FALSE,FALSE,FALSE,2,1,1,1_1,d4907a1b-8b06-47c5-8bca-c781d9cddaf8,NA
4,8944646,8944646,1,snv_mnv,NA,NA,"broad,muse,sanger",3,COSN7846877,NA,HERVE-int,FALSE,0.3134,NA,21,46,NA,NA,NA,IGR,FALSE,FALSE,FALSE,FALSE,2,1,1,1_1,d4907a1b-8b06-47c5-8bca-c781d9cddaf8,NA
4,9031561,9031561,1,snv_mnv,NA,NA,"broad,muse,sanger",3,COSN7847098,NA,L1MB8,FALSE,0.2097,NA,13,49,NA,NA,NA,IGR,FALSE,FALSE,FALSE,FALSE,2,1,1,1_1,d4907a1b-8b06-47c5-8bca-c781d9cddaf8,AC073648.4
4,10059851,10059851,1,snv_mnv,NA,NA,"broad,dkfz,muse,sanger",4,COSN7720671,NA,NA,FALSE,0.1636,NA,9,46,NA,NA,NA,IGR,FALSE,FALSE,FALSE,FALSE,2,1,1,1_1,d4907a1b-8b06-47c5-8bca-c781d9cddaf8,SLC2A9
4,10861371,10861371,1,snv_mnv,NA,NA,"broad,dkfz,muse,sanger",4,COSN7723091,NA,L1MEg,FALSE,0.2,NA,14,56,NA,NA,NA,IGR,FALSE,FALSE,FALSE,FALSE,2,1,1,1_1,d4907a1b-8b06-47c5-8bca-c781d9cddaf8,NA
4,11232862,11232862,1,snv_mnv,NA,NA,"broad,dkfz,muse,sanger",4,COSN7724510,NA,NA,FALSE,0.1569,NA,8,43,NA,NA,NA,IGR,FALSE,FALSE,FALSE,FALSE,2,1,1,1_1,d4907a1b-8b06-47c5-8bca-c781d9cddaf8,NA
4,11881785,11881785,1,snv_mnv,0.0015974,rs143137665,"broad,dkfz,muse,sanger",4,COSN7727565,rs143137665,NA,FALSE,0.1528,NA,11,61,NA,NA,NA,IGR,FALSE,FALSE,FALSE,FALSE,2,1,1,1_1,d4907a1b-8b06-47c5-8bca-c781d9cddaf8,NA
4,12400462,12400462,1,snv_mnv,NA,NA,"broad,dkfz,muse,sanger",4,COSN7729378,NA,NA,FALSE,0.1538,NA,10,55,NA,NA,NA,IGR,FALSE,FALSE,FALSE,FALSE,2,1,1,1_1,d4907a1b-8b06-47c5-8bca-c781d9cddaf8,NA
4,12482540,12482540,1,snv_mnv,NA,NA,"broad,dkfz,muse,sanger",4,COSN7729578,NA,L1M1,FALSE,0.2429,NA,17,53,NA,NA,NA,IGR,FALSE,FALSE,FALSE,FALSE,2,1,1,1_1,d4907a1b-8b06-47c5-8bca-c781d9cddaf8,NA
4,12501664,12501664,1,snv_mnv,NA,NA,"broad,dkfz,muse,sanger",4,COSN7729632,NA,LTR40a,FALSE,0.2222,NA,16,56,NA,NA,NA,IGR,FALSE,FALSE,FALSE,FALSE,2,1,1,1_1,d4907a1b-8b06-47c5-8bca-c781d9cddaf8,NA
4,12555721,12555721,1,snv_mnv,NA,NA,"broad,dkfz,muse,sanger",4,COSN7729819,NA,AluSc,FALSE,0.0652,NA,3,43,NA,NA,NA,IGR,FALSE,FALSE,FALSE,FALSE,2,1,1,1_1,d4907a1b-8b06-47c5-8bca-c781d9cddaf8,NA
4,12797279,12797279,1,snv_mnv,NA,NA,"broad,dkfz,muse,sanger",4,COSN7731149,NA,L2c,FALSE,0.2586,NA,15,43,NA,NA,NA,IGR,FALSE,FALSE,FALSE,FALSE,2,1,1,1_1,d4907a1b-8b06-47c5-8bca-c781d9cddaf8,NA
4,13067142,13067142,1,snv_mnv,NA,NA,"broad,dkfz,muse,sanger",4,COSN7732167,NA,L1MA9,FALSE,0.2031,NA,13,51,NA,NA,NA,IGR,FALSE,FALSE,FALSE,FALSE,2,1,1,1_1,d4907a1b-8b06-47c5-8bca-c781d9cddaf8,NA
4,13840314,13840314,1,snv_mnv,NA,NA,"broad,dkfz,muse,sanger",4,COSN7738874,NA,AluJr,FALSE,0.1915,NA,9,38,NA,NA,NA,lincRNA,FALSE,FALSE,FALSE,FALSE,2,1,1,1_1,d4907a1b-8b06-47c5-8bca-c781d9cddaf8,NA
4,14216882,14216882,1,snv_mnv,NA,NA,"broad,dkfz,muse,sanger",4,COSN7740081,NA,NA,FALSE,0.1228,NA,7,50,NA,NA,NA,IGR,FALSE,FALSE,FALSE,FALSE,2,1,1,1_1,d4907a1b-8b06-47c5-8bca-c781d9cddaf8,NA
4,14549615,14549615,1,snv_mnv,NA,NA,"broad,dkfz,muse,sanger",4,COSN7741234,NA,L1P3,FALSE,0.193,NA,11,46,NA,NA,NA,lincRNA,FALSE,FALSE,FALSE,FALSE,2,1,1,1_1,d4907a1b-8b06-47c5-8bca-c781d9cddaf8,NA
4,14616914,14616914,1,snv_mnv,NA,NA,"broad,dkfz,muse,sanger",4,COSN7741447,NA,NA,FALSE,0.2933,NA,22,53,NA,NA,NA,lincRNA,FALSE,FALSE,FALSE,FALSE,2,1,1,1_1,d4907a1b-8b06-47c5-8bca-c781d9cddaf8,NA
4,14675391,14675391,1,snv_mnv,NA,NA,"broad,dkfz,muse,sanger",4,COSN7741622,NA,NA,FALSE,0.2609,NA,18,51,NA,NA,NA,lincRNA,FALSE,FALSE,FALSE,FALSE,2,1,1,1_1,d4907a1b-8b06-47c5-8bca-c781d9cddaf8,NA
4,15790335,15790335,1,snv_mnv,NA,NA,"broad,dkfz,muse,sanger",4,COSN7745379,NA,NA,FALSE,0.15,NA,9,51,NA,NA,NA,Intron,FALSE,FALSE,FALSE,FALSE,2,1,1,1_1,d4907a1b-8b06-47c5-8bca-c781d9cddaf8,NA
4,17105370,17105370,1,snv_mnv,NA,NA,"broad,dkfz,muse,sanger",4,COSN7751519,NA,NA,FALSE,0.2899,NA,20,49,NA,NA,NA,IGR,FALSE,FALSE,FALSE,FALSE,2,1,1,1_1,d4907a1b-8b06-47c5-8bca-c781d9cddaf8,NA
4,17439247,17439247,1,snv_mnv,NA,NA,"broad,dkfz,muse,sanger",4,COSN7753246,NA,LTR1,FALSE,0.2449,NA,12,37,NA,NA,NA,IGR,FALSE,FALSE,FALSE,FALSE,2,1,1,1_1,d4907a1b-8b06-47c5-8bca-c781d9cddaf8,NA
4,19155016,19155016,1,snv_mnv,NA,NA,"broad,dkfz,muse,sanger",4,COSN7479444,NA,L1PA13,FALSE,0.1132,NA,6,47,NA,NA,NA,IGR,FALSE,FALSE,FALSE,FALSE,2,1,1,1_1,d4907a1b-8b06-47c5-8bca-c781d9cddaf8,NA
4,19769396,19769396,1,snv_mnv,NA,NA,"broad,dkfz,muse,sanger",4,COSN7479816,NA,L1M2,FALSE,0.2105,NA,8,30,NA,NA,NA,lincRNA,FALSE,FALSE,FALSE,FALSE,2,1,1,1_1,d4907a1b-8b06-47c5-8bca-c781d9cddaf8,NA
4,19779081,19779081,1,snv_mnv,NA,NA,"broad,dkfz,muse,sanger",4,COSN7479819,NA,NA,FALSE,0.25,NA,13,39,NA,NA,NA,lincRNA,FALSE,FALSE,FALSE,FALSE,2,1,1,1_1,d4907a1b-8b06-47c5-8bca-c781d9cddaf8,NA
4,19803715,19803715,1,snv_mnv,NA,NA,"broad,dkfz,muse,sanger",4,COSN7479839,NA,NA,FALSE,0.1449,NA,10,59,NA,NA,NA,lincRNA,FALSE,FALSE,FALSE,FALSE,2,1,1,1_1,d4907a1b-8b06-47c5-8bca-c781d9cddaf8,NA
4,19836888,19836888,1,snv_mnv,NA,NA,"broad,dkfz,muse,sanger",4,COSN7479861,NA,THE1B,FALSE,0.1724,NA,10,48,NA,NA,NA,lincRNA,FALSE,FALSE,FALSE,FALSE,2,1,1,1_1,d4907a1b-8b06-47c5-8bca-c781d9cddaf8,NA
4,20458321,20458321,1,snv_mnv,1.9968e-4,rs555268995,"broad,dkfz,muse,sanger",4,COSN7480243,rs555268995,NA,FALSE,0.1695,NA,10,49,NA,NA,NA,Intron,FALSE,FALSE,FALSE,FALSE,2,1,1,1_1,d4907a1b-8b06-47c5-8bca-c781d9cddaf8,NA
4,21422914,21422914,1,snv_mnv,NA,NA,"broad,dkfz,muse,sanger",4,COSN7480763,NA,L1MA9,FALSE,0.1343,NA,9,58,NA,NA,NA,Intron,FALSE,FALSE,TRUE,FALSE,2,1,1,1_1,d4907a1b-8b06-47c5-8bca-c781d9cddaf8,NA
4,21917082,21917082,1,snv_mnv,NA,NA,"broad,dkfz,muse,sanger",4,COSN7481011,NA,MIRb,FALSE,0.2308,NA,15,50,NA,NA,NA,Intron,FALSE,FALSE,FALSE,FALSE,2,1,1,1_1,d4907a1b-8b06-47c5-8bca-c781d9cddaf8,NA
4,21987731,21987731,1,snv_mnv,NA,NA,"broad,dkfz,muse,sanger",4,COSN7481045,NA,NA,FALSE,0.25,NA,16,48,NA,NA,NA,RNA,FALSE,FALSE,FALSE,FALSE,2,1,1,1_1,d4907a1b-8b06-47c5-8bca-c781d9cddaf8,NA
4,23238091,23238091,1,snv_mnv,NA,NA,"broad,dkfz,muse,sanger",4,COSN7481465,NA,NA,FALSE,0.2222,NA,10,35,NA,NA,NA,lincRNA,FALSE,FALSE,FALSE,FALSE,2,1,1,1_1,d4907a1b-8b06-47c5-8bca-c781d9cddaf8,NA
4,24663211,24663211,1,snv_mnv,NA,NA,"broad,dkfz,muse,sanger",4,COSN7481916,NA,AluSz,FALSE,0.1077,NA,7,58,NA,NA,NA,lincRNA,FALSE,FALSE,FALSE,FALSE,2,1,1,1_1,d4907a1b-8b06-47c5-8bca-c781d9cddaf8,ATP5MGP3
4,26478245,26478245,1,snv_mnv,NA,NA,"broad,dkfz,muse,sanger",4,COSN7482360,NA,NA,FALSE,0.1471,NA,10,58,NA,NA,NA,IGR,FALSE,FALSE,FALSE,FALSE,2,1,1,1_1,d4907a1b-8b06-47c5-8bca-c781d9cddaf8,CCKAR
4,27597820,27597820,1,snv_mnv,NA,NA,"broad,dkfz,muse,sanger",4,COSN7482774,NA,MLT1J2,FALSE,0.1912,NA,13,55,NA,NA,NA,IGR,FALSE,FALSE,FALSE,FALSE,2,1,1,1_1,d4907a1b-8b06-47c5-8bca-c781d9cddaf8,NA
4,27718307,27718307,1,snv_mnv,NA,NA,"broad,dkfz,muse,sanger",4,COSN7482828,NA,NA,FALSE,0.1791,NA,12,55,NA,NA,NA,IGR,FALSE,FALSE,FALSE,FALSE,2,1,1,1_1,d4907a1b-8b06-47c5-8bca-c781d9cddaf8,NA
4,28026631,28026631,1,snv_mnv,NA,NA,"broad,dkfz,muse,sanger",4,COSN7483065,NA,NA,FALSE,0.2034,NA,12,47,NA,NA,NA,IGR,FALSE,FALSE,FALSE,FALSE,2,1,1,1_1,d4907a1b-8b06-47c5-8bca-c781d9cddaf8,NA
4,28438326,28438326,1,snv_mnv,NA,NA,"broad,dkfz,muse,sanger",4,COSN7483349,NA,MER4A,FALSE,0.1765,NA,12,56,NA,NA,NA,lincRNA,FALSE,FALSE,FALSE,FALSE,2,1,1,1_1,d4907a1b-8b06-47c5-8bca-c781d9cddaf8,NA
4,28503113,28503113,1,snv_mnv,NA,NA,"broad,dkfz,muse,sanger",4,COSN7483413,NA,NA,FALSE,0.2603,NA,19,54,NA,NA,NA,lincRNA,FALSE,FALSE,FALSE,FALSE,2,1,1,1_1,d4907a1b-8b06-47c5-8bca-c781d9cddaf8,NA
4,28633014,28633014,1,snv_mnv,NA,NA,"broad,muse,sanger",3,COSN7483511,NA,MER11A,FALSE,0.1356,NA,8,51,NA,NA,NA,IGR,FALSE,FALSE,FALSE,FALSE,2,1,1,1_1,d4907a1b-8b06-47c5-8bca-c781d9cddaf8,NA
4,29528447,29528447,1,snv_mnv,NA,NA,"broad,dkfz,muse,sanger",4,COSN7484336,NA,NA,FALSE,0.1125,NA,9,71,NA,NA,NA,IGR,FALSE,FALSE,FALSE,FALSE,2,1,1,1_1,d4907a1b-8b06-47c5-8bca-c781d9cddaf8,NA
4,29754280,29754280,1,snv_mnv,NA,NA,"broad,dkfz,muse,sanger",4,COSN9036396,NA,L1MCa,FALSE,0.2698,NA,17,46,NA,NA,NA,RNA,FALSE,FALSE,FALSE,FALSE,2,1,1,1_1,d4907a1b-8b06-47c5-8bca-c781d9cddaf8,NA
4,29824353,29824353,1,snv_mnv,NA,NA,"broad,dkfz,muse,sanger",4,COSN7484611,NA,L1PA7,FALSE,0.1772,NA,14,65,NA,NA,NA,IGR,FALSE,FALSE,FALSE,FALSE,2,1,1,1_1,d4907a1b-8b06-47c5-8bca-c781d9cddaf8,NA
4,30122936,30122936,1,snv_mnv,NA,NA,"broad,dkfz,muse,sanger",4,COSN7484875,NA,MIRb,FALSE,0.1591,NA,14,74,NA,NA,NA,IGR,FALSE,FALSE,FALSE,FALSE,2,1,1,1_1,d4907a1b-8b06-47c5-8bca-c781d9cddaf8,NA
4,30194244,30194244,1,snv_mnv,NA,NA,"broad,dkfz,muse,sanger",4,COSN7484933,NA,NA,FALSE,0.1923,NA,10,42,NA,NA,NA,IGR,FALSE,FALSE,FALSE,FALSE,2,1,1,1_1,d4907a1b-8b06-47c5-8bca-c781d9cddaf8,NA
4,30298146,30298146,1,snv_mnv,NA,NA,"broad,dkfz,muse,sanger",4,COSN7485015,NA,NA,FALSE,0.1493,NA,10,57,NA,NA,NA,IGR,FALSE,FALSE,FALSE,FALSE,2,1,1,1_1,d4907a1b-8b06-47c5-8bca-c781d9cddaf8,NA
4,30414428,30414428,1,snv_mnv,NA,NA,"broad,dkfz,muse,sanger",4,COSN7485085,NA,L1MB5,FALSE,0.2241,NA,13,45,NA,NA,NA,IGR,FALSE,FALSE,FALSE,FALSE,2,1,1,1_1,d4907a1b-8b06-47c5-8bca-c781d9cddaf8,NA
4,30461717,30461717,1,snv_mnv,NA,NA,"broad,dkfz,muse,sanger",4,COSN7485111,NA,NA,FALSE,0.25,NA,20,60,NA,NA,NA,IGR,FALSE,FALSE,FALSE,FALSE,2,1,1,1_1,d4907a1b-8b06-47c5-8bca-c781d9cddaf8,NA
4,31486008,31486008,1,snv_mnv,NA,NA,"broad,dkfz,muse",3,COSN7485464,NA,Kanga1,FALSE,0.1471,NA,10,58,NA,NA,NA,IGR,FALSE,FALSE,FALSE,FALSE,2,1,1,1_1,d4907a1b-8b06-47c5-8bca-c781d9cddaf8,NA
4,31629305,31629305,1,snv_mnv,NA,NA,"broad,dkfz,muse,sanger",4,COSN7485543,NA,NA,FALSE,0.2258,NA,14,48,NA,NA,NA,IGR,FALSE,FALSE,FALSE,FALSE,2,1,1,1_1,d4907a1b-8b06-47c5-8bca-c781d9cddaf8,NA
4,32126072,32126072,1,snv_mnv,NA,NA,"broad,dkfz,muse,sanger",4,COSN7485915,NA,NA,FALSE,0.2468,NA,19,58,NA,NA,NA,lincRNA,FALSE,FALSE,FALSE,FALSE,2,1,1,1_1,d4907a1b-8b06-47c5-8bca-c781d9cddaf8,NA
4,32470847,32470847,1,snv_mnv,NA,NA,"broad,dkfz,muse,sanger",4,COSN7486164,NA,NA,FALSE,0.1867,NA,14,61,NA,NA,NA,IGR,FALSE,FALSE,FALSE,FALSE,2,1,1,1_1,d4907a1b-8b06-47c5-8bca-c781d9cddaf8,NA
4,32800791,32800791,1,snv_mnv,NA,NA,"broad,dkfz,muse,sanger",4,COSN7486397,NA,MER66-int,FALSE,0.25,NA,15,45,NA,NA,NA,IGR,FALSE,FALSE,FALSE,FALSE,2,1,1,1_1,d4907a1b-8b06-47c5-8bca-c781d9cddaf8,NA
4,33067820,33067820,1,snv_mnv,NA,NA,"broad,dkfz,muse,sanger",4,COSN7486636,NA,NA,FALSE,0.2714,NA,19,51,NA,NA,NA,IGR,FALSE,FALSE,TRUE,FALSE,2,1,1,1_1,d4907a1b-8b06-47c5-8bca-c781d9cddaf8,NA
4,33281377,33281377,1,snv_mnv,NA,NA,"broad,dkfz,muse,sanger",4,COSN7486850,NA,NA,FALSE,0.1605,NA,13,68,NA,NA,NA,IGR,FALSE,FALSE,FALSE,FALSE,2,1,1,1_1,d4907a1b-8b06-47c5-8bca-c781d9cddaf8,NA
4,33593116,33593116,1,snv_mnv,NA,NA,"broad,dkfz,muse,sanger",4,COSN7487141,NA,LTR9,FALSE,0.1795,NA,14,64,NA,NA,NA,IGR,FALSE,FALSE,FALSE,FALSE,2,1,1,1_1,d4907a1b-8b06-47c5-8bca-c781d9cddaf8,NA
4,34000739,34000739,1,snv_mnv,NA,NA,"broad,dkfz,muse,sanger",4,COSN7487523,NA,NA,FALSE,0.1385,NA,9,56,NA,NA,NA,lincRNA,FALSE,FALSE,TRUE,FALSE,2,1,1,1_1,d4907a1b-8b06-47c5-8bca-c781d9cddaf8,NA
4,34078875,34078875,1,snv_mnv,NA,NA,"broad,muse,sanger",3,COSN7487619,NA,AluY,FALSE,0.2121,NA,7,26,NA,NA,NA,IGR,FALSE,FALSE,TRUE,FALSE,2,1,1,1_1,d4907a1b-8b06-47c5-8bca-c781d9cddaf8,NA
4,34241634,34241634,1,snv_mnv,NA,NA,"broad,dkfz,muse,sanger",4,COSN7487762,NA,NA,FALSE,0.2222,NA,14,49,NA,NA,NA,lincRNA,FALSE,FALSE,FALSE,FALSE,2,1,1,1_1,d4907a1b-8b06-47c5-8bca-c781d9cddaf8,NA
4,35011894,35011894,1,snv_mnv,NA,NA,"broad,dkfz,muse,sanger",4,COSN7488379,NA,L1ME2,FALSE,0.1948,NA,15,62,NA,NA,NA,IGR,FALSE,FALSE,TRUE,FALSE,2,1,1,1_1,d4907a1b-8b06-47c5-8bca-c781d9cddaf8,NA
4,35252742,35252742,1,snv_mnv,NA,NA,"broad,dkfz,muse,sanger",4,COSN7488559,NA,NA,FALSE,0.2133,NA,16,59,NA,NA,NA,IGR,FALSE,FALSE,FALSE,FALSE,2,1,1,1_1,d4907a1b-8b06-47c5-8bca-c781d9cddaf8,NA
4,35684656,35684656,1,snv_mnv,NA,NA,"broad,dkfz,muse,sanger",4,COSN7488867,NA,L1PA3,FALSE,0.1818,NA,8,36,NA,NA,NA,IGR,FALSE,FALSE,FALSE,FALSE,2,1,1,1_1,d4907a1b-8b06-47c5-8bca-c781d9cddaf8,NA
4,36317799,36317799,1,snv_mnv,NA,NA,"broad,dkfz,muse,sanger",4,COSN7489132,rs867989413,AluY,FALSE,0.1667,NA,9,45,NA,NA,NA,Intron,FALSE,FALSE,FALSE,FALSE,2,1,1,1_1,d4907a1b-8b06-47c5-8bca-c781d9cddaf8,NA
4,36441234,36441234,1,snv_mnv,0.0031949,rs112483628,"broad,dkfz,muse",3,COSN7489180,rs112483628,L1PA6,FALSE,0.1333,NA,10,65,NA,NA,NA,IGR,FALSE,FALSE,FALSE,FALSE,2,1,1,1_1,d4907a1b-8b06-47c5-8bca-c781d9cddaf8,NA
4,38962567,38962567,1,snv_mnv,NA,NA,"broad,dkfz,muse,sanger",4,COSN7489961,NA,NA,FALSE,0.3111,NA,14,31,NA,NA,NA,IGR,FALSE,FALSE,FALSE,FALSE,2,1,1,1_1,d4907a1b-8b06-47c5-8bca-c781d9cddaf8,NA
4,39455073,39455073,1,snv_mnv,NA,NA,"broad,dkfz,muse,sanger",4,COSN7490114,NA,AluJr4,FALSE,0.1833,NA,11,49,NA,NA,NA,IGR,FALSE,FALSE,FALSE,FALSE,2,1,1,1_1,d4907a1b-8b06-47c5-8bca-c781d9cddaf8,"RPL9,KLB"
4,41509764,41509764,1,snv_mnv,NA,NA,"broad,dkfz,muse,sanger",4,COSN7490629,NA,NA,FALSE,0.209,NA,14,53,NA,NA,NA,Intron,FALSE,FALSE,FALSE,FALSE,2,1,1,1_1,d4907a1b-8b06-47c5-8bca-c781d9cddaf8,NA
4,41837222,41837222,1,snv_mnv,NA,NA,"broad,dkfz,muse,sanger",4,COSN7490746,NA,NA,FALSE,0.14,NA,7,43,NA,NA,NA,IGR,FALSE,FALSE,FALSE,FALSE,2,1,1,1_1,d4907a1b-8b06-47c5-8bca-c781d9cddaf8,NA
4,42871306,42871306,1,snv_mnv,NA,NA,"broad,dkfz,muse,sanger",4,COSN7491119,NA,NA,FALSE,0.25,NA,16,48,NA,NA,NA,IGR,FALSE,FALSE,FALSE,FALSE,2,1,1,1_1,d4907a1b-8b06-47c5-8bca-c781d9cddaf8,NA
4,43526515,43526515,1,snv_mnv,NA,NA,"broad,dkfz,muse,sanger",4,COSN7491372,NA,L1MD,FALSE,0.25,NA,20,60,NA,NA,NA,IGR,FALSE,FALSE,FALSE,FALSE,2,1,1,1_1,d4907a1b-8b06-47c5-8bca-c781d9cddaf8,NA
4,43866704,43866704,1,snv_mnv,NA,NA,"broad,muse,sanger",3,COSN7491525,NA,MER3,FALSE,0.1273,NA,7,48,NA,NA,NA,RNA,FALSE,FALSE,TRUE,FALSE,2,1,1,1_1,d4907a1b-8b06-47c5-8bca-c781d9cddaf8,RN7SL193P
4,43970344,43970344,1,snv_mnv,NA,NA,"broad,dkfz,muse,sanger",4,COSN7491592,NA,MER1B,FALSE,0.1569,NA,8,43,NA,NA,NA,IGR,FALSE,FALSE,FALSE,FALSE,2,1,1,1_1,d4907a1b-8b06-47c5-8bca-c781d9cddaf8,NA
4,45106850,45106850,1,snv_mnv,NA,NA,"broad,dkfz,muse,sanger",4,COSN7492241,NA,L1ME4a,FALSE,0.2533,NA,19,56,NA,NA,NA,IGR,FALSE,FALSE,FALSE,FALSE,2,1,1,1_1,d4907a1b-8b06-47c5-8bca-c781d9cddaf8,NA
4,45259526,45259526,1,snv_mnv,NA,NA,"broad,dkfz,muse",3,COSN7492336,NA,NA,FALSE,0.1636,NA,9,46,NA,NA,NA,IGR,FALSE,FALSE,FALSE,FALSE,2,1,1,1_1,d4907a1b-8b06-47c5-8bca-c781d9cddaf8,NA
4,45500085,45500085,1,snv_mnv,NA,NA,"broad,dkfz,muse,sanger",4,COSN7492479,NA,MER11B,FALSE,0.2703,NA,10,27,NA,NA,NA,IGR,FALSE,FALSE,FALSE,FALSE,2,1,1,1_1,d4907a1b-8b06-47c5-8bca-c781d9cddaf8,NA
4,46313040,46313040,1,snv_mnv,NA,NA,"broad,dkfz,muse,sanger",4,COSN7492957,NA,NA,FALSE,0.1928,NA,16,67,NA,NA,NA,Intron,FALSE,FALSE,FALSE,FALSE,2,1,1,1_1,d4907a1b-8b06-47c5-8bca-c781d9cddaf8,GABRA2
4,46562487,46562487,1,snv_mnv,NA,NA,"broad,dkfz,muse,sanger",4,COSN7493100,NA,NA,FALSE,0.2432,NA,18,56,NA,NA,NA,IGR,FALSE,FALSE,FALSE,FALSE,2,1,1,1_1,d4907a1b-8b06-47c5-8bca-c781d9cddaf8,NA
4,47728650,47728650,1,snv_mnv,NA,NA,"broad,dkfz,muse,sanger",4,COSN7493677,NA,L1ME1,FALSE,0.1585,NA,13,69,NA,NA,NA,Intron,FALSE,FALSE,FALSE,FALSE,2,1,1,1_1,d4907a1b-8b06-47c5-8bca-c781d9cddaf8,NA
4,49093087,49093087,1,snv_mnv,NA,NA,"broad,muse",2,COSN7494022,NA,ALR/Alpha,FALSE,0.2576,NA,17,49,NA,NA,NA,IGR,FALSE,FALSE,FALSE,FALSE,2,1,1,1_1,d4907a1b-8b06-47c5-8bca-c781d9cddaf8,NA
4,53760481,53760481,1,snv_mnv,NA,NA,"broad,dkfz,muse,sanger",4,COSN7494875,NA,NA,FALSE,0.2286,NA,16,54,NA,NA,NA,Intron,FALSE,FALSE,FALSE,FALSE,2,1,1,1_1,d4907a1b-8b06-47c5-8bca-c781d9cddaf8,NA
4,53760951,53760951,1,snv_mnv,NA,NA,"broad,dkfz,muse,sanger",4,COSN7494876,NA,NA,FALSE,0.1837,NA,9,40,NA,NA,NA,Intron,FALSE,FALSE,FALSE,FALSE,2,1,1,1_1,d4907a1b-8b06-47c5-8bca-c781d9cddaf8,NA
4,53814422,53814422,1,snv_mnv,NA,NA,"broad,dkfz,muse,sanger",4,COSN7494894,NA,NA,FALSE,0.2712,NA,16,43,NA,NA,NA,Intron,FALSE,FALSE,FALSE,FALSE,2,1,1,1_1,d4907a1b-8b06-47c5-8bca-c781d9cddaf8,NA
4,55488619,55488619,1,snv_mnv,NA,NA,"broad,dkfz,muse,sanger",4,COSN7495368,NA,L2a,FALSE,0.2453,NA,13,40,NA,NA,NA,IGR,FALSE,FALSE,FALSE,FALSE,2,1,1,1_1,d4907a1b-8b06-47c5-8bca-c781d9cddaf8,NA
4,57798525,57798525,1,snv_mnv,NA,NA,"broad,dkfz,muse,sanger",4,COSN7496094,NA,NA,FALSE,0.2174,NA,15,54,NA,NA,NA,3'UTR,FALSE,FALSE,FALSE,FALSE,2,1,1,1_1,d4907a1b-8b06-47c5-8bca-c781d9cddaf8,REST
4,58376542,58376542,1,snv_mnv,NA,NA,"broad,dkfz,muse,sanger",4,COSN7496367,NA,L1PREC2,FALSE,0.2432,NA,18,56,NA,NA,NA,IGR,FALSE,FALSE,FALSE,FALSE,2,1,1,1_1,d4907a1b-8b06-47c5-8bca-c781d9cddaf8,NA
4,58458073,58458073,1,snv_mnv,1.9968e-4,rs557527184,"broad,dkfz,muse,sanger",4,COSN7496417,rs557527184,NA,FALSE,0.2429,NA,17,53,NA,NA,NA,IGR,FALSE,FALSE,FALSE,FALSE,2,1,1,1_1,d4907a1b-8b06-47c5-8bca-c781d9cddaf8,AC107396.1
4,58975096,58975096,1,snv_mnv,NA,NA,"broad,dkfz,muse,sanger",4,COSN7496843,NA,NA,FALSE,0.1842,NA,14,62,NA,NA,NA,IGR,FALSE,FALSE,FALSE,FALSE,2,1,1,1_1,d4907a1b-8b06-47c5-8bca-c781d9cddaf8,NA
4,59030396,59030396,1,snv_mnv,NA,NA,"broad,dkfz,muse,sanger",4,COSN7496882,NA,NA,FALSE,0.2258,NA,14,48,NA,NA,NA,IGR,FALSE,FALSE,TRUE,FALSE,2,1,1,1_1,d4907a1b-8b06-47c5-8bca-c781d9cddaf8,NA
4,59190556,59190556,1,snv_mnv,NA,NA,"broad,dkfz,muse,sanger",4,COSN7497016,NA,NA,FALSE,0.2063,NA,13,50,NA,NA,NA,IGR,FALSE,FALSE,FALSE,FALSE,2,1,1,1_1,d4907a1b-8b06-47c5-8bca-c781d9cddaf8,NA
4,59572275,59572275,1,snv_mnv,NA,NA,"broad,dkfz,muse,sanger",4,COSN7497280,rs758515880,THE1B,FALSE,0.1333,NA,8,52,NA,NA,NA,IGR,FALSE,FALSE,FALSE,FALSE,2,1,1,1_1,d4907a1b-8b06-47c5-8bca-c781d9cddaf8,NA
4,60110367,60110367,1,snv_mnv,NA,NA,"broad,dkfz,muse,sanger",4,COSN7497652,NA,AluY,FALSE,0.1452,NA,9,53,NA,NA,NA,IGR,FALSE,FALSE,FALSE,FALSE,2,1,1,1_1,d4907a1b-8b06-47c5-8bca-c781d9cddaf8,NA
4,60170961,60170961,1,snv_mnv,NA,NA,"broad,dkfz,muse,sanger",4,COSN7497703,NA,L1MB7,FALSE,0.2973,NA,22,52,NA,NA,NA,IGR,FALSE,FALSE,FALSE,FALSE,2,1,1,1_1,d4907a1b-8b06-47c5-8bca-c781d9cddaf8,NA
4,60897226,60897226,1,snv_mnv,NA,NA,"broad,dkfz,muse,sanger",4,COSN7498240,NA,L1MB3,FALSE,0.1687,NA,14,69,NA,NA,NA,IGR,FALSE,FALSE,TRUE,FALSE,2,1,1,1_1,d4907a1b-8b06-47c5-8bca-c781d9cddaf8,NA
4,60909371,60909371,1,snv_mnv,NA,NA,"broad,dkfz,muse,sanger",4,COSN7498256,NA,L1MEd,FALSE,0.2,NA,12,48,NA,NA,NA,IGR,FALSE,FALSE,FALSE,FALSE,2,1,1,1_1,d4907a1b-8b06-47c5-8bca-c781d9cddaf8,NA
4,61190804,61190804,1,snv_mnv,NA,NA,"broad,dkfz,muse,sanger",4,COSN7498496,NA,NA,FALSE,0.1429,NA,10,60,NA,NA,NA,IGR,FALSE,FALSE,FALSE,FALSE,2,1,1,1_1,d4907a1b-8b06-47c5-8bca-c781d9cddaf8,NA
4,61190815,61190815,1,snv_mnv,NA,NA,"broad,dkfz,muse,sanger",4,COSN7498498,NA,NA,FALSE,0.1507,NA,11,62,NA,NA,NA,IGR,FALSE,FALSE,FALSE,FALSE,2,1,1,1_1,d4907a1b-8b06-47c5-8bca-c781d9cddaf8,NA
4,61241906,61241906,1,snv_mnv,NA,NA,"broad,dkfz,muse,sanger",4,COSN7498532,NA,AluSg,FALSE,0.1522,NA,7,39,NA,NA,NA,IGR,FALSE,FALSE,FALSE,FALSE,2,1,1,1_1,d4907a1b-8b06-47c5-8bca-c781d9cddaf8,NA
4,61459606,61459606,1,snv_mnv,NA,NA,"broad,dkfz,muse,sanger",4,COSN7498685,NA,MLT1I,FALSE,0.1296,NA,7,47,NA,NA,NA,IGR,FALSE,FALSE,FALSE,FALSE,2,1,1,1_1,d4907a1b-8b06-47c5-8bca-c781d9cddaf8,NA
4,61527604,61527604,1,snv_mnv,1.9968e-4,rs551767887,"broad,dkfz,muse,sanger",4,COSN7498723,rs551767887,THE1C,FALSE,0.1864,NA,11,48,NA,NA,NA,RNA,FALSE,FALSE,FALSE,FALSE,2,1,1,1_1,d4907a1b-8b06-47c5-8bca-c781d9cddaf8,NA
4,62868810,62868810,1,snv_mnv,NA,NA,"broad,dkfz,muse,sanger",4,COSN7499378,NA,NA,FALSE,0.2667,NA,20,55,NA,NA,NA,Intron,FALSE,FALSE,TRUE,FALSE,2,1,1,1_1,d4907a1b-8b06-47c5-8bca-c781d9cddaf8,NA
4,63187974,63187974,1,snv_mnv,NA,NA,"broad,dkfz,muse,sanger",4,COSN7499567,NA,NA,FALSE,0.2208,NA,17,60,NA,NA,NA,IGR,FALSE,FALSE,FALSE,FALSE,2,1,1,1_1,d4907a1b-8b06-47c5-8bca-c781d9cddaf8,NA
4,63360145,63360145,1,snv_mnv,NA,NA,"broad,dkfz,muse,sanger",4,COSN7499680,NA,THE1B-int,FALSE,0.2,NA,13,52,NA,NA,NA,IGR,FALSE,FALSE,FALSE,FALSE,2,1,1,1_1,d4907a1b-8b06-47c5-8bca-c781d9cddaf8,AC074087.1
4,63360146,63360146,1,snv_mnv,NA,NA,"broad,dkfz,muse,sanger",4,COSN7499681,NA,THE1B-int,FALSE,0.2121,NA,14,52,NA,NA,NA,IGR,FALSE,FALSE,FALSE,FALSE,2,1,1,1_1,d4907a1b-8b06-47c5-8bca-c781d9cddaf8,AC074087.1
4,63389653,63389653,1,snv_mnv,NA,NA,"broad,dkfz,muse,sanger",4,COSN7499703,NA,THE1A,FALSE,0.2154,NA,14,51,NA,NA,NA,IGR,FALSE,FALSE,FALSE,FALSE,2,1,1,1_1,d4907a1b-8b06-47c5-8bca-c781d9cddaf8,NA
4,63406718,63406718,1,snv_mnv,NA,NA,"broad,dkfz,muse,sanger",4,COSN7499716,NA,L1MC1,FALSE,0.2754,NA,19,50,NA,NA,NA,IGR,FALSE,FALSE,FALSE,FALSE,2,1,1,1_1,d4907a1b-8b06-47c5-8bca-c781d9cddaf8,NA
4,63681514,63681514,1,snv_mnv,NA,NA,"broad,dkfz,muse,sanger",4,COSN7499896,NA,NA,FALSE,0.0635,NA,4,59,NA,NA,NA,IGR,FALSE,FALSE,FALSE,FALSE,2,1,1,1_1,d4907a1b-8b06-47c5-8bca-c781d9cddaf8,EXOC5P1
4,64087650,64087650,1,snv_mnv,NA,NA,"broad,dkfz,muse,sanger",4,COSN7500249,NA,AluSc,FALSE,0.2769,NA,18,47,NA,NA,NA,IGR,FALSE,FALSE,FALSE,FALSE,2,1,1,1_1,d4907a1b-8b06-47c5-8bca-c781d9cddaf8,NA
4,64314434,64314434,1,snv_mnv,NA,NA,"broad,dkfz,muse,sanger",4,COSN7500422,NA,NA,FALSE,0.1935,NA,12,50,NA,NA,NA,IGR,FALSE,FALSE,FALSE,FALSE,2,1,1,1_1,d4907a1b-8b06-47c5-8bca-c781d9cddaf8,NA
4,64398071,64398071,1,snv_mnv,NA,NA,"broad,dkfz,muse,sanger",4,COSN7500508,NA,LTR49-int,FALSE,0.2182,NA,12,43,NA,NA,NA,IGR,FALSE,FALSE,FALSE,FALSE,2,1,1,1_1,d4907a1b-8b06-47c5-8bca-c781d9cddaf8,NA
4,64461178,64461178,1,snv_mnv,NA,NA,"broad,dkfz,muse,sanger",4,COSN7500558,NA,L1PA6,FALSE,0.1129,NA,7,55,NA,NA,NA,IGR,FALSE,FALSE,FALSE,FALSE,2,1,1,1_1,d4907a1b-8b06-47c5-8bca-c781d9cddaf8,NA
4,65573751,65573751,1,snv_mnv,NA,NA,"broad,dkfz,muse,sanger",4,COSN7501234,NA,L1M4,FALSE,0.2642,NA,14,39,NA,NA,NA,IGR,FALSE,FALSE,FALSE,FALSE,2,1,1,1_1,d4907a1b-8b06-47c5-8bca-c781d9cddaf8,NA
4,65637110,65637110,1,snv_mnv,NA,NA,"broad,dkfz,muse,sanger",4,COSN7501274,NA,NA,FALSE,0.1719,NA,11,53,NA,NA,NA,IGR,FALSE,FALSE,FALSE,FALSE,2,1,1,1_1,d4907a1b-8b06-47c5-8bca-c781d9cddaf8,AC104689.1
4,66376601,66376601,1,snv_mnv,NA,NA,"broad,dkfz,muse,sanger",4,COSN7501766,NA,MLT1A,FALSE,0.1746,NA,11,52,NA,NA,NA,Intron,FALSE,FALSE,TRUE,FALSE,2,1,1,1_1,d4907a1b-8b06-47c5-8bca-c781d9cddaf8,NA
4,66616074,66616074,1,snv_mnv,NA,NA,"broad,dkfz,muse,sanger",4,COSN7501943,NA,NA,FALSE,0.2881,NA,17,42,NA,NA,NA,IGR,FALSE,FALSE,FALSE,FALSE,2,1,1,1_1,d4907a1b-8b06-47c5-8bca-c781d9cddaf8,NA
4,66994581,66994581,1,snv_mnv,NA,NA,"broad,dkfz,muse,sanger",4,COSN7502237,NA,NA,FALSE,0.1509,NA,8,45,NA,NA,NA,lincRNA,FALSE,FALSE,FALSE,FALSE,2,1,1,1_1,d4907a1b-8b06-47c5-8bca-c781d9cddaf8,NA
4,67580822,67580822,1,snv_mnv,NA,NA,"broad,dkfz,muse,sanger",4,COSN7502634,NA,L1PA7,FALSE,0.1695,NA,10,49,NA,NA,NA,IGR,FALSE,FALSE,FALSE,FALSE,2,1,1,1_1,d4907a1b-8b06-47c5-8bca-c781d9cddaf8,NA
4,68011549,68011549,1,snv_mnv,NA,NA,"broad,dkfz,muse,sanger",4,COSN7502910,NA,NA,FALSE,0.2933,NA,22,53,NA,NA,NA,IGR,FALSE,FALSE,FALSE,FALSE,2,1,1,1_1,d4907a1b-8b06-47c5-8bca-c781d9cddaf8,NA
4,69947019,69947019,1,snv_mnv,NA,NA,"broad,dkfz,muse,sanger",4,COSN7503526,NA,NA,FALSE,0.2424,NA,16,50,NA,NA,NA,Intron,FALSE,FALSE,FALSE,FALSE,2,1,1,1_1,d4907a1b-8b06-47c5-8bca-c781d9cddaf8,NA
4,70068536,70068536,1,snv_mnv,NA,NA,"broad,muse,sanger",3,COSN7503563,NA,L1ME3A,FALSE,0.1667,NA,13,65,NA,NA,NA,Intron,FALSE,FALSE,TRUE,FALSE,2,1,1,1_1,d4907a1b-8b06-47c5-8bca-c781d9cddaf8,UGT2B11
4,70331719,70331719,1,snv_mnv,NA,NA,"broad,dkfz,muse,sanger",4,COSN7503638,NA,MER57-int,FALSE,0.2857,NA,14,35,NA,NA,NA,IGR,FALSE,FALSE,FALSE,FALSE,2,1,1,1_1,d4907a1b-8b06-47c5-8bca-c781d9cddaf8,NA
4,71123202,71123202,1,snv_mnv,NA,NA,"broad,dkfz,muse,sanger",4,COSN7503826,NA,NA,FALSE,0.2,NA,13,52,NA,NA,NA,IGR,FALSE,FALSE,FALSE,FALSE,2,1,1,1_1,d4907a1b-8b06-47c5-8bca-c781d9cddaf8,NA
4,71246378,71246378,1,snv_mnv,9.984e-4,rs566591704,"broad,dkfz,muse,sanger",4,COSN7503852,rs566591704,NA,FALSE,0.1579,NA,12,64,NA,NA,NA,Intron,FALSE,FALSE,FALSE,FALSE,2,1,1,1_1,d4907a1b-8b06-47c5-8bca-c781d9cddaf8,SMR3B
4,71598990,71598990,1,snv_mnv,NA,NA,"broad,dkfz,muse,sanger",4,COSN7503963,NA,NA,FALSE,0.2115,NA,11,41,NA,NA,NA,Intron,FALSE,FALSE,FALSE,FALSE,2,1,1,1_1,d4907a1b-8b06-47c5-8bca-c781d9cddaf8,RUFY3
4,73516728,73516728,1,snv_mnv,NA,NA,"broad,dkfz,muse,sanger",4,COSN7504474,NA,L2a,FALSE,0.2462,NA,16,49,NA,NA,NA,IGR,FALSE,FALSE,FALSE,FALSE,2,1,1,1_1,d4907a1b-8b06-47c5-8bca-c781d9cddaf8,NA
4,73719791,73719791,1,snv_mnv,NA,NA,"broad,dkfz,muse,sanger",4,COSN7504585,NA,L1PA7,FALSE,0.017857,NA,1,55,NA,NA,NA,IGR,FALSE,FALSE,TRUE,FALSE,2,1,1,1_1,d4907a1b-8b06-47c5-8bca-c781d9cddaf8,NA
4,74457168,74457168,1,snv_mnv,NA,NA,"broad,dkfz,muse,sanger",4,COSN7504789,NA,NA,FALSE,0.1892,NA,14,60,NA,NA,NA,Intron,FALSE,FALSE,FALSE,FALSE,2,1,1,1_1,d4907a1b-8b06-47c5-8bca-c781d9cddaf8,NA
4,74935765,74935765,1,snv_mnv,NA,NA,"broad,muse,sanger",3,COSN7504892,NA,MER9a3,FALSE,0.1739,NA,12,57,NA,NA,NA,IGR,FALSE,FALSE,FALSE,FALSE,2,1,1,1_1,d4907a1b-8b06-47c5-8bca-c781d9cddaf8,NA
4,80250098,80250098,1,snv_mnv,NA,NA,"broad,dkfz,muse,sanger",4,COSN7844048,rs745517115,NA,FALSE,0.2553,NA,12,35,NA,NA,NA,5'Flank,FALSE,FALSE,FALSE,FALSE,2,1,1,1_1,d4907a1b-8b06-47c5-8bca-c781d9cddaf8,NAA11
4,80451606,80451606,1,snv_mnv,NA,NA,"broad,dkfz,muse,sanger",4,COSN7844150,NA,MLT1K,FALSE,0.1429,NA,7,42,NA,NA,NA,lincRNA,FALSE,FALSE,FALSE,FALSE,2,1,1,1_1,d4907a1b-8b06-47c5-8bca-c781d9cddaf8,NA
4,80469366,80469366,1,snv_mnv,NA,NA,"broad,dkfz,muse,sanger",4,COSN7844159,NA,NA,FALSE,0.2206,NA,15,53,NA,NA,NA,lincRNA,FALSE,FALSE,FALSE,FALSE,2,1,1,1_1,d4907a1b-8b06-47c5-8bca-c781d9cddaf8,NA
4,81591118,81591118,1,snv_mnv,NA,NA,"broad,dkfz,muse,sanger",4,COSN7844529,NA,NA,FALSE,0.1935,NA,12,50,NA,NA,NA,Intron,FALSE,FALSE,FALSE,FALSE,2,1,1,1_1,d4907a1b-8b06-47c5-8bca-c781d9cddaf8,NA
4,82837257,82837257,1,snv_mnv,NA,NA,"broad,dkfz,muse,sanger",4,COSN7844904,NA,NA,FALSE,0.1233,NA,9,64,NA,NA,NA,lincRNA,FALSE,FALSE,FALSE,FALSE,2,1,1,1_1,d4907a1b-8b06-47c5-8bca-c781d9cddaf8,COX5BP1
4,82859359,82859359,1,snv_mnv,NA,NA,"broad,dkfz,muse,sanger",4,COSN7844908,NA,L1MA5,FALSE,0.2,NA,15,60,NA,NA,NA,lincRNA,FALSE,FALSE,FALSE,FALSE,2,1,1,1_1,d4907a1b-8b06-47c5-8bca-c781d9cddaf8,NA
4,82859370,82859370,1,snv_mnv,NA,NA,"broad,dkfz,muse,sanger",4,COSN7844909,NA,L1MA5,FALSE,0.2143,NA,15,55,NA,NA,NA,lincRNA,FALSE,FALSE,FALSE,FALSE,2,1,1,1_1,d4907a1b-8b06-47c5-8bca-c781d9cddaf8,NA
4,83070616,83070616,1,snv_mnv,NA,NA,"broad,muse,sanger",3,COSN7844974,NA,NA,FALSE,0.141,NA,11,67,NA,NA,NA,IGR,FALSE,FALSE,FALSE,FALSE,2,1,1,1_1,d4907a1b-8b06-47c5-8bca-c781d9cddaf8,NA
4,85111479,85111479,1,snv_mnv,NA,NA,"broad,dkfz,muse,sanger",4,COSN7845541,NA,L2a,FALSE,0.2353,NA,12,39,NA,NA,NA,IGR,FALSE,FALSE,FALSE,FALSE,2,1,1,1_1,d4907a1b-8b06-47c5-8bca-c781d9cddaf8,NA
4,85539316,85539316,1,snv_mnv,NA,NA,"broad,dkfz,muse,sanger",4,COSN7845722,NA,NA,FALSE,0.1667,NA,10,50,NA,NA,NA,Intron,FALSE,FALSE,FALSE,FALSE,2,1,1,1_1,d4907a1b-8b06-47c5-8bca-c781d9cddaf8,NA
4,85609177,85609177,1,snv_mnv,NA,NA,"broad,dkfz,muse,sanger",4,COSN7845740,NA,NA,FALSE,0.2,NA,11,44,NA,NA,NA,Intron,FALSE,FALSE,FALSE,FALSE,2,1,1,1_1,d4907a1b-8b06-47c5-8bca-c781d9cddaf8,"WDFY3,RN7SL552P"
4,86234601,86234601,1,snv_mnv,NA,NA,"broad,dkfz,muse,sanger",4,COSN7845918,NA,L1PB2,FALSE,0.1512,NA,13,73,NA,NA,NA,IGR,FALSE,FALSE,TRUE,FALSE,2,1,1,1_1,d4907a1b-8b06-47c5-8bca-c781d9cddaf8,NA
4,88066039,88066039,1,snv_mnv,NA,NA,"broad,dkfz,muse,sanger",4,COSN7846448,NA,NA,FALSE,0.1622,NA,12,62,NA,NA,NA,IGR,FALSE,FALSE,FALSE,FALSE,2,1,1,1_1,d4907a1b-8b06-47c5-8bca-c781d9cddaf8,AFF1
4,88088334,88088334,1,snv_mnv,NA,NA,"broad,dkfz,muse,sanger",4,COSN7846455,NA,NA,FALSE,0.2059,NA,14,54,NA,NA,NA,Intron,FALSE,FALSE,FALSE,FALSE,2,1,1,1_1,d4907a1b-8b06-47c5-8bca-c781d9cddaf8,KLHL8
4,88254234,88254234,1,snv_mnv,NA,NA,"broad,dkfz,muse,sanger",4,COSN7846496,NA,L1PA14,FALSE,0.1714,NA,12,58,NA,NA,NA,RNA,FALSE,FALSE,FALSE,FALSE,2,1,1,1_1,d4907a1b-8b06-47c5-8bca-c781d9cddaf8,HSD17B11
4,88720375,88720375,1,snv_mnv,7.9872e-4,rs566269496,"broad,dkfz,muse",3,COSN7846635,rs566269496,NA,FALSE,0.1714,NA,12,58,NA,NA,NA,5'Flank,FALSE,FALSE,FALSE,FALSE,2,1,1,1_1,d4907a1b-8b06-47c5-8bca-c781d9cddaf8,IBSP
4,89219154,89219154,1,snv_mnv,NA,NA,"broad,dkfz,muse,sanger",4,COSN7846811,NA,MLT1H,FALSE,0.1887,NA,10,43,NA,NA,NA,lincRNA,FALSE,FALSE,FALSE,FALSE,2,1,1,1_1,d4907a1b-8b06-47c5-8bca-c781d9cddaf8,NA
4,90229878,90229878,1,snv_mnv,NA,NA,"broad,dkfz,muse,sanger",4,COSN7847071,NA,MIRb,FALSE,0.1538,NA,10,55,NA,NA,NA,5'Flank,FALSE,FALSE,FALSE,FALSE,2,1,1,1_1,d4907a1b-8b06-47c5-8bca-c781d9cddaf8,GPRIN3
4,90739395,90739395,1,snv_mnv,NA,NA,"broad,dkfz,muse,sanger",4,COSN7847236,NA,NA,FALSE,0.1972,NA,14,57,NA,NA,NA,Intron,FALSE,FALSE,TRUE,FALSE,2,1,1,1_1,d4907a1b-8b06-47c5-8bca-c781d9cddaf8,SNCA
4,91126340,91126340,1,snv_mnv,NA,NA,"broad,muse,sanger",3,COSN7847341,NA,L1PA7,FALSE,0.2429,NA,17,53,NA,NA,NA,Intron,FALSE,FALSE,FALSE,FALSE,2,1,1,1_1,d4907a1b-8b06-47c5-8bca-c781d9cddaf8,NA
4,91585904,91585904,1,snv_mnv,NA,NA,"broad,dkfz,muse,sanger",4,COSN7847488,NA,AluSp,FALSE,0.2281,NA,13,44,NA,NA,NA,Intron,FALSE,FALSE,FALSE,FALSE,2,1,1,1_1,d4907a1b-8b06-47c5-8bca-c781d9cddaf8,NA
4,91741379,91741379,1,snv_mnv,NA,NA,"broad,dkfz,muse,sanger",4,COSN7847541,NA,MIR3,FALSE,0.1791,NA,12,55,NA,NA,NA,Intron,FALSE,FALSE,FALSE,FALSE,2,1,1,1_1,d4907a1b-8b06-47c5-8bca-c781d9cddaf8,NA
4,91742092,91742092,1,snv_mnv,NA,NA,"broad,dkfz,muse,sanger",4,COSN7847543,NA,NA,FALSE,0.0986,NA,7,64,NA,NA,NA,Intron,FALSE,FALSE,TRUE,FALSE,2,1,1,1_1,d4907a1b-8b06-47c5-8bca-c781d9cddaf8,NA
4,92016724,92016724,1,snv_mnv,NA,NA,"broad,dkfz,muse,sanger",4,COSN7847689,NA,HERVE_a-int,FALSE,0.2985,NA,20,47,NA,NA,NA,Intron,FALSE,FALSE,FALSE,FALSE,2,1,1,1_1,d4907a1b-8b06-47c5-8bca-c781d9cddaf8,NA
4,92634238,92634238,1,snv_mnv,NA,NA,"broad,dkfz,muse,sanger",4,COSN7847921,NA,L1M3b,FALSE,0.2113,NA,15,56,NA,NA,NA,IGR,FALSE,FALSE,TRUE,FALSE,2,1,1,1_1,d4907a1b-8b06-47c5-8bca-c781d9cddaf8,NA
4,93882888,93882888,1,snv_mnv,NA,NA,"broad,dkfz,muse,sanger",4,COSN7848455,NA,L1MC1,FALSE,0.1918,NA,14,59,NA,NA,NA,Intron,FALSE,FALSE,FALSE,FALSE,2,1,1,1_1,d4907a1b-8b06-47c5-8bca-c781d9cddaf8,NA
4,94335208,94335208,1,snv_mnv,NA,NA,"broad,dkfz,muse,sanger",4,COSN7848680,NA,NA,FALSE,0.1875,NA,12,52,NA,NA,NA,Intron,FALSE,FALSE,FALSE,FALSE,2,1,1,1_1,d4907a1b-8b06-47c5-8bca-c781d9cddaf8,NA
4,97759769,97759769,1,snv_mnv,NA,NA,"broad,dkfz,muse,sanger",4,COSN7850194,NA,NA,FALSE,0.1974,NA,15,61,NA,NA,NA,IGR,FALSE,FALSE,FALSE,FALSE,2,1,1,1_1,d4907a1b-8b06-47c5-8bca-c781d9cddaf8,NA
4,97944636,97944636,1,snv_mnv,NA,NA,"broad,dkfz,muse,sanger",4,COSN7850291,NA,L2c,FALSE,0.1167,NA,7,53,NA,NA,NA,IGR,FALSE,FALSE,TRUE,FALSE,2,1,1,1_1,d4907a1b-8b06-47c5-8bca-c781d9cddaf8,NA
4,98786676,98786676,1,snv_mnv,NA,NA,"broad,dkfz,muse,sanger",4,COSN7850681,NA,L1PA5,FALSE,0.25,NA,15,45,NA,NA,NA,Intron,FALSE,FALSE,FALSE,FALSE,2,1,1,1_1,d4907a1b-8b06-47c5-8bca-c781d9cddaf8,NA
4,100403352,100403352,1,snv_mnv,NA,NA,"broad,dkfz,muse,sanger",4,COSN7720626,NA,L1PA15,FALSE,0.1509,NA,8,45,NA,NA,NA,IGR,FALSE,FALSE,FALSE,FALSE,2,1,1,1_1,d4907a1b-8b06-47c5-8bca-c781d9cddaf8,NA
4,101301466,101301466,1,snv_mnv,NA,NA,"broad,dkfz,muse,sanger",4,COSN7720876,NA,L1PBa1,FALSE,0.1356,NA,8,51,NA,NA,NA,IGR,FALSE,FALSE,FALSE,FALSE,2,1,1,1_1,d4907a1b-8b06-47c5-8bca-c781d9cddaf8,NA
4,102307538,102307538,1,snv_mnv,NA,NA,"broad,dkfz,muse,sanger",4,COSN7721153,NA,L1PB1,FALSE,0.1176,NA,10,75,NA,NA,NA,IGR,FALSE,FALSE,FALSE,FALSE,2,1,1,1_1,d4907a1b-8b06-47c5-8bca-c781d9cddaf8,NA
4,104192458,104192458,1,snv_mnv,NA,NA,"broad,dkfz,muse,sanger",4,COSN7721624,NA,ERVL-B4-int,FALSE,0.1316,NA,10,66,NA,NA,NA,IGR,FALSE,FALSE,FALSE,FALSE,2,1,1,1_1,d4907a1b-8b06-47c5-8bca-c781d9cddaf8,NA
4,104841754,104841754,1,snv_mnv,NA,NA,"broad,dkfz,muse,sanger",4,COSN7721879,NA,L1MA2,FALSE,0.15,NA,12,68,NA,NA,NA,IGR,FALSE,FALSE,FALSE,FALSE,2,1,1,1_1,d4907a1b-8b06-47c5-8bca-c781d9cddaf8,RNU6-635P
4,105458588,105458588,1,snv_mnv,NA,NA,"broad,dkfz,muse,sanger",4,COSN19264240,rs769807796,L1ME4a,FALSE,0.1818,NA,16,72,NA,NA,NA,RNA,FALSE,FALSE,FALSE,FALSE,2,1,1,1_1,d4907a1b-8b06-47c5-8bca-c781d9cddaf8,NA
4,105647317,105647317,1,snv_mnv,NA,NA,"broad,dkfz,muse,sanger",4,COSN7722171,NA,NA,FALSE,0.1286,NA,9,61,NA,NA,NA,lincRNA,FALSE,FALSE,FALSE,FALSE,2,1,1,1_1,d4907a1b-8b06-47c5-8bca-c781d9cddaf8,NA
4,107542405,107542405,1,snv_mnv,NA,NA,"broad,dkfz,muse,sanger",4,COSN7722646,NA,NA,FALSE,0.2319,NA,16,53,NA,NA,NA,IGR,FALSE,FALSE,TRUE,FALSE,2,1,1,1_1,d4907a1b-8b06-47c5-8bca-c781d9cddaf8,NA
4,107939387,107939387,1,snv_mnv,NA,NA,"broad,dkfz,muse,sanger",4,COSN7722860,NA,NA,FALSE,0.2338,NA,18,59,NA,NA,NA,Intron,FALSE,FALSE,FALSE,FALSE,2,1,1,1_1,d4907a1b-8b06-47c5-8bca-c781d9cddaf8,NA
4,108203259,108203259,1,snv_mnv,NA,NA,"broad,dkfz,muse,sanger",4,COSN7722972,NA,MIR,FALSE,0.2208,NA,17,60,NA,NA,NA,Intron,FALSE,FALSE,FALSE,FALSE,2,1,1,1_1,d4907a1b-8b06-47c5-8bca-c781d9cddaf8,NA
4,109089238,109089238,1,snv_mnv,NA,NA,"broad,dkfz,muse,sanger",4,COSN7723219,NA,NA,FALSE,0.1923,NA,10,42,NA,NA,NA,5'UTR,FALSE,FALSE,FALSE,FALSE,2,1,1,1_1,d4907a1b-8b06-47c5-8bca-c781d9cddaf8,"LEF1,LEF1-AS1"
4,109157548,109157548,1,snv_mnv,NA,NA,"broad,dkfz,muse,sanger",4,COSN7723241,NA,L2,FALSE,0.1311,NA,8,53,NA,NA,NA,RNA,FALSE,FALSE,FALSE,FALSE,2,1,1,1_1,d4907a1b-8b06-47c5-8bca-c781d9cddaf8,NA
4,110226157,110226157,1,snv_mnv,NA,NA,"broad,dkfz,muse,sanger",4,COSN7723651,NA,NA,FALSE,0.2203,NA,13,46,NA,NA,NA,5'Flank,FALSE,FALSE,FALSE,FALSE,2,1,1,1_1,d4907a1b-8b06-47c5-8bca-c781d9cddaf8,COL25A1
4,111506654,111506654,1,snv_mnv,NA,NA,"broad,dkfz,muse,sanger",4,COSN7724062,NA,AluSc8,FALSE,0.3621,NA,21,37,NA,NA,NA,IGR,FALSE,FALSE,FALSE,FALSE,2,1,1,1_1,d4907a1b-8b06-47c5-8bca-c781d9cddaf8,NA
4,112326493,112326493,1,snv_mnv,NA,NA,"broad,dkfz,muse,sanger",4,COSN7724505,NA,NA,FALSE,0.25,NA,15,45,NA,NA,NA,IGR,FALSE,FALSE,FALSE,FALSE,2,1,1,1_1,d4907a1b-8b06-47c5-8bca-c781d9cddaf8,NA
4,113255270,113255270,1,snv_mnv,NA,NA,"broad,dkfz,muse,sanger",4,COSN7724872,NA,NA,FALSE,0.1964,NA,11,45,NA,NA,NA,Intron,FALSE,FALSE,FALSE,FALSE,2,1,1,1_1,d4907a1b-8b06-47c5-8bca-c781d9cddaf8,NA
4,113647110,113647110,1,snv_mnv,NA,NA,"broad,dkfz,muse,sanger",4,COSN7724991,NA,L2a,FALSE,0.26,NA,13,37,NA,NA,NA,IGR,FALSE,FALSE,FALSE,FALSE,2,1,1,1_1,d4907a1b-8b06-47c5-8bca-c781d9cddaf8,NA
4,113694896,113694896,1,snv_mnv,NA,NA,"broad,dkfz,muse,sanger",4,COSN7725010,NA,NA,FALSE,0.2,NA,16,64,NA,NA,NA,IGR,FALSE,FALSE,FALSE,FALSE,2,1,1,1_1,d4907a1b-8b06-47c5-8bca-c781d9cddaf8,NA
4,114193788,114193788,1,snv_mnv,NA,NA,"broad,dkfz,muse,sanger",4,COSN7725208,NA,NA,FALSE,0.1818,NA,14,63,NA,NA,NA,Intron,FALSE,FALSE,FALSE,FALSE,2,1,1,1_1,d4907a1b-8b06-47c5-8bca-c781d9cddaf8,NA
4,114308851,114308851,1,snv_mnv,NA,NA,"broad,dkfz,muse,sanger",4,COSN7725237,NA,MER4C,FALSE,0.2131,NA,13,48,NA,NA,NA,IGR,FALSE,FALSE,FALSE,FALSE,2,1,1,1_1,d4907a1b-8b06-47c5-8bca-c781d9cddaf8,ANK2
4,116283428,116283428,1,snv_mnv,NA,NA,"broad,dkfz,muse,sanger",4,COSN7725857,NA,L1M5,FALSE,0.1098,NA,9,73,NA,NA,NA,IGR,FALSE,FALSE,FALSE,FALSE,2,1,1,1_1,d4907a1b-8b06-47c5-8bca-c781d9cddaf8,NA
4,116573900,116573900,1,snv_mnv,NA,NA,"broad,muse,sanger",3,COSN7726007,NA,L1P2,FALSE,0.1887,NA,10,43,NA,NA,NA,IGR,FALSE,FALSE,FALSE,FALSE,2,1,1,1_1,d4907a1b-8b06-47c5-8bca-c781d9cddaf8,NA
4,116579566,116579566,1,snv_mnv,NA,NA,"broad,dkfz,muse,sanger",4,COSN7726012,NA,L1M1,FALSE,0.25,NA,17,51,NA,NA,NA,IGR,FALSE,FALSE,FALSE,FALSE,2,1,1,1_1,d4907a1b-8b06-47c5-8bca-c781d9cddaf8,NA
4,117020927,117020927,1,snv_mnv,NA,NA,"broad,dkfz,muse,sanger",4,COSN7726294,NA,NA,FALSE,0.2388,NA,16,51,NA,NA,NA,lincRNA,FALSE,FALSE,FALSE,FALSE,2,1,1,1_1,d4907a1b-8b06-47c5-8bca-c781d9cddaf8,AC027613.1
4,117032990,117032990,1,snv_mnv,NA,NA,"broad,dkfz,muse,sanger",4,COSN7726302,NA,L1PA16,FALSE,0.2031,NA,13,51,NA,NA,NA,lincRNA,FALSE,FALSE,TRUE,FALSE,2,1,1,1_1,d4907a1b-8b06-47c5-8bca-c781d9cddaf8,NA
4,117714867,117714867,1,snv_mnv,NA,NA,"broad,dkfz,muse,sanger",4,COSN7726903,NA,NA,FALSE,0.1905,NA,12,51,NA,NA,NA,IGR,FALSE,FALSE,FALSE,FALSE,2,1,1,1_1,d4907a1b-8b06-47c5-8bca-c781d9cddaf8,NA
4,117861446,117861446,1,snv_mnv,NA,NA,"broad,dkfz,muse,sanger",4,COSN7727012,NA,NA,FALSE,0.1569,NA,8,43,NA,NA,NA,IGR,FALSE,FALSE,FALSE,FALSE,2,1,1,1_1,d4907a1b-8b06-47c5-8bca-c781d9cddaf8,NA
4,118113592,118113592,1,snv_mnv,NA,NA,"broad,dkfz,muse,sanger",4,COSN7727186,NA,L1MA2,FALSE,0.1333,NA,10,65,NA,NA,NA,IGR,FALSE,FALSE,FALSE,FALSE,2,1,1,1_1,d4907a1b-8b06-47c5-8bca-c781d9cddaf8,NA
4,118213052,118213052,1,snv_mnv,NA,NA,"broad,dkfz,muse,sanger",4,COSN7727247,NA,NA,FALSE,0.15,NA,9,51,NA,NA,NA,IGR,FALSE,FALSE,TRUE,FALSE,2,1,1,1_1,d4907a1b-8b06-47c5-8bca-c781d9cddaf8,NA
4,119016637,119016637,1,snv_mnv,NA,NA,"broad,dkfz,muse,sanger",4,COSN7727635,NA,NA,FALSE,0.2174,NA,15,54,NA,NA,NA,Intron,FALSE,FALSE,FALSE,FALSE,2,1,1,1_1,d4907a1b-8b06-47c5-8bca-c781d9cddaf8,NA
4,119306772,119306772,1,snv_mnv,NA,NA,"broad,dkfz,muse,sanger",4,COSN7727734,NA,AluSp,FALSE,0.1132,NA,6,47,NA,NA,NA,IGR,FALSE,FALSE,FALSE,FALSE,2,1,1,1_1,d4907a1b-8b06-47c5-8bca-c781d9cddaf8,NA
4,119784626,119784626,1,snv_mnv,NA,NA,"broad,dkfz,muse,sanger",4,COSN7727852,NA,L1MA2,FALSE,0.2179,NA,17,61,NA,NA,NA,IGR,FALSE,FALSE,FALSE,FALSE,2,1,1,1_1,d4907a1b-8b06-47c5-8bca-c781d9cddaf8,NA
4,120144618,120144618,1,snv_mnv,NA,NA,"broad,dkfz,muse,sanger",4,COSN7727947,NA,Charlie2b,FALSE,0.1667,NA,11,55,NA,NA,NA,Intron,FALSE,FALSE,FALSE,FALSE,2,1,1,1_1,d4907a1b-8b06-47c5-8bca-c781d9cddaf8,USP53
4,121062933,121062933,1,snv_mnv,NA,NA,"broad,dkfz,muse,sanger",4,COSN7728176,NA,LTR1B,FALSE,0.2586,NA,15,43,NA,NA,NA,RNA,FALSE,FALSE,FALSE,FALSE,2,1,1,1_1,d4907a1b-8b06-47c5-8bca-c781d9cddaf8,NA
4,121422347,121422347,1,snv_mnv,NA,NA,"broad,dkfz,muse,sanger",4,COSN7728372,NA,NA,FALSE,0.1765,NA,12,56,NA,NA,NA,IGR,FALSE,FALSE,FALSE,FALSE,2,1,1,1_1,d4907a1b-8b06-47c5-8bca-c781d9cddaf8,NA
4,121850562,121850562,1,snv_mnv,NA,NA,"broad,dkfz,muse,sanger",4,COSN7728593,NA,Tigger2a,FALSE,0.1346,NA,7,45,NA,NA,NA,IGR,FALSE,FALSE,FALSE,FALSE,2,1,1,1_1,d4907a1b-8b06-47c5-8bca-c781d9cddaf8,NA
4,122946698,122946698,1,snv_mnv,NA,NA,"broad,dkfz,muse,sanger",4,COSN7729042,NA,AluSz6,FALSE,0.1296,NA,7,47,NA,NA,NA,IGR,FALSE,FALSE,FALSE,FALSE,2,1,1,1_1,d4907a1b-8b06-47c5-8bca-c781d9cddaf8,NA
4,123025053,123025053,1,snv_mnv,NA,NA,"broad,dkfz,muse,sanger",4,COSN7729086,NA,NA,FALSE,0.2319,NA,16,53,NA,NA,NA,IGR,FALSE,FALSE,FALSE,FALSE,2,1,1,1_1,d4907a1b-8b06-47c5-8bca-c781d9cddaf8,NA
4,123632639,123632639,1,snv_mnv,NA,NA,"broad,dkfz,muse,sanger",4,COSN7729285,NA,NA,FALSE,0.1923,NA,10,42,NA,NA,NA,IGR,FALSE,FALSE,FALSE,FALSE,2,1,1,1_1,d4907a1b-8b06-47c5-8bca-c781d9cddaf8,NA
4,125071301,125071301,1,snv_mnv,1.9968e-4,rs534843922,"broad,dkfz,muse,sanger",4,COSN7729650,rs534843922,NA,FALSE,0.127,NA,8,55,NA,NA,NA,lincRNA,FALSE,FALSE,FALSE,FALSE,2,1,1,1_1,d4907a1b-8b06-47c5-8bca-c781d9cddaf8,NA
4,126411383,126411383,1,snv_mnv,NA,NA,"broad,dkfz,muse,sanger",4,COSM3781743,NA,NA,FALSE,0.1579,NA,6,32,NA,NA,NA,Missense_Mutation,FALSE,FALSE,FALSE,FALSE,2,1,1,1_1,d4907a1b-8b06-47c5-8bca-c781d9cddaf8,NA
4,126443127,126443127,1,snv_mnv,NA,NA,"broad,dkfz,muse,sanger",4,COSN7730156,NA,L1P1,FALSE,0.2857,NA,18,45,NA,NA,NA,IGR,FALSE,FALSE,FALSE,FALSE,2,1,1,1_1,d4907a1b-8b06-47c5-8bca-c781d9cddaf8,NA
4,126494447,126494447,1,snv_mnv,NA,NA,"broad,dkfz,muse,sanger",4,COSN7730174,NA,LTR21B,FALSE,0.1884,NA,13,56,NA,NA,NA,IGR,FALSE,FALSE,FALSE,FALSE,2,1,1,1_1,d4907a1b-8b06-47c5-8bca-c781d9cddaf8,NA
4,127497064,127497064,1,snv_mnv,NA,NA,"broad,dkfz,muse,sanger",4,COSN7730776,NA,NA,FALSE,0.1412,NA,12,73,NA,NA,NA,IGR,FALSE,FALSE,FALSE,FALSE,2,1,1,1_1,d4907a1b-8b06-47c5-8bca-c781d9cddaf8,NA
4,127540723,127540723,1,snv_mnv,NA,NA,"broad,dkfz,muse,sanger",4,COSN7730809,NA,AluSc,FALSE,0.2157,NA,11,40,NA,NA,NA,IGR,FALSE,FALSE,FALSE,FALSE,2,1,1,1_1,d4907a1b-8b06-47c5-8bca-c781d9cddaf8,NA
4,127901133,127901133,1,snv_mnv,NA,NA,"broad,dkfz,muse,sanger",4,COSN7731103,NA,L2,FALSE,0.2787,NA,17,44,NA,NA,NA,IGR,FALSE,FALSE,FALSE,FALSE,2,1,1,1_1,d4907a1b-8b06-47c5-8bca-c781d9cddaf8,NA
4,130452518,130452518,1,snv_mnv,NA,NA,"broad,dkfz,muse,sanger",4,COSN7732024,rs766431955,NA,FALSE,0.2031,NA,13,51,NA,NA,NA,IGR,FALSE,FALSE,FALSE,FALSE,2,1,1,1_1,d4907a1b-8b06-47c5-8bca-c781d9cddaf8,NA
4,131127499,131127499,1,snv_mnv,NA,NA,"broad,dkfz,muse,sanger",4,COSN7732458,NA,NA,FALSE,0.2464,NA,17,52,NA,NA,NA,IGR,FALSE,FALSE,FALSE,FALSE,2,1,1,1_1,d4907a1b-8b06-47c5-8bca-c781d9cddaf8,NA
4,131219850,131219850,1,snv_mnv,NA,NA,"broad,dkfz,muse,sanger",4,COSN7732516,NA,L3,FALSE,0.2027,NA,15,59,NA,NA,NA,IGR,FALSE,FALSE,TRUE,FALSE,2,1,1,1_1,d4907a1b-8b06-47c5-8bca-c781d9cddaf8,NA
4,131401244,131401244,1,snv_mnv,NA,NA,"broad,dkfz,muse,sanger",4,COSN7732648,NA,NA,FALSE,0.2027,NA,15,59,NA,NA,NA,IGR,FALSE,FALSE,FALSE,FALSE,2,1,1,1_1,d4907a1b-8b06-47c5-8bca-c781d9cddaf8,NA
4,131473785,131473785,1,snv_mnv,NA,NA,"broad,dkfz,muse,sanger",4,COSN7732691,NA,L1MA2,FALSE,0.1739,NA,12,57,NA,NA,NA,IGR,FALSE,FALSE,FALSE,FALSE,2,1,1,1_1,d4907a1b-8b06-47c5-8bca-c781d9cddaf8,NA
4,131499396,131499396,1,snv_mnv,NA,NA,"broad,dkfz,muse,sanger",4,COSN7732716,NA,LTR49,FALSE,0.0566,NA,3,50,NA,NA,NA,IGR,FALSE,FALSE,FALSE,FALSE,2,1,1,1_1,d4907a1b-8b06-47c5-8bca-c781d9cddaf8,NA
4,131653842,131653842,1,snv_mnv,NA,NA,"broad,dkfz,muse,sanger",4,COSN7732799,NA,HERVL40-int,FALSE,0.2,NA,12,48,NA,NA,NA,IGR,FALSE,FALSE,FALSE,FALSE,2,1,1,1_1,d4907a1b-8b06-47c5-8bca-c781d9cddaf8,NA
4,131910733,131910733,1,snv_mnv,NA,NA,"broad,dkfz,muse,sanger",4,COSN7733007,NA,NA,FALSE,0.169,NA,12,59,NA,NA,NA,IGR,FALSE,FALSE,FALSE,FALSE,2,1,1,1_1,d4907a1b-8b06-47c5-8bca-c781d9cddaf8,NA
4,131948827,131948827,1,snv_mnv,NA,NA,"broad,dkfz,muse,sanger",4,COSN7733042,NA,NA,FALSE,0.1324,NA,9,59,NA,NA,NA,IGR,FALSE,FALSE,FALSE,FALSE,2,1,1,1_1,d4907a1b-8b06-47c5-8bca-c781d9cddaf8,NA
4,132721249,132721249,1,snv_mnv,NA,NA,"broad,muse,sanger",3,COSN7733721,NA,L1MA6,FALSE,0.1912,NA,13,55,NA,NA,NA,IGR,FALSE,FALSE,FALSE,FALSE,2,1,1,1_1,d4907a1b-8b06-47c5-8bca-c781d9cddaf8,NA
4,132954595,132954595,1,snv_mnv,NA,NA,"broad,dkfz,muse,sanger",4,COSN7733919,NA,NA,FALSE,0.2,NA,13,52,NA,NA,NA,lincRNA,FALSE,FALSE,FALSE,FALSE,2,1,1,1_1,d4907a1b-8b06-47c5-8bca-c781d9cddaf8,NA
4,133513339,133513339,1,snv_mnv,NA,NA,"broad,dkfz,muse,sanger",4,COSN7734399,NA,NA,FALSE,0.2414,NA,14,44,NA,NA,NA,lincRNA,FALSE,FALSE,FALSE,FALSE,2,1,1,1_1,d4907a1b-8b06-47c5-8bca-c781d9cddaf8,NA
4,133655122,133655122,1,snv_mnv,NA,NA,"broad,dkfz,muse,sanger",4,COSN7734530,NA,L1MD1,FALSE,0.1688,NA,13,64,NA,NA,NA,IGR,FALSE,FALSE,FALSE,FALSE,2,1,1,1_1,d4907a1b-8b06-47c5-8bca-c781d9cddaf8,NA
4,133706185,133706185,1,snv_mnv,5.9904e-4,rs188841816,"broad,dkfz,muse,sanger",4,COSN7734587,rs188841816,NA,FALSE,0.1852,NA,10,44,NA,NA,NA,IGR,FALSE,FALSE,FALSE,FALSE,2,1,1,1_1,d4907a1b-8b06-47c5-8bca-c781d9cddaf8,NA
4,133831175,133831175,1,snv_mnv,NA,NA,"broad,dkfz,muse,sanger",4,COSN7734720,NA,NA,FALSE,0.241,NA,20,63,NA,NA,NA,lincRNA,FALSE,FALSE,TRUE,FALSE,2,1,1,1_1,d4907a1b-8b06-47c5-8bca-c781d9cddaf8,NA
4,133937121,133937121,1,snv_mnv,NA,NA,"broad,dkfz,muse,sanger",4,COSN7734835,NA,NA,FALSE,0.2809,NA,25,64,NA,NA,NA,IGR,FALSE,FALSE,FALSE,FALSE,2,1,1,1_1,d4907a1b-8b06-47c5-8bca-c781d9cddaf8,NA
4,133947604,133947604,1,snv_mnv,NA,NA,"broad,dkfz,muse,sanger",4,COSN7734846,NA,L1PA16,FALSE,0.1852,NA,15,66,NA,NA,NA,IGR,FALSE,FALSE,FALSE,FALSE,2,1,1,1_1,d4907a1b-8b06-47c5-8bca-c781d9cddaf8,NA
4,134198407,134198407,1,snv_mnv,NA,NA,"broad,dkfz,muse,sanger",4,COSN7735098,NA,NA,FALSE,0.1053,NA,6,51,NA,NA,NA,IGR,FALSE,FALSE,FALSE,FALSE,2,1,1,1_1,d4907a1b-8b06-47c5-8bca-c781d9cddaf8,NA
4,134318687,134318687,1,snv_mnv,NA,NA,"broad,dkfz,muse,sanger",4,COSN7735210,NA,AluSz,FALSE,0.2143,NA,12,44,NA,NA,NA,IGR,FALSE,FALSE,TRUE,FALSE,2,1,1,1_1,d4907a1b-8b06-47c5-8bca-c781d9cddaf8,NA
4,134804110,134804110,1,snv_mnv,NA,NA,"broad,dkfz,muse,sanger",4,COSN17870350,rs779682446,L1MB8,FALSE,0.1467,NA,11,64,NA,NA,NA,lincRNA,FALSE,FALSE,FALSE,FALSE,2,1,1,1_1,d4907a1b-8b06-47c5-8bca-c781d9cddaf8,NA
4,134829701,134829701,1,snv_mnv,NA,NA,"broad,dkfz,muse,sanger",4,COSN7735741,NA,L1PBa,FALSE,0.1852,NA,15,66,NA,NA,NA,lincRNA,FALSE,FALSE,FALSE,FALSE,2,1,1,1_1,d4907a1b-8b06-47c5-8bca-c781d9cddaf8,NA
4,134886256,134886256,1,snv_mnv,NA,NA,"broad,dkfz,muse,sanger",4,COSN7735819,NA,L1PB1,FALSE,0.1765,NA,12,56,NA,NA,NA,lincRNA,FALSE,FALSE,FALSE,FALSE,2,1,1,1_1,d4907a1b-8b06-47c5-8bca-c781d9cddaf8,NA
4,134954360,134954360,1,snv_mnv,NA,NA,"broad,dkfz,muse,sanger",4,COSN7735887,NA,Tigger1,FALSE,0.1594,NA,11,58,NA,NA,NA,IGR,FALSE,FALSE,FALSE,FALSE,2,1,1,1_1,d4907a1b-8b06-47c5-8bca-c781d9cddaf8,NA
4,135080013,135080013,1,snv_mnv,NA,NA,"broad,dkfz,muse,sanger",4,COSN7735979,NA,Tigger3b,FALSE,0.2055,NA,15,58,NA,NA,NA,IGR,FALSE,FALSE,FALSE,FALSE,2,1,1,1_1,d4907a1b-8b06-47c5-8bca-c781d9cddaf8,NA
4,135190095,135190095,1,snv_mnv,NA,NA,"broad,dkfz,muse,sanger",4,COSN7736085,NA,NA,FALSE,0.2075,NA,11,42,NA,NA,NA,IGR,FALSE,FALSE,FALSE,FALSE,2,1,1,1_1,d4907a1b-8b06-47c5-8bca-c781d9cddaf8,NA
4,135280832,135280832,1,snv_mnv,NA,NA,"broad,dkfz,muse,sanger",4,COSN7736179,NA,L1PA16,FALSE,0.2462,NA,16,49,NA,NA,NA,IGR,FALSE,FALSE,FALSE,FALSE,2,1,1,1_1,d4907a1b-8b06-47c5-8bca-c781d9cddaf8,NA
4,135352041,135352041,1,snv_mnv,NA,NA,"broad,dkfz,muse,sanger",4,COSN7736255,NA,L1PB4,FALSE,0.2,NA,10,40,NA,NA,NA,lincRNA,FALSE,FALSE,FALSE,FALSE,2,1,1,1_1,d4907a1b-8b06-47c5-8bca-c781d9cddaf8,NA
4,135705084,135705084,1,snv_mnv,NA,NA,"broad,dkfz,muse,sanger",4,COSN7736510,NA,L1PA7,FALSE,0.1765,NA,9,42,NA,NA,NA,lincRNA,FALSE,FALSE,FALSE,FALSE,2,1,1,1_1,d4907a1b-8b06-47c5-8bca-c781d9cddaf8,NA
4,135731147,135731147,1,snv_mnv,NA,NA,"broad,dkfz,muse,sanger",4,COSN7736531,NA,NA,FALSE,0.1791,NA,12,55,NA,NA,NA,lincRNA,FALSE,FALSE,FALSE,FALSE,2,1,1,1_1,d4907a1b-8b06-47c5-8bca-c781d9cddaf8,NA
4,136175382,136175382,1,snv_mnv,NA,NA,"broad,dkfz,muse,sanger",4,COSN7736961,NA,NA,FALSE,0.2603,NA,19,54,NA,NA,NA,IGR,FALSE,FALSE,FALSE,FALSE,2,1,1,1_1,d4907a1b-8b06-47c5-8bca-c781d9cddaf8,NA
4,136416188,136416188,1,snv_mnv,NA,NA,"broad,dkfz,muse,sanger",4,COSN7737229,NA,AT_rich,FALSE,0.1622,NA,12,62,NA,NA,NA,IGR,FALSE,FALSE,TRUE,FALSE,2,1,1,1_1,d4907a1b-8b06-47c5-8bca-c781d9cddaf8,NA
4,136565930,136565930,1,snv_mnv,NA,NA,"broad,dkfz,muse,sanger",4,COSN7737359,NA,THE1B-int,FALSE,0.1875,NA,9,39,NA,NA,NA,IGR,FALSE,FALSE,FALSE,FALSE,2,1,1,1_1,d4907a1b-8b06-47c5-8bca-c781d9cddaf8,NA
4,137486050,137486050,1,snv_mnv,NA,NA,"broad,dkfz,muse,sanger",4,COSN7738181,NA,MER5B,FALSE,0.1944,NA,14,58,NA,NA,NA,IGR,FALSE,FALSE,FALSE,FALSE,2,1,1,1_1,d4907a1b-8b06-47c5-8bca-c781d9cddaf8,NA
4,138264007,138264007,1,snv_mnv,NA,NA,"broad,dkfz,muse,sanger",4,COSN7738771,NA,NA,FALSE,0.241,NA,20,63,NA,NA,NA,IGR,FALSE,FALSE,FALSE,FALSE,2,1,1,1_1,d4907a1b-8b06-47c5-8bca-c781d9cddaf8,NA
4,138390000,138390000,1,snv_mnv,NA,NA,"broad,dkfz,muse,sanger",4,COSN7738865,NA,MER41-int,FALSE,0.1356,NA,8,51,NA,NA,NA,IGR,FALSE,FALSE,FALSE,FALSE,2,1,1,1_1,d4907a1b-8b06-47c5-8bca-c781d9cddaf8,NA
4,139902083,139902083,1,snv_mnv,NA,NA,"broad,dkfz,muse,sanger",4,COSN7739478,NA,AluSg,FALSE,0.1957,NA,9,37,NA,NA,NA,RNA,FALSE,FALSE,FALSE,FALSE,2,1,1,1_1,d4907a1b-8b06-47c5-8bca-c781d9cddaf8,NA
4,141501049,141501049,1,snv_mnv,NA,NA,"broad,dkfz,muse,sanger",4,COSN7739850,NA,NA,FALSE,0.25,NA,19,57,NA,NA,NA,RNA,FALSE,FALSE,FALSE,FALSE,2,1,1,1_1,d4907a1b-8b06-47c5-8bca-c781d9cddaf8,RN7SL152P
4,141867052,141867052,1,snv_mnv,NA,NA,"broad,dkfz,muse,sanger",4,COSN7739964,NA,NA,FALSE,0.2083,NA,15,57,NA,NA,NA,Intron,FALSE,FALSE,FALSE,FALSE,2,1,1,1_1,d4907a1b-8b06-47c5-8bca-c781d9cddaf8,NA
4,143274554,143274554,1,snv_mnv,NA,NA,"broad,dkfz,muse,sanger",4,COSN7740408,NA,NA,FALSE,0.193,NA,11,46,NA,NA,NA,Intron,FALSE,FALSE,FALSE,FALSE,2,1,1,1_1,d4907a1b-8b06-47c5-8bca-c781d9cddaf8,NA
4,144751302,144751302,1,snv_mnv,NA,NA,"broad,dkfz,muse,sanger",4,COSN7740861,NA,NA,FALSE,0.1791,NA,12,55,NA,NA,NA,RNA,FALSE,FALSE,FALSE,FALSE,2,1,1,1_1,d4907a1b-8b06-47c5-8bca-c781d9cddaf8,NA
4,144889481,144889481,1,snv_mnv,NA,NA,"broad,muse,sanger",3,COSN7740928,NA,L1MEg,FALSE,0.2449,NA,12,37,NA,NA,NA,lincRNA,FALSE,FALSE,FALSE,FALSE,2,1,1,1_1,d4907a1b-8b06-47c5-8bca-c781d9cddaf8,NA
4,144986949,144986949,1,snv_mnv,NA,NA,"broad,dkfz,muse,sanger",4,COSN7740988,NA,NA,FALSE,0.1795,NA,14,64,NA,NA,NA,Intron,FALSE,FALSE,FALSE,FALSE,2,1,1,1_1,d4907a1b-8b06-47c5-8bca-c781d9cddaf8,NA
4,144988631,144988631,1,snv_mnv,NA,NA,"broad,dkfz,muse,sanger",4,COSN7740990,NA,NA,FALSE,0.2121,NA,14,52,NA,NA,NA,Intron,FALSE,FALSE,FALSE,FALSE,2,1,1,1_1,d4907a1b-8b06-47c5-8bca-c781d9cddaf8,NA
4,148729049,148729049,1,snv_mnv,NA,NA,"broad,dkfz,muse,sanger",4,COSN7742284,NA,NA,FALSE,0.12,NA,6,44,NA,NA,NA,Intron,FALSE,FALSE,FALSE,FALSE,2,1,1,1_1,d4907a1b-8b06-47c5-8bca-c781d9cddaf8,RN7SL254P
4,149328503,149328503,1,snv_mnv,NA,NA,"broad,dkfz,muse,sanger",4,COSN7742424,NA,NA,FALSE,0.2,NA,13,52,NA,NA,NA,Intron,FALSE,FALSE,FALSE,FALSE,2,1,1,1_1,d4907a1b-8b06-47c5-8bca-c781d9cddaf8,NA
4,149590593,149590593,1,snv_mnv,NA,NA,"broad,dkfz,muse,sanger",4,COSN7742514,NA,NA,FALSE,0.1786,NA,15,69,NA,NA,NA,IGR,FALSE,FALSE,FALSE,FALSE,2,1,1,1_1,d4907a1b-8b06-47c5-8bca-c781d9cddaf8,NA
4,149671993,149671993,1,snv_mnv,NA,NA,"broad,dkfz,muse,sanger",4,COSN7742540,NA,NA,FALSE,0.1857,NA,13,57,NA,NA,NA,IGR,FALSE,FALSE,FALSE,FALSE,2,1,1,1_1,d4907a1b-8b06-47c5-8bca-c781d9cddaf8,NA
4,149750745,149750745,1,snv_mnv,NA,NA,"broad,dkfz,muse,sanger",4,COSN7742561,NA,LTR1B,FALSE,0.2308,NA,12,40,NA,NA,NA,IGR,FALSE,FALSE,FALSE,FALSE,2,1,1,1_1,d4907a1b-8b06-47c5-8bca-c781d9cddaf8,NA
4,150547514,150547514,1,snv_mnv,NA,NA,"broad,dkfz,muse,sanger",4,COSN7742825,NA,MLT2A1,FALSE,0.2653,NA,13,36,NA,NA,NA,lincRNA,FALSE,FALSE,FALSE,FALSE,2,1,1,1_1,d4907a1b-8b06-47c5-8bca-c781d9cddaf8,NA
4,150726117,150726117,1,snv_mnv,NA,NA,"broad,dkfz,muse,sanger",4,COSN7742883,NA,BLACKJACK,FALSE,0.1739,NA,12,57,NA,NA,NA,lincRNA,FALSE,FALSE,FALSE,FALSE,2,1,1,1_1,d4907a1b-8b06-47c5-8bca-c781d9cddaf8,NA
4,150831357,150831357,1,snv_mnv,NA,NA,"broad,dkfz,muse,sanger",4,COSN7742919,NA,NA,FALSE,0.2308,NA,15,50,NA,NA,NA,RNA,FALSE,FALSE,TRUE,FALSE,2,1,1,1_1,d4907a1b-8b06-47c5-8bca-c781d9cddaf8,RNA5SP167
4,152099547,152099547,1,snv_mnv,NA,NA,"broad,dkfz,muse,sanger",4,COSN7743257,NA,NA,FALSE,0.2615,NA,17,48,NA,NA,NA,Intron,FALSE,FALSE,FALSE,FALSE,2,1,1,1_1,d4907a1b-8b06-47c5-8bca-c781d9cddaf8,SH3D19
4,154819244,154819244,1,snv_mnv,NA,NA,"broad,dkfz,muse,sanger",4,COSN7744003,NA,L1PA16,FALSE,0.2949,NA,23,55,NA,NA,NA,IGR,FALSE,FALSE,FALSE,FALSE,2,1,1,1_1,d4907a1b-8b06-47c5-8bca-c781d9cddaf8,NA
4,154979698,154979698,1,snv_mnv,NA,NA,"broad,dkfz,muse,sanger",4,COSN7744076,NA,HERVH-int,FALSE,0.1935,NA,12,50,NA,NA,NA,IGR,FALSE,FALSE,FALSE,FALSE,2,1,1,1_1,d4907a1b-8b06-47c5-8bca-c781d9cddaf8,NA
4,155039546,155039546,1,snv_mnv,1.9968e-4,rs189466535,"broad,dkfz,muse,sanger",4,COSN7744108,rs189466535,MamGypLTR3,FALSE,0.1803,NA,11,50,NA,NA,NA,IGR,FALSE,FALSE,FALSE,FALSE,2,1,1,1_1,d4907a1b-8b06-47c5-8bca-c781d9cddaf8,NA
4,155046119,155046119,1,snv_mnv,NA,NA,"broad,dkfz,muse,sanger",4,COSN7744113,NA,MER74A,FALSE,0.1897,NA,11,47,NA,NA,NA,IGR,FALSE,FALSE,FALSE,FALSE,2,1,1,1_1,d4907a1b-8b06-47c5-8bca-c781d9cddaf8,NA
4,155333271,155333271,1,snv_mnv,NA,NA,"broad,dkfz,muse,sanger",4,COSN7744249,NA,NA,FALSE,0.2405,NA,19,60,NA,NA,NA,Intron,FALSE,FALSE,FALSE,FALSE,2,1,1,1_1,d4907a1b-8b06-47c5-8bca-c781d9cddaf8,NA
4,155593497,155593497,1,snv_mnv,NA,NA,"broad,dkfz,muse,sanger",4,COSN7744335,NA,NA,FALSE,0.22,NA,11,39,NA,NA,NA,Intron,FALSE,FALSE,TRUE,FALSE,2,1,1,1_1,d4907a1b-8b06-47c5-8bca-c781d9cddaf8,NA
4,156184020,156184020,1,snv_mnv,NA,NA,"broad,dkfz,muse,sanger",4,COSN7744642,rs112013570,L1MA5,FALSE,0.2069,NA,12,46,NA,NA,NA,IGR,FALSE,FALSE,TRUE,FALSE,2,1,1,1_1,d4907a1b-8b06-47c5-8bca-c781d9cddaf8,NA
4,157351742,157351742,1,snv_mnv,NA,NA,"broad,dkfz,muse,sanger",4,COSN7745168,NA,L2a,FALSE,0.2683,NA,22,60,NA,NA,NA,IGR,FALSE,FALSE,FALSE,FALSE,2,1,1,1_1,d4907a1b-8b06-47c5-8bca-c781d9cddaf8,NA
4,157964052,157964052,1,snv_mnv,NA,NA,"broad,dkfz,muse,sanger",4,COSN7745392,NA,NA,FALSE,0.2,NA,13,52,NA,NA,NA,IGR,FALSE,FALSE,TRUE,FALSE,2,1,1,1_1,d4907a1b-8b06-47c5-8bca-c781d9cddaf8,NA
4,158061935,158061935,1,snv_mnv,NA,NA,"broad,dkfz,muse,sanger",4,COSN7745427,NA,NA,FALSE,0.2778,NA,20,52,NA,NA,NA,Intron,FALSE,FALSE,FALSE,FALSE,2,1,1,1_1,d4907a1b-8b06-47c5-8bca-c781d9cddaf8,GLRB
4,158418823,158418823,1,snv_mnv,NA,NA,"broad,dkfz,muse,sanger",4,COSN7745550,NA,NA,FALSE,0.2034,NA,12,47,NA,NA,NA,IGR,FALSE,FALSE,FALSE,FALSE,2,1,1,1_1,d4907a1b-8b06-47c5-8bca-c781d9cddaf8,NA
4,159327971,159327971,1,snv_mnv,NA,NA,"broad,dkfz,muse,sanger",4,COSN7745847,NA,THE1D,FALSE,0.1833,NA,11,49,NA,NA,NA,Intron,FALSE,FALSE,FALSE,FALSE,2,1,1,1_1,d4907a1b-8b06-47c5-8bca-c781d9cddaf8,NA
4,159787099,159787099,1,snv_mnv,NA,NA,"broad,dkfz,muse",3,COSN7745967,NA,NA,FALSE,0.0897,NA,7,71,NA,NA,NA,Intron,FALSE,FALSE,FALSE,FALSE,2,1,1,1_1,d4907a1b-8b06-47c5-8bca-c781d9cddaf8,FNIP2
4,160330671,160330671,1,snv_mnv,NA,NA,"broad,dkfz,muse,sanger",4,COSN7746078,NA,NA,FALSE,0.1818,NA,12,54,NA,NA,NA,IGR,FALSE,FALSE,FALSE,FALSE,2,1,1,1_1,d4907a1b-8b06-47c5-8bca-c781d9cddaf8,NA
4,161024563,161024563,1,snv_mnv,NA,NA,"broad,dkfz,muse,sanger",4,COSN7746423,NA,L1M3,FALSE,0.1579,NA,9,48,NA,NA,NA,IGR,FALSE,FALSE,TRUE,FALSE,2,1,1,1_1,d4907a1b-8b06-47c5-8bca-c781d9cddaf8,NA
4,161051366,161051366,1,snv_mnv,NA,NA,"broad,dkfz,muse,sanger",4,COSN7746438,NA,AT_rich,FALSE,0.2239,NA,15,52,NA,NA,NA,IGR,FALSE,FALSE,TRUE,FALSE,2,1,1,1_1,d4907a1b-8b06-47c5-8bca-c781d9cddaf8,NA
4,161143001,161143001,1,snv_mnv,NA,NA,"broad,dkfz,muse,sanger",4,COSN7746501,NA,L1PA16,FALSE,0.2319,NA,16,53,NA,NA,NA,IGR,FALSE,FALSE,TRUE,FALSE,2,1,1,1_1,d4907a1b-8b06-47c5-8bca-c781d9cddaf8,NA
4,161178971,161178971,1,snv_mnv,NA,NA,"broad,dkfz,muse,sanger",4,COSN7746523,NA,NA,FALSE,0.1884,NA,13,56,NA,NA,NA,IGR,FALSE,FALSE,FALSE,FALSE,2,1,1,1_1,d4907a1b-8b06-47c5-8bca-c781d9cddaf8,NA
4,161740509,161740509,1,snv_mnv,NA,NA,"broad,dkfz,muse,sanger",4,COSN7746939,NA,AluSz,FALSE,0.1429,NA,9,54,NA,NA,NA,IGR,FALSE,FALSE,FALSE,FALSE,2,1,1,1_1,d4907a1b-8b06-47c5-8bca-c781d9cddaf8,RPS14P7
4,161881820,161881820,1,snv_mnv,NA,NA,"broad,dkfz,muse,sanger",4,COSN7747011,NA,MLT2B3,FALSE,0.1455,NA,8,47,NA,NA,NA,IGR,FALSE,FALSE,FALSE,FALSE,2,1,1,1_1,d4907a1b-8b06-47c5-8bca-c781d9cddaf8,NA
4,162172043,162172043,1,snv_mnv,NA,NA,"broad,dkfz,muse",3,COSN7747230,NA,(GGAGA)n,FALSE,0.1509,NA,8,45,NA,NA,NA,IGR,FALSE,FALSE,FALSE,FALSE,2,1,1,1_1,d4907a1b-8b06-47c5-8bca-c781d9cddaf8,NA
4,162238489,162238489,1,snv_mnv,NA,NA,"broad,dkfz,muse,sanger",4,COSN7747273,NA,AluSq2,FALSE,0.2581,NA,16,46,NA,NA,NA,IGR,FALSE,FALSE,FALSE,FALSE,2,1,1,1_1,d4907a1b-8b06-47c5-8bca-c781d9cddaf8,NA
4,162628943,162628943,1,snv_mnv,NA,NA,"broad,dkfz,muse,sanger",4,COSN7747559,NA,NA,FALSE,0.2,NA,13,52,NA,NA,NA,Intron,FALSE,FALSE,FALSE,FALSE,2,1,1,1_1,d4907a1b-8b06-47c5-8bca-c781d9cddaf8,NA
4,162891969,162891969,1,snv_mnv,3.9936e-4,rs565334763,"broad,dkfz,muse",3,COSN7629913,rs565334763,NA,FALSE,0.2442,NA,21,65,NA,NA,NA,Intron,FALSE,FALSE,TRUE,FALSE,2,1,1,1_1,d4907a1b-8b06-47c5-8bca-c781d9cddaf8,NA
4,163499332,163499332,1,snv_mnv,NA,NA,"broad,dkfz,muse,sanger",4,COSN7748019,NA,NA,FALSE,0.1429,NA,11,66,NA,NA,NA,IGR,FALSE,FALSE,FALSE,FALSE,2,1,1,1_1,d4907a1b-8b06-47c5-8bca-c781d9cddaf8,NA
4,163523188,163523188,1,snv_mnv,NA,NA,"broad,dkfz,muse,sanger",4,COSN7748035,NA,NA,FALSE,0.2055,NA,15,58,NA,NA,NA,IGR,FALSE,FALSE,FALSE,FALSE,2,1,1,1_1,d4907a1b-8b06-47c5-8bca-c781d9cddaf8,NA
4,163614912,163614912,1,snv_mnv,NA,NA,"broad,dkfz,muse,sanger",4,COSN7748077,NA,THE1D,FALSE,0.1562,NA,10,54,NA,NA,NA,IGR,FALSE,FALSE,FALSE,FALSE,2,1,1,1_1,d4907a1b-8b06-47c5-8bca-c781d9cddaf8,NA
4,163844442,163844442,1,snv_mnv,NA,NA,"broad,muse",2,COSN7748195,NA,LTR49,FALSE,0.1017,NA,6,53,NA,NA,NA,IGR,FALSE,FALSE,FALSE,FALSE,2,1,1,1_1,d4907a1b-8b06-47c5-8bca-c781d9cddaf8,NA
4,164249820,164249820,1,snv_mnv,NA,NA,"broad,dkfz,muse,sanger",4,COSN7748406,NA,NA,FALSE,0.2951,NA,18,43,NA,NA,NA,Intron,FALSE,FALSE,FALSE,FALSE,2,1,1,1_1,d4907a1b-8b06-47c5-8bca-c781d9cddaf8,NA
4,165047405,165047405,1,snv_mnv,NA,NA,"broad,dkfz,muse,sanger",4,COSN7748919,NA,MLT1A0,FALSE,0.197,NA,13,53,NA,NA,NA,Intron,FALSE,FALSE,FALSE,FALSE,2,1,1,1_1,d4907a1b-8b06-47c5-8bca-c781d9cddaf8,NA
4,165249593,165249593,1,snv_mnv,NA,NA,"broad,dkfz,muse,sanger",4,COSN7749065,NA,NA,FALSE,0.2059,NA,14,54,NA,NA,NA,Intron,FALSE,FALSE,FALSE,FALSE,2,1,1,1_1,d4907a1b-8b06-47c5-8bca-c781d9cddaf8,NA
4,166867842,166867842,1,snv_mnv,7.9872e-4,rs565230494,"broad,dkfz,muse,sanger",4,COSN7749908,rs565230494,MLT1E2-int,FALSE,0.2982,NA,17,40,NA,NA,NA,Intron,FALSE,FALSE,FALSE,FALSE,2,1,1,1_1,d4907a1b-8b06-47c5-8bca-c781d9cddaf8,NA
4,167462940,167462940,1,snv_mnv,NA,NA,"broad,dkfz,muse,sanger",4,COSN7750214,NA,L1PB2,FALSE,0.303,NA,20,46,NA,NA,NA,IGR,FALSE,FALSE,FALSE,FALSE,2,1,1,1_1,d4907a1b-8b06-47c5-8bca-c781d9cddaf8,NA
4,167575267,167575267,1,snv_mnv,NA,NA,"broad,dkfz,muse,sanger",4,COSN7750285,NA,NA,FALSE,0.2222,NA,14,49,NA,NA,NA,IGR,FALSE,FALSE,FALSE,FALSE,2,1,1,1_1,d4907a1b-8b06-47c5-8bca-c781d9cddaf8,NA
4,167631060,167631060,1,snv_mnv,1.9968e-4,rs544088159,"broad,dkfz,muse,sanger",4,COSN7750326,rs544088159,HERVH-int,FALSE,0.16,NA,8,42,NA,NA,NA,IGR,FALSE,FALSE,FALSE,FALSE,2,1,1,1_1,d4907a1b-8b06-47c5-8bca-c781d9cddaf8,NA
4,167705233,167705233,1,snv_mnv,NA,NA,"broad,dkfz,muse,sanger",4,COSN7750365,NA,NA,FALSE,0.2394,NA,17,54,NA,NA,NA,Intron,FALSE,FALSE,FALSE,FALSE,2,1,1,1_1,d4907a1b-8b06-47c5-8bca-c781d9cddaf8,NA
4,167765127,167765127,1,snv_mnv,NA,NA,"broad,dkfz,muse,sanger",4,COSN7750409,NA,NA,FALSE,0.2121,NA,14,52,NA,NA,NA,Intron,FALSE,FALSE,FALSE,FALSE,2,1,1,1_1,d4907a1b-8b06-47c5-8bca-c781d9cddaf8,NA
4,168307174,168307174,1,snv_mnv,NA,NA,"broad,dkfz,muse,sanger",4,COSN7750682,NA,L1M3c,FALSE,0.2963,NA,8,19,NA,NA,NA,IGR,FALSE,FALSE,FALSE,FALSE,2,1,1,1_1,d4907a1b-8b06-47c5-8bca-c781d9cddaf8,NA
4,168449178,168449178,1,snv_mnv,NA,NA,"broad,dkfz,muse,sanger",4,COSN7750759,NA,NA,FALSE,0.4364,NA,24,31,NA,NA,NA,IGR,FALSE,FALSE,FALSE,FALSE,2,1,1,1_1,d4907a1b-8b06-47c5-8bca-c781d9cddaf8,NA
4,169135219,169135219,1,snv_mnv,NA,NA,"broad,dkfz,muse,sanger",4,COSN7751015,NA,L1PA7,FALSE,0.2037,NA,11,43,NA,NA,NA,IGR,FALSE,FALSE,FALSE,FALSE,2,1,1,1_1,d4907a1b-8b06-47c5-8bca-c781d9cddaf8,DDX60
4,170569423,170569423,1,snv_mnv,NA,NA,"broad,dkfz,muse,sanger",4,COSN7751379,NA,L1MD3,FALSE,0.2381,NA,15,48,NA,NA,NA,Intron,FALSE,FALSE,FALSE,FALSE,2,1,1,1_1,d4907a1b-8b06-47c5-8bca-c781d9cddaf8,NA
4,170743545,170743545,1,snv_mnv,NA,NA,"broad,dkfz,muse,sanger",4,COSN7751424,rs775086064,NA,FALSE,0.2405,NA,19,60,NA,NA,NA,IGR,FALSE,FALSE,FALSE,FALSE,2,1,1,1_1,d4907a1b-8b06-47c5-8bca-c781d9cddaf8,NA
4,171370363,171370363,1,snv_mnv,NA,NA,"broad,dkfz,muse,sanger",4,COSN7751633,NA,MER47A,FALSE,0.225,NA,18,62,NA,NA,NA,IGR,FALSE,FALSE,FALSE,FALSE,2,1,1,1_1,d4907a1b-8b06-47c5-8bca-c781d9cddaf8,NA
4,171666210,171666210,1,snv_mnv,NA,NA,"broad,dkfz,muse,sanger",4,COSN7751833,NA,FLAM_C,FALSE,0.2083,NA,10,38,NA,NA,NA,lincRNA,FALSE,FALSE,FALSE,FALSE,2,1,1,1_1,d4907a1b-8b06-47c5-8bca-c781d9cddaf8,LINC02382
4,172015118,172015118,1,snv_mnv,NA,NA,"broad,dkfz,muse,sanger",4,COSN7752046,NA,NA,FALSE,0.2308,NA,12,40,NA,NA,NA,IGR,FALSE,FALSE,TRUE,FALSE,2,1,1,1_1,d4907a1b-8b06-47c5-8bca-c781d9cddaf8,NA
4,172154190,172154190,1,snv_mnv,NA,NA,"broad,dkfz,muse,sanger",4,COSN7752153,NA,AluSc8,FALSE,0.1522,NA,7,39,NA,NA,NA,IGR,FALSE,FALSE,FALSE,FALSE,2,1,1,1_1,d4907a1b-8b06-47c5-8bca-c781d9cddaf8,NA
4,172291856,172291856,1,snv_mnv,NA,NA,"broad,dkfz,muse,sanger",4,COSN7752273,NA,Tigger1,FALSE,0.1774,NA,11,51,NA,NA,NA,IGR,FALSE,FALSE,FALSE,FALSE,2,1,1,1_1,d4907a1b-8b06-47c5-8bca-c781d9cddaf8,NA
4,172401087,172401087,1,snv_mnv,NA,NA,"broad,dkfz,muse,sanger",4,COSN7752345,NA,L1MDb,FALSE,0.2188,NA,14,50,NA,NA,NA,IGR,FALSE,FALSE,FALSE,FALSE,2,1,1,1_1,d4907a1b-8b06-47c5-8bca-c781d9cddaf8,NA
4,172493137,172493137,1,snv_mnv,NA,NA,"broad,dkfz,muse,sanger",4,COSN7752411,NA,MER70-int,FALSE,0.2075,NA,11,42,NA,NA,NA,IGR,FALSE,FALSE,FALSE,FALSE,2,1,1,1_1,d4907a1b-8b06-47c5-8bca-c781d9cddaf8,NA
4,172633922,172633922,1,snv_mnv,5.9904e-4,rs541378769,"broad,dkfz,muse,sanger",4,COSN7752523,rs541378769,NA,FALSE,0.1667,NA,9,45,NA,NA,NA,IGR,FALSE,FALSE,FALSE,FALSE,2,1,1,1_1,d4907a1b-8b06-47c5-8bca-c781d9cddaf8,NA
4,172782215,172782215,1,snv_mnv,NA,NA,"broad,dkfz,muse,sanger",4,COSN7752640,NA,NA,FALSE,0.1364,NA,9,57,NA,NA,NA,Intron,FALSE,FALSE,FALSE,FALSE,2,1,1,1_1,d4907a1b-8b06-47c5-8bca-c781d9cddaf8,NA
4,172987307,172987307,1,snv_mnv,NA,NA,"broad,dkfz,muse,sanger",4,COSN7752768,NA,L1MC1,FALSE,0.1562,NA,10,54,NA,NA,NA,Intron,FALSE,FALSE,FALSE,FALSE,2,1,1,1_1,d4907a1b-8b06-47c5-8bca-c781d9cddaf8,NA
4,173863959,173863959,1,snv_mnv,NA,NA,"broad,dkfz,muse,sanger",4,COSN7753136,NA,NA,FALSE,0.1892,NA,14,60,NA,NA,NA,Intron,FALSE,FALSE,FALSE,FALSE,2,1,1,1_1,d4907a1b-8b06-47c5-8bca-c781d9cddaf8,NA
4,174387205,174387205,1,snv_mnv,NA,NA,"broad,dkfz,muse",3,COSN7753245,NA,NA,FALSE,0.193,NA,11,46,NA,NA,NA,lincRNA,FALSE,FALSE,FALSE,FALSE,2,1,1,1_1,d4907a1b-8b06-47c5-8bca-c781d9cddaf8,AC093849.1
4,176108161,176108161,1,snv_mnv,NA,NA,"broad,dkfz,muse,sanger",4,COSN7753858,NA,NA,FALSE,0.2414,NA,14,44,NA,NA,NA,IGR,FALSE,FALSE,FALSE,FALSE,2,1,1,1_1,d4907a1b-8b06-47c5-8bca-c781d9cddaf8,NA
4,176232520,176232520,1,snv_mnv,1.9968e-4,rs534735827,"broad,dkfz,muse,sanger",4,COSN7753913,rs534735827,NA,FALSE,0.2759,NA,16,42,NA,NA,NA,IGR,FALSE,FALSE,FALSE,FALSE,1,1,0,1_0,d4907a1b-8b06-47c5-8bca-c781d9cddaf8,NA
4,176913425,176913425,1,snv_mnv,NA,NA,"broad,dkfz,muse,sanger",4,COSN7754309,NA,NA,FALSE,0.2045,NA,9,35,NA,NA,NA,Intron,FALSE,FALSE,TRUE,FALSE,1,1,0,1_0,d4907a1b-8b06-47c5-8bca-c781d9cddaf8,NA
4,178843723,178843723,1,snv_mnv,NA,NA,"broad,dkfz,muse,sanger",4,COSN7755199,NA,ERVL-B4-int,FALSE,0.3958,NA,19,29,NA,NA,NA,Intron,FALSE,FALSE,FALSE,FALSE,1,1,0,1_0,d4907a1b-8b06-47c5-8bca-c781d9cddaf8,NA
4,179651733,179651733,1,snv_mnv,NA,NA,"broad,dkfz,muse",3,COSN7755603,NA,NA,FALSE,0.3208,NA,17,36,NA,NA,NA,IGR,FALSE,FALSE,FALSE,FALSE,1,1,0,1_0,d4907a1b-8b06-47c5-8bca-c781d9cddaf8,NA
4,179963656,179963656,1,snv_mnv,NA,NA,"broad,dkfz,muse,sanger",4,COSN7755860,NA,L1MD2,FALSE,0.1373,NA,7,44,NA,NA,NA,IGR,FALSE,FALSE,FALSE,FALSE,1,1,0,1_0,d4907a1b-8b06-47c5-8bca-c781d9cddaf8,NA
4,180069640,180069640,1,snv_mnv,NA,NA,"broad,dkfz,muse,sanger",4,COSN7755961,NA,NA,FALSE,0.2174,NA,10,36,NA,NA,NA,IGR,FALSE,FALSE,FALSE,FALSE,1,1,0,1_0,d4907a1b-8b06-47c5-8bca-c781d9cddaf8,NA
4,180143191,180143191,1,snv_mnv,NA,NA,"broad,dkfz,muse,sanger",4,COSN7756033,rs535701614,MLT1C,FALSE,0.1667,NA,7,35,NA,NA,NA,IGR,FALSE,FALSE,FALSE,FALSE,1,1,0,1_0,d4907a1b-8b06-47c5-8bca-c781d9cddaf8,NA
4,180958802,180958802,1,snv_mnv,NA,NA,"broad,dkfz,muse,sanger",4,COSN7756838,NA,Tigger1,FALSE,0.2642,NA,14,39,NA,NA,NA,IGR,FALSE,FALSE,FALSE,FALSE,1,1,0,1_0,d4907a1b-8b06-47c5-8bca-c781d9cddaf8,NA
4,181230015,181230015,1,snv_mnv,NA,NA,"broad,dkfz,muse,sanger",4,COSN7757077,NA,NA,FALSE,0.25,NA,16,48,NA,NA,NA,IGR,FALSE,FALSE,FALSE,FALSE,1,1,0,1_0,d4907a1b-8b06-47c5-8bca-c781d9cddaf8,NA
4,182051622,182051622,1,snv_mnv,NA,NA,"broad,dkfz,muse,sanger",4,COSN7757813,NA,MER11C,FALSE,0.2791,NA,12,31,NA,NA,NA,lincRNA,FALSE,FALSE,FALSE,FALSE,1,1,0,1_0,d4907a1b-8b06-47c5-8bca-c781d9cddaf8,NA
4,182622915,182622915,1,snv_mnv,NA,NA,"broad,dkfz,muse,sanger",4,COSN7475253,NA,NA,FALSE,0.1636,NA,9,46,NA,NA,NA,IGR,FALSE,FALSE,FALSE,FALSE,1,1,0,1_0,d4907a1b-8b06-47c5-8bca-c781d9cddaf8,NA
4,184519919,184519919,1,snv_mnv,NA,NA,"broad,dkfz,muse,sanger",4,COSN7476143,NA,L1M4,FALSE,0.386,NA,22,35,NA,NA,NA,IGR,FALSE,FALSE,FALSE,FALSE,1,1,0,1_0,d4907a1b-8b06-47c5-8bca-c781d9cddaf8,NA
4,186961999,186961999,1,snv_mnv,NA,NA,"broad,muse,sanger",3,COSN7476781,NA,AluSc,FALSE,0.2326,NA,10,33,NA,NA,NA,IGR,FALSE,FALSE,TRUE,FALSE,1,1,0,1_0,d4907a1b-8b06-47c5-8bca-c781d9cddaf8,NA
4,190237875,190237875,1,snv_mnv,NA,NA,"broad,dkfz,muse,sanger",4,COSN7478804,NA,L1MB8,FALSE,0.2321,NA,13,43,NA,NA,NA,IGR,FALSE,FALSE,FALSE,FALSE,1,1,0,1_0,d4907a1b-8b06-47c5-8bca-c781d9cddaf8,NA
5,340576,340576,1,snv_mnv,NA,NA,"broad,dkfz,muse,sanger",4,COSN7938923,NA,MLT1A,FALSE,0.3514,NA,26,48,NA,NA,NA,Intron,FALSE,FALSE,FALSE,FALSE,4,2,2,2_2,d4907a1b-8b06-47c5-8bca-c781d9cddaf8,AHRR
5,1638427,1638427,1,snv_mnv,NA,NA,"dkfz,sanger",2,COSN7907137,NA,NA,FALSE,0.1719,NA,11,53,NA,NA,NA,IGR,FALSE,FALSE,FALSE,FALSE,4,2,2,2_2,d4907a1b-8b06-47c5-8bca-c781d9cddaf8,AC026412.1
5,2049292,2049292,1,snv_mnv,NA,NA,"broad,dkfz,muse,sanger",4,COSN7927314,NA,NA,FALSE,0.3333,NA,24,48,NA,NA,NA,IGR,FALSE,FALSE,FALSE,FALSE,4,2,2,2_2,d4907a1b-8b06-47c5-8bca-c781d9cddaf8,NA
5,2112951,2112951,1,snv_mnv,NA,NA,"broad,dkfz,muse,sanger",4,COSN7927880,NA,NA,FALSE,0.3026,NA,23,53,NA,NA,NA,IGR,FALSE,FALSE,FALSE,FALSE,4,2,2,2_2,d4907a1b-8b06-47c5-8bca-c781d9cddaf8,NA
5,2311093,2311093,1,snv_mnv,NA,NA,"broad,dkfz,muse",3,COSN7929346,NA,NA,FALSE,0.1868,NA,17,74,NA,NA,NA,IGR,FALSE,FALSE,FALSE,FALSE,4,2,2,2_2,d4907a1b-8b06-47c5-8bca-c781d9cddaf8,NA
5,2410651,2410651,1,snv_mnv,NA,NA,"broad,dkfz,muse,sanger",4,COSN7930330,NA,NA,FALSE,0.1184,NA,9,67,NA,NA,NA,IGR,FALSE,FALSE,FALSE,FALSE,4,2,2,2_2,d4907a1b-8b06-47c5-8bca-c781d9cddaf8,NA
5,2717288,2717288,1,snv_mnv,NA,NA,"broad,dkfz,muse,sanger",4,COSN7933993,NA,NA,FALSE,0.2817,NA,20,51,NA,NA,NA,IGR,FALSE,FALSE,FALSE,FALSE,4,2,2,2_2,d4907a1b-8b06-47c5-8bca-c781d9cddaf8,AC091891.2
5,2760875,2760875,1,snv_mnv,NA,NA,"broad,dkfz,muse,sanger",4,COSN7934435,NA,L1MD,FALSE,0.1444,NA,13,77,NA,NA,NA,IGR,FALSE,FALSE,FALSE,FALSE,4,2,2,2_2,d4907a1b-8b06-47c5-8bca-c781d9cddaf8,NA
5,2879747,2879747,1,snv_mnv,NA,NA,"broad,dkfz,muse,sanger",4,COSN7935586,NA,L1ME3,FALSE,0.16,NA,20,105,NA,NA,NA,IGR,FALSE,FALSE,FALSE,FALSE,4,2,2,2_2,d4907a1b-8b06-47c5-8bca-c781d9cddaf8,NA
5,2919613,2919613,1,snv_mnv,NA,NA,"broad,dkfz,muse,sanger",4,COSN7935886,NA,NA,FALSE,0.3095,NA,26,58,NA,NA,NA,IGR,FALSE,FALSE,FALSE,FALSE,4,2,2,2_2,d4907a1b-8b06-47c5-8bca-c781d9cddaf8,NA
5,2965245,2965245,1,snv_mnv,NA,NA,"broad,dkfz,muse,sanger",4,COSN7936273,NA,NA,FALSE,0.2656,NA,17,47,NA,NA,NA,lincRNA,FALSE,FALSE,FALSE,FALSE,4,2,2,2_2,d4907a1b-8b06-47c5-8bca-c781d9cddaf8,NA
5,3026047,3026047,1,snv_mnv,NA,NA,"broad,dkfz,muse,sanger",4,COSN7936838,NA,NA,FALSE,0.1688,NA,13,64,NA,NA,NA,IGR,FALSE,FALSE,FALSE,FALSE,4,2,2,2_2,d4907a1b-8b06-47c5-8bca-c781d9cddaf8,NA
5,3124849,3124849,1,snv_mnv,NA,NA,"broad,dkfz,muse,sanger",4,COSN7937488,NA,NA,FALSE,0.1282,NA,10,68,NA,NA,NA,IGR,FALSE,FALSE,FALSE,FALSE,4,2,2,2_2,d4907a1b-8b06-47c5-8bca-c781d9cddaf8,NA
5,3134025,3134025,1,snv_mnv,NA,NA,"broad,dkfz,muse,sanger",4,COSN7937544,NA,NA,FALSE,0.2597,NA,20,57,NA,NA,NA,IGR,FALSE,FALSE,FALSE,FALSE,4,2,2,2_2,d4907a1b-8b06-47c5-8bca-c781d9cddaf8,NA
5,3164179,3164179,1,snv_mnv,NA,NA,"broad,dkfz,muse,sanger",4,COSN7937675,NA,MLT1H,FALSE,0.3939,NA,26,40,NA,NA,NA,IGR,FALSE,FALSE,FALSE,FALSE,4,2,2,2_2,d4907a1b-8b06-47c5-8bca-c781d9cddaf8,NA
5,3204071,3204071,1,snv_mnv,NA,NA,"broad,dkfz,muse,sanger",4,COSN7937881,NA,NA,FALSE,0.3091,NA,17,38,NA,NA,NA,IGR,FALSE,FALSE,FALSE,FALSE,4,2,2,2_2,d4907a1b-8b06-47c5-8bca-c781d9cddaf8,NA
5,3557476,3557476,1,snv_mnv,NA,NA,"broad,dkfz,muse,sanger",4,COSN7939499,NA,NA,FALSE,0.1979,NA,19,77,NA,NA,NA,IGR,FALSE,FALSE,FALSE,FALSE,4,2,2,2_2,d4907a1b-8b06-47c5-8bca-c781d9cddaf8,NA
5,3585868,3585868,1,snv_mnv,NA,NA,"broad,dkfz,muse,sanger",4,COSN7939652,NA,NA,FALSE,0.0952,NA,8,76,NA,NA,NA,IGR,FALSE,FALSE,FALSE,FALSE,4,2,2,2_2,d4907a1b-8b06-47c5-8bca-c781d9cddaf8,NA
5,3625002,3625002,1,snv_mnv,NA,NA,"broad,dkfz,muse,sanger",4,COSN7939828,NA,NA,FALSE,0.1744,NA,15,71,NA,NA,NA,IGR,FALSE,FALSE,FALSE,FALSE,4,2,2,2_2,d4907a1b-8b06-47c5-8bca-c781d9cddaf8,NA
5,3673190,3673190,1,snv_mnv,NA,NA,"broad,dkfz,muse,sanger",4,COSN7940046,NA,THE1D,FALSE,0.1594,NA,11,58,NA,NA,NA,IGR,FALSE,FALSE,FALSE,FALSE,4,2,2,2_2,d4907a1b-8b06-47c5-8bca-c781d9cddaf8,NA
5,3920400,3920400,1,snv_mnv,NA,NA,"broad,dkfz,muse,sanger",4,COSN7941132,NA,L1MA3,FALSE,0.2432,NA,27,84,NA,NA,NA,IGR,FALSE,FALSE,FALSE,FALSE,4,2,2,2_2,d4907a1b-8b06-47c5-8bca-c781d9cddaf8,NA
5,3968787,3968787,1,snv_mnv,NA,NA,"broad,dkfz,muse,sanger",4,COSN7941333,NA,AluSz,FALSE,0.2857,NA,22,55,NA,NA,NA,IGR,FALSE,FALSE,TRUE,FALSE,4,2,2,2_2,d4907a1b-8b06-47c5-8bca-c781d9cddaf8,NA
5,4046771,4046771,1,snv_mnv,NA,NA,"broad,dkfz,muse,sanger",4,COSN7941656,NA,L1M1,FALSE,0.2073,NA,17,65,NA,NA,NA,IGR,FALSE,FALSE,FALSE,FALSE,4,2,2,2_2,d4907a1b-8b06-47c5-8bca-c781d9cddaf8,AC025187.1
5,4716693,4716693,1,snv_mnv,NA,NA,"broad,dkfz,muse,sanger",4,COSN7944873,NA,NA,FALSE,0.1402,NA,15,92,NA,NA,NA,lincRNA,FALSE,FALSE,TRUE,FALSE,4,2,2,2_2,d4907a1b-8b06-47c5-8bca-c781d9cddaf8,NA
5,4788673,4788673,1,snv_mnv,NA,NA,"broad,dkfz,muse,sanger",4,COSN7944951,NA,L1MC2,FALSE,0.1963,NA,21,86,NA,NA,NA,lincRNA,FALSE,FALSE,FALSE,FALSE,4,2,2,2_2,d4907a1b-8b06-47c5-8bca-c781d9cddaf8,NA
5,5567869,5567869,1,snv_mnv,NA,NA,"broad,dkfz,muse,sanger",4,COSN7947544,NA,NA,FALSE,0.1194,NA,8,59,NA,NA,NA,IGR,FALSE,FALSE,FALSE,FALSE,4,2,2,2_2,d4907a1b-8b06-47c5-8bca-c781d9cddaf8,NA
5,5677950,5677950,1,snv_mnv,NA,NA,"broad,muse,sanger",3,COSN7947872,NA,NA,FALSE,0.2857,NA,24,60,NA,NA,NA,IGR,FALSE,FALSE,FALSE,FALSE,4,2,2,2_2,d4907a1b-8b06-47c5-8bca-c781d9cddaf8,NA
5,6207019,6207019,1,snv_mnv,NA,NA,"broad,dkfz,muse,sanger",4,COSN7949547,NA,NA,FALSE,0.34,NA,34,66,NA,NA,NA,IGR,FALSE,FALSE,FALSE,FALSE,4,2,2,2_2,d4907a1b-8b06-47c5-8bca-c781d9cddaf8,NA
5,7202553,7202553,1,snv_mnv,NA,NA,"broad,dkfz,muse,sanger",4,COSN7952273,NA,L2,FALSE,0.2921,NA,26,63,NA,NA,NA,IGR,FALSE,FALSE,FALSE,FALSE,4,2,2,2_2,d4907a1b-8b06-47c5-8bca-c781d9cddaf8,NA
5,7434934,7434934,1,snv_mnv,NA,NA,"broad,dkfz,muse,sanger",4,COSN7579494,NA,NA,FALSE,0.3049,NA,25,57,NA,NA,NA,Intron,FALSE,FALSE,FALSE,FALSE,4,2,2,2_2,d4907a1b-8b06-47c5-8bca-c781d9cddaf8,NA
5,7577742,7577742,1,snv_mnv,NA,NA,"broad,dkfz,muse,sanger",4,COSN7579895,NA,NA,FALSE,0.3051,NA,18,41,NA,NA,NA,Intron,FALSE,FALSE,FALSE,FALSE,4,2,2,2_2,d4907a1b-8b06-47c5-8bca-c781d9cddaf8,NA
5,7674030,7674030,1,snv_mnv,NA,NA,"broad,dkfz,muse,sanger",4,COSN7580163,NA,NA,FALSE,0.1972,NA,14,57,NA,NA,NA,Intron,FALSE,FALSE,FALSE,FALSE,4,2,2,2_2,d4907a1b-8b06-47c5-8bca-c781d9cddaf8,NA
5,7697484,7697484,1,snv_mnv,NA,NA,"broad,dkfz,muse,sanger",4,COSN7580232,NA,NA,FALSE,0.2118,NA,18,67,NA,NA,NA,Intron,FALSE,FALSE,FALSE,FALSE,4,2,2,2_2,d4907a1b-8b06-47c5-8bca-c781d9cddaf8,ADCY2
5,8806489,8806489,1,snv_mnv,NA,NA,"broad,dkfz,muse,sanger",4,COSN7584921,NA,L1PB1,FALSE,0.2903,NA,27,66,NA,NA,NA,IGR,FALSE,FALSE,FALSE,FALSE,4,2,2,2_2,d4907a1b-8b06-47c5-8bca-c781d9cddaf8,NA
5,9141035,9141035,1,snv_mnv,NA,NA,"broad,dkfz,muse,sanger",4,COSN7586351,NA,NA,FALSE,0.2597,NA,20,57,NA,NA,NA,Intron,FALSE,FALSE,FALSE,FALSE,4,2,2,2_2,d4907a1b-8b06-47c5-8bca-c781d9cddaf8,NA
5,9192036,9192036,1,snv_mnv,NA,NA,"broad,muse",2,COSN7586572,NA,NA,FALSE,0.234,NA,11,36,NA,NA,NA,Intron,FALSE,FALSE,FALSE,FALSE,4,2,2,2_2,d4907a1b-8b06-47c5-8bca-c781d9cddaf8,NA
5,9330278,9330278,1,snv_mnv,NA,NA,"broad,dkfz,muse,sanger",4,COSN7587168,NA,AluY,FALSE,0.1605,NA,13,68,NA,NA,NA,Intron,FALSE,FALSE,FALSE,FALSE,4,2,2,2_2,d4907a1b-8b06-47c5-8bca-c781d9cddaf8,NA
5,9334157,9334157,1,snv_mnv,NA,NA,"broad,dkfz,muse,sanger",4,COSN7587184,NA,NA,FALSE,0.2222,NA,20,70,NA,NA,NA,Intron,FALSE,FALSE,FALSE,FALSE,4,2,2,2_2,d4907a1b-8b06-47c5-8bca-c781d9cddaf8,NA
5,9643737,9643737,1,snv_mnv,NA,NA,"broad,dkfz,muse,sanger",4,COSN7588141,NA,Tigger3c,FALSE,0.1275,NA,13,89,NA,NA,NA,RNA,FALSE,FALSE,FALSE,FALSE,4,2,2,2_2,d4907a1b-8b06-47c5-8bca-c781d9cddaf8,NA
5,9866979,9866979,1,snv_mnv,NA,NA,"broad,dkfz,muse,sanger",4,COSN7588962,NA,L1MEg,FALSE,0.1458,NA,14,82,NA,NA,NA,lincRNA,FALSE,FALSE,FALSE,FALSE,4,2,2,2_2,d4907a1b-8b06-47c5-8bca-c781d9cddaf8,NA
5,10491126,10491126,1,snv_mnv,NA,NA,"broad,dkfz,muse,sanger",4,COSN7853719,NA,MER5B,FALSE,0.2338,NA,18,59,NA,NA,NA,lincRNA,FALSE,FALSE,FALSE,FALSE,4,2,2,2_2,d4907a1b-8b06-47c5-8bca-c781d9cddaf8,"RPL30P7,LINC02212,AC092336.1"
5,10608188,10608188,1,snv_mnv,NA,NA,"broad,dkfz,muse,sanger",4,COSN7854459,NA,AluSz,FALSE,0.2642,NA,14,39,NA,NA,NA,Intron,FALSE,FALSE,FALSE,FALSE,4,2,2,2_2,d4907a1b-8b06-47c5-8bca-c781d9cddaf8,NA
5,10966192,10966192,1,snv_mnv,NA,NA,"broad,muse,sanger",3,COSN7855641,NA,AluSp,FALSE,0.2029,NA,14,55,NA,NA,NA,IGR,FALSE,FALSE,FALSE,FALSE,4,2,2,2_2,d4907a1b-8b06-47c5-8bca-c781d9cddaf8,NA
5,11145009,11145009,1,snv_mnv,NA,NA,"broad,dkfz,muse,sanger",4,COSN7856403,NA,NA,FALSE,0.2222,NA,16,56,NA,NA,NA,Intron,FALSE,FALSE,FALSE,FALSE,4,2,2,2_2,d4907a1b-8b06-47c5-8bca-c781d9cddaf8,NA
5,11145025,11145025,1,snv_mnv,NA,NA,"broad,dkfz,muse,sanger",4,COSN7856404,NA,NA,FALSE,0.2394,NA,17,54,NA,NA,NA,Intron,FALSE,FALSE,FALSE,FALSE,4,2,2,2_2,d4907a1b-8b06-47c5-8bca-c781d9cddaf8,NA
5,11732309,11732309,1,snv_mnv,NA,NA,"broad,dkfz,muse,sanger",4,COSM3784452,NA,NA,FALSE,0.2273,NA,15,51,NA,NA,NA,Missense_Mutation,FALSE,FALSE,FALSE,FALSE,4,2,2,2_2,d4907a1b-8b06-47c5-8bca-c781d9cddaf8,NA
5,11798305,11798305,1,snv_mnv,NA,NA,"broad,dkfz,muse,sanger",4,COSN7859313,NA,AluSx,FALSE,0.1486,NA,11,63,NA,NA,NA,Intron,FALSE,FALSE,FALSE,FALSE,4,2,2,2_2,d4907a1b-8b06-47c5-8bca-c781d9cddaf8,NA
5,11956577,11956577,1,snv_mnv,NA,NA,"broad,dkfz,muse,sanger",4,COSN7859934,NA,NA,FALSE,0.1978,NA,18,73,NA,NA,NA,IGR,FALSE,FALSE,FALSE,FALSE,4,2,2,2_2,d4907a1b-8b06-47c5-8bca-c781d9cddaf8,NA
5,12134968,12134968,1,snv_mnv,NA,NA,"broad,dkfz,muse,sanger",4,COSN7861020,NA,L1PA15,FALSE,0.2979,NA,28,66,NA,NA,NA,IGR,FALSE,FALSE,FALSE,FALSE,4,2,2,2_2,d4907a1b-8b06-47c5-8bca-c781d9cddaf8,NA
5,12227980,12227980,1,snv_mnv,NA,NA,"broad,dkfz,muse,sanger",4,COSN7861413,NA,NA,FALSE,0.1263,NA,12,83,NA,NA,NA,IGR,FALSE,FALSE,TRUE,FALSE,4,2,2,2_2,d4907a1b-8b06-47c5-8bca-c781d9cddaf8,NA
5,12363464,12363464,1,snv_mnv,0.0013978,rs546743992,"broad,dkfz,muse,sanger",4,COSN7861884,rs546743992,NA,FALSE,0.1442,NA,15,89,NA,NA,NA,IGR,FALSE,FALSE,FALSE,FALSE,4,2,2,2_2,d4907a1b-8b06-47c5-8bca-c781d9cddaf8,NA
5,12373373,12373373,1,snv_mnv,NA,NA,"broad,dkfz,muse,sanger",4,COSN7861909,NA,L1MEg,FALSE,0.25,NA,24,72,NA,NA,NA,IGR,FALSE,FALSE,FALSE,FALSE,4,2,2,2_2,d4907a1b-8b06-47c5-8bca-c781d9cddaf8,NA
5,12794742,12794742,1,snv_mnv,NA,NA,"broad,dkfz,muse,sanger",4,COSN7873243,NA,NA,FALSE,0.4528,NA,24,29,NA,NA,NA,IGR,FALSE,FALSE,FALSE,FALSE,4,2,2,2_2,d4907a1b-8b06-47c5-8bca-c781d9cddaf8,AC106794.1
5,12890045,12890045,1,snv_mnv,NA,NA,"broad,dkfz,muse,sanger",4,COSN7873738,NA,NA,FALSE,0.3019,NA,32,74,NA,NA,NA,IGR,FALSE,FALSE,FALSE,FALSE,4,2,2,2_2,d4907a1b-8b06-47c5-8bca-c781d9cddaf8,NA
5,12900704,12900704,1,snv_mnv,NA,NA,"broad,dkfz,muse,sanger",4,COSN7873809,NA,AluSx3,FALSE,0.0645,NA,4,58,NA,NA,NA,IGR,FALSE,FALSE,FALSE,FALSE,4,2,2,2_2,d4907a1b-8b06-47c5-8bca-c781d9cddaf8,NA
5,12959016,12959016,1,snv_mnv,NA,NA,"broad,dkfz,muse,sanger",4,COSN7874189,NA,Tigger1,FALSE,0.12,NA,12,88,NA,NA,NA,lincRNA,FALSE,FALSE,FALSE,FALSE,4,2,2,2_2,d4907a1b-8b06-47c5-8bca-c781d9cddaf8,NA
5,13069311,13069311,1,snv_mnv,NA,NA,"broad,dkfz,muse,sanger",4,COSN7874722,NA,Charlie1a,FALSE,0.3483,NA,31,58,NA,NA,NA,IGR,FALSE,FALSE,FALSE,FALSE,4,2,2,2_2,d4907a1b-8b06-47c5-8bca-c781d9cddaf8,NA
5,13127570,13127570,1,snv_mnv,NA,NA,"broad,dkfz,muse,sanger",4,COSN7874896,NA,L1MA9,FALSE,0.2929,NA,29,70,NA,NA,NA,IGR,FALSE,FALSE,TRUE,FALSE,4,2,2,2_2,d4907a1b-8b06-47c5-8bca-c781d9cddaf8,NA
5,13312761,13312761,1,snv_mnv,NA,NA,"broad,dkfz,muse,sanger",4,COSN7875422,NA,NA,FALSE,0.2474,NA,24,73,NA,NA,NA,IGR,FALSE,FALSE,FALSE,FALSE,4,2,2,2_2,d4907a1b-8b06-47c5-8bca-c781d9cddaf8,NA
5,14361191,14361191,1,snv_mnv,NA,NA,"broad,dkfz,muse,sanger",4,COSN7878503,NA,NA,FALSE,0.1842,NA,14,62,NA,NA,NA,Intron,FALSE,FALSE,FALSE,FALSE,4,2,2,2_2,d4907a1b-8b06-47c5-8bca-c781d9cddaf8,NA
5,15380843,15380843,1,snv_mnv,NA,NA,"broad,dkfz,muse,sanger",4,COSN7882123,rs554059732,MSTA,FALSE,0.284,NA,23,58,NA,NA,NA,IGR,FALSE,FALSE,FALSE,FALSE,4,2,2,2_2,d4907a1b-8b06-47c5-8bca-c781d9cddaf8,MARK2P5
5,15567997,15567997,1,snv_mnv,NA,NA,"broad,muse,sanger",3,COSN7903101,NA,L1PA4,FALSE,0.2329,NA,17,56,NA,NA,NA,Intron,FALSE,FALSE,FALSE,FALSE,4,2,2,2_2,d4907a1b-8b06-47c5-8bca-c781d9cddaf8,NA
5,16091001,16091001,1,snv_mnv,NA,NA,"broad,dkfz,muse,sanger",4,COSM3784755,NA,NA,FALSE,0.1532,NA,17,94,NA,NA,NA,Missense_Mutation,FALSE,FALSE,FALSE,FALSE,4,2,2,2_2,d4907a1b-8b06-47c5-8bca-c781d9cddaf8,NA
5,16196164,16196164,1,snv_mnv,NA,NA,"broad,dkfz,muse,sanger",4,COSN7906030,NA,THE1B-int,FALSE,0.3023,NA,26,60,NA,NA,NA,IGR,FALSE,FALSE,FALSE,FALSE,4,2,2,2_2,d4907a1b-8b06-47c5-8bca-c781d9cddaf8,NACAP6
5,16486596,16486596,1,snv_mnv,NA,NA,"broad,dkfz,muse,sanger",4,COSN7907918,NA,MIR3,FALSE,0.1443,NA,14,83,NA,NA,NA,Intron,FALSE,FALSE,FALSE,FALSE,4,2,2,2_2,d4907a1b-8b06-47c5-8bca-c781d9cddaf8,NA
5,17219929,17219929,1,snv_mnv,NA,NA,"broad,dkfz,muse,sanger",4,COSN7911999,NA,NA,FALSE,0.1667,NA,13,65,NA,NA,NA,Intron,FALSE,FALSE,FALSE,FALSE,4,2,2,2_2,d4907a1b-8b06-47c5-8bca-c781d9cddaf8,BASP1-AS1
5,17506170,17506170,1,snv_mnv,NA,NA,"broad,dkfz,muse,sanger",4,COSN7923113,NA,NA,FALSE,0.1359,NA,14,89,NA,NA,NA,IGR,FALSE,FALSE,FALSE,FALSE,4,2,2,2_2,d4907a1b-8b06-47c5-8bca-c781d9cddaf8,AC106774.1
5,17747971,17747971,1,snv_mnv,NA,NA,"broad,dkfz,muse,sanger",4,COSN7923764,NA,NA,FALSE,0.1379,NA,12,75,NA,NA,NA,IGR,FALSE,FALSE,FALSE,FALSE,4,2,2,2_2,d4907a1b-8b06-47c5-8bca-c781d9cddaf8,NA
5,17853827,17853827,1,snv_mnv,NA,NA,"broad,dkfz,muse,sanger",4,COSN7924288,NA,NA,FALSE,0.3182,NA,28,60,NA,NA,NA,lincRNA,FALSE,FALSE,FALSE,FALSE,4,2,2,2_2,d4907a1b-8b06-47c5-8bca-c781d9cddaf8,NA
5,18157142,18157142,1,snv_mnv,NA,NA,"broad,dkfz,muse,sanger",4,COSN7925278,NA,NA,FALSE,0.1158,NA,11,84,NA,NA,NA,IGR,FALSE,FALSE,FALSE,TRUE,4,2,2,2_2,d4907a1b-8b06-47c5-8bca-c781d9cddaf8,NA
5,18381855,18381855,1,snv_mnv,NA,NA,"broad,dkfz,muse,sanger",4,COSN7925496,NA,NA,FALSE,0.3478,NA,32,60,NA,NA,NA,IGR,FALSE,FALSE,FALSE,FALSE,4,2,2,2_2,d4907a1b-8b06-47c5-8bca-c781d9cddaf8,NA
5,18528615,18528615,1,snv_mnv,NA,NA,"broad,dkfz,muse,sanger",4,COSN7925619,NA,L1M5,FALSE,0.1383,NA,13,81,NA,NA,NA,IGR,FALSE,FALSE,FALSE,FALSE,4,2,2,2_2,d4907a1b-8b06-47c5-8bca-c781d9cddaf8,NA
5,19085080,19085080,1,snv_mnv,NA,NA,"broad,dkfz,muse,sanger",4,COSN7926065,NA,NA,FALSE,0.1522,NA,14,78,NA,NA,NA,lincRNA,FALSE,FALSE,FALSE,FALSE,4,2,2,2_2,d4907a1b-8b06-47c5-8bca-c781d9cddaf8,NA
5,19285201,19285201,1,snv_mnv,NA,NA,"broad,dkfz,muse,sanger",4,COSN7926226,NA,MSTA,FALSE,0.2584,NA,23,66,NA,NA,NA,IGR,FALSE,FALSE,FALSE,FALSE,4,2,2,2_2,d4907a1b-8b06-47c5-8bca-c781d9cddaf8,NA
5,19686175,19686175,1,snv_mnv,NA,NA,"broad,dkfz,muse,sanger",4,COSN7926572,NA,NA,FALSE,0.3302,NA,35,71,NA,NA,NA,Intron,FALSE,FALSE,FALSE,FALSE,4,2,2,2_2,d4907a1b-8b06-47c5-8bca-c781d9cddaf8,NA
5,19702831,19702831,1,snv_mnv,NA,NA,"broad,muse,sanger",3,COSN7926593,NA,MER9a3,FALSE,0.3231,NA,21,44,NA,NA,NA,Intron,FALSE,FALSE,FALSE,FALSE,4,2,2,2_2,d4907a1b-8b06-47c5-8bca-c781d9cddaf8,NA
5,19999667,19999667,1,snv_mnv,1.9968e-4,rs548227826,"broad,dkfz,muse,sanger",4,COSN7926875,rs548227826,AluSq2,FALSE,0.2857,NA,20,50,NA,NA,NA,Intron,FALSE,FALSE,FALSE,FALSE,4,2,2,2_2,d4907a1b-8b06-47c5-8bca-c781d9cddaf8,NA
5,20110490,20110490,1,snv_mnv,NA,NA,"broad,dkfz,muse,sanger",4,COSN7926979,NA,NA,FALSE,0.1486,NA,11,63,NA,NA,NA,Intron,FALSE,FALSE,TRUE,FALSE,4,2,2,2_2,d4907a1b-8b06-47c5-8bca-c781d9cddaf8,NA
5,20162706,20162706,1,snv_mnv,NA,NA,"broad,dkfz,muse,sanger",4,COSN7927029,NA,MLT1H2,FALSE,0.1525,NA,9,50,NA,NA,NA,Intron,FALSE,FALSE,FALSE,FALSE,4,2,2,2_2,d4907a1b-8b06-47c5-8bca-c781d9cddaf8,AC093303.1
5,20173239,20173239,1,snv_mnv,NA,NA,"broad,dkfz,muse,sanger",4,COSN7927038,NA,NA,FALSE,0.1585,NA,13,69,NA,NA,NA,Intron,FALSE,FALSE,FALSE,FALSE,4,2,2,2_2,d4907a1b-8b06-47c5-8bca-c781d9cddaf8,NA
5,20238279,20238279,1,snv_mnv,NA,NA,"broad,dkfz,muse,sanger",4,COSN7927093,NA,L1MEc,FALSE,0.1405,NA,17,104,NA,NA,NA,Intron,FALSE,FALSE,FALSE,FALSE,4,2,2,2_2,d4907a1b-8b06-47c5-8bca-c781d9cddaf8,NA
5,20476341,20476341,1,snv_mnv,NA,NA,"broad,dkfz,muse,sanger",4,COSN7927300,NA,MLT1K,FALSE,0.1837,NA,18,80,NA,NA,NA,Intron,FALSE,FALSE,FALSE,FALSE,4,2,2,2_2,d4907a1b-8b06-47c5-8bca-c781d9cddaf8,NA
5,20557803,20557803,1,snv_mnv,NA,NA,"broad,dkfz,muse,sanger",4,COSN7927367,NA,NA,FALSE,0.1518,NA,17,95,NA,NA,NA,Intron,FALSE,FALSE,FALSE,FALSE,4,2,2,2_2,d4907a1b-8b06-47c5-8bca-c781d9cddaf8,NA
5,20687671,20687671,1,snv_mnv,NA,NA,"broad,dkfz,muse,sanger",4,COSN7927501,NA,NA,FALSE,0.3077,NA,20,45,NA,NA,NA,lincRNA,FALSE,FALSE,TRUE,FALSE,4,2,2,2_2,d4907a1b-8b06-47c5-8bca-c781d9cddaf8,NA
5,20984229,20984229,1,snv_mnv,NA,NA,"broad,dkfz,muse,sanger",4,COSN7927749,NA,NA,FALSE,0.2,NA,14,56,NA,NA,NA,IGR,FALSE,FALSE,FALSE,FALSE,4,2,2,2_2,d4907a1b-8b06-47c5-8bca-c781d9cddaf8,NA
5,21021951,21021951,1,snv_mnv,NA,NA,"broad,dkfz,muse,sanger",4,COSN17972662,NA,NA,FALSE,0.2039,NA,21,82,NA,NA,NA,IGR,FALSE,FALSE,FALSE,FALSE,4,2,2,2_2,d4907a1b-8b06-47c5-8bca-c781d9cddaf8,NA
5,21533738,21533738,1,snv_mnv,NA,NA,"broad,dkfz,muse,sanger",4,COSN7928177,NA,NA,FALSE,0.2838,NA,21,53,NA,NA,NA,RNA,FALSE,FALSE,FALSE,FALSE,4,2,2,2_2,d4907a1b-8b06-47c5-8bca-c781d9cddaf8,NA
5,21533739,21533739,1,snv_mnv,NA,NA,"broad,dkfz,muse,sanger",4,COSN7928178,NA,NA,FALSE,0.2703,NA,20,54,NA,NA,NA,RNA,FALSE,FALSE,FALSE,FALSE,4,2,2,2_2,d4907a1b-8b06-47c5-8bca-c781d9cddaf8,NA
5,21713067,21713067,1,snv_mnv,NA,NA,"broad,dkfz,muse,sanger",4,COSN7928327,rs112600576,NA,FALSE,0.1294,NA,11,74,NA,NA,NA,RNA,FALSE,FALSE,FALSE,FALSE,4,2,2,2_2,d4907a1b-8b06-47c5-8bca-c781d9cddaf8,NA
5,21766553,21766553,1,snv_mnv,NA,NA,"broad,dkfz,muse,sanger",4,COSN7928366,NA,NA,FALSE,0.2718,NA,28,75,NA,NA,NA,Intron,FALSE,FALSE,TRUE,FALSE,4,2,2,2_2,d4907a1b-8b06-47c5-8bca-c781d9cddaf8,NA
5,21874049,21874049,1,snv_mnv,NA,NA,"broad,dkfz,muse,sanger",4,COSN7928442,NA,L1PA10,FALSE,0.1268,NA,9,62,NA,NA,NA,Intron,FALSE,FALSE,FALSE,FALSE,4,2,2,2_2,d4907a1b-8b06-47c5-8bca-c781d9cddaf8,NA
5,21930836,21930836,1,snv_mnv,NA,NA,"broad,dkfz,muse,sanger",4,COSN7928480,NA,NA,FALSE,0.1698,NA,18,88,NA,NA,NA,Intron,FALSE,FALSE,FALSE,FALSE,4,2,2,2_2,d4907a1b-8b06-47c5-8bca-c781d9cddaf8,NA
5,21940146,21940146,1,snv_mnv,NA,NA,"broad,muse,sanger",3,COSN7928487,NA,AluSx,FALSE,0.314,NA,27,59,NA,NA,NA,Intron,FALSE,FALSE,FALSE,FALSE,4,2,2,2_2,d4907a1b-8b06-47c5-8bca-c781d9cddaf8,NA
5,22582603,22582603,1,snv_mnv,NA,NA,"broad,dkfz,muse,sanger",4,COSN7928971,NA,L1M5,FALSE,0.163,NA,15,77,NA,NA,NA,Intron,FALSE,FALSE,FALSE,FALSE,4,2,2,2_2,d4907a1b-8b06-47c5-8bca-c781d9cddaf8,GCNT1P2
5,22608939,22608939,1,snv_mnv,NA,NA,"broad,dkfz,muse,sanger",4,COSN7928990,NA,THE1D,FALSE,0.1429,NA,13,78,NA,NA,NA,Intron,FALSE,FALSE,FALSE,FALSE,4,2,2,2_2,d4907a1b-8b06-47c5-8bca-c781d9cddaf8,NA
5,23300229,23300229,1,snv_mnv,NA,NA,"broad,dkfz,muse,sanger",4,COSN7929532,NA,NA,FALSE,0.1524,NA,16,89,NA,NA,NA,RNA,FALSE,FALSE,FALSE,FALSE,4,2,2,2_2,d4907a1b-8b06-47c5-8bca-c781d9cddaf8,"AC010460.3,RF00019"
5,23327170,23327170,1,snv_mnv,NA,NA,"broad,dkfz,muse,sanger",4,COSN7929568,NA,AluSc,FALSE,0.4035,NA,23,34,NA,NA,NA,IGR,FALSE,FALSE,FALSE,FALSE,4,2,2,2_2,d4907a1b-8b06-47c5-8bca-c781d9cddaf8,AC010460.1
5,23553139,23553139,1,snv_mnv,NA,NA,"broad,dkfz,muse,sanger",4,COSN7929811,NA,L1PA15,FALSE,0.1829,NA,15,67,NA,NA,NA,IGR,FALSE,FALSE,FALSE,FALSE,4,2,2,2_2,d4907a1b-8b06-47c5-8bca-c781d9cddaf8,NA
5,23605366,23605366,1,snv_mnv,NA,NA,"broad,dkfz,muse,sanger",4,COSN7929856,NA,NA,FALSE,0.2597,NA,20,57,NA,NA,NA,IGR,FALSE,FALSE,FALSE,FALSE,4,2,2,2_2,d4907a1b-8b06-47c5-8bca-c781d9cddaf8,NA
5,23612127,23612127,1,snv_mnv,NA,NA,"broad,dkfz,muse,sanger",4,COSN7929863,NA,L1MA2,FALSE,0.2708,NA,26,70,NA,NA,NA,IGR,FALSE,FALSE,FALSE,FALSE,4,2,2,2_2,d4907a1b-8b06-47c5-8bca-c781d9cddaf8,NA
5,23723408,23723408,1,snv_mnv,NA,NA,"broad,dkfz,muse,sanger",4,COSN7929990,NA,NA,FALSE,0.2059,NA,21,81,NA,NA,NA,IGR,FALSE,FALSE,FALSE,FALSE,4,2,2,2_2,d4907a1b-8b06-47c5-8bca-c781d9cddaf8,NA
5,23788927,23788927,1,snv_mnv,NA,NA,"broad,dkfz,muse,sanger",4,COSN7930043,NA,NA,FALSE,0.2533,NA,19,56,NA,NA,NA,IGR,FALSE,FALSE,FALSE,FALSE,4,2,2,2_2,d4907a1b-8b06-47c5-8bca-c781d9cddaf8,NA
5,24036345,24036345,1,snv_mnv,NA,NA,"broad,dkfz,muse,sanger",4,COSN7930272,NA,L1PA7,FALSE,0.175,NA,14,66,NA,NA,NA,IGR,FALSE,FALSE,FALSE,FALSE,4,2,2,2_2,d4907a1b-8b06-47c5-8bca-c781d9cddaf8,NA
5,24448824,24448824,1,snv_mnv,NA,NA,"broad,dkfz,muse,sanger",4,COSN7930688,NA,NA,FALSE,0.3404,NA,32,62,NA,NA,NA,IGR,FALSE,FALSE,TRUE,FALSE,4,2,2,2_2,d4907a1b-8b06-47c5-8bca-c781d9cddaf8,RF00017
5,24695226,24695226,1,snv_mnv,NA,NA,"broad,dkfz,muse,sanger",4,COSN7930965,NA,Tigger1,FALSE,0.2909,NA,32,78,NA,NA,NA,IGR,FALSE,FALSE,TRUE,FALSE,4,2,2,2_2,d4907a1b-8b06-47c5-8bca-c781d9cddaf8,NA
5,24732826,24732826,1,snv_mnv,NA,NA,"broad,dkfz,muse,sanger",4,COSN7931009,NA,NA,FALSE,0.268,NA,26,71,NA,NA,NA,IGR,FALSE,FALSE,FALSE,FALSE,4,2,2,2_2,d4907a1b-8b06-47c5-8bca-c781d9cddaf8,NA
5,24848563,24848563,1,snv_mnv,NA,NA,"broad,dkfz,muse,sanger",4,COSN7931150,NA,Tigger2,FALSE,0.2967,NA,27,64,NA,NA,NA,IGR,FALSE,FALSE,FALSE,FALSE,4,2,2,2_2,d4907a1b-8b06-47c5-8bca-c781d9cddaf8,NA
5,24910972,24910972,1,snv_mnv,NA,NA,"broad,dkfz,muse,sanger",4,COSN7931215,NA,L1M5,FALSE,0.1071,NA,12,100,NA,NA,NA,RNA,FALSE,FALSE,FALSE,FALSE,4,2,2,2_2,d4907a1b-8b06-47c5-8bca-c781d9cddaf8,RF00019
5,24945672,24945672,1,snv_mnv,NA,NA,"broad,dkfz,muse,sanger",4,COSN7931263,NA,L1MA4A,FALSE,0.3068,NA,27,61,NA,NA,NA,IGR,FALSE,FALSE,TRUE,FALSE,4,2,2,2_2,d4907a1b-8b06-47c5-8bca-c781d9cddaf8,NA
5,24956727,24956727,1,snv_mnv,NA,NA,"broad,dkfz,muse,sanger",4,COSN7931279,NA,NA,FALSE,0.321,NA,26,55,NA,NA,NA,IGR,FALSE,FALSE,FALSE,FALSE,4,2,2,2_2,d4907a1b-8b06-47c5-8bca-c781d9cddaf8,NA
5,25205217,25205217,1,snv_mnv,NA,NA,"broad,dkfz,muse,sanger",4,COSN7931561,NA,NA,FALSE,0.2809,NA,25,64,NA,NA,NA,lincRNA,FALSE,FALSE,FALSE,FALSE,4,2,2,2_2,d4907a1b-8b06-47c5-8bca-c781d9cddaf8,NA
5,25289299,25289299,1,snv_mnv,NA,NA,"broad,dkfz,muse,sanger",4,COSN7931675,NA,L1MB1,FALSE,0.1333,NA,12,78,NA,NA,NA,lincRNA,FALSE,FALSE,FALSE,FALSE,4,2,2,2_2,d4907a1b-8b06-47c5-8bca-c781d9cddaf8,NA
5,25334569,25334569,1,snv_mnv,NA,NA,"broad,dkfz,muse,sanger",4,COSN7931724,NA,MLT2A2,FALSE,0.1505,NA,14,79,NA,NA,NA,IGR,FALSE,FALSE,FALSE,FALSE,4,2,2,2_2,d4907a1b-8b06-47c5-8bca-c781d9cddaf8,NA
5,25353111,25353111,1,snv_mnv,NA,NA,"broad,dkfz,muse,sanger",4,COSN7931754,NA,NA,FALSE,0.1455,NA,16,94,NA,NA,NA,IGR,FALSE,FALSE,FALSE,FALSE,4,2,2,2_2,d4907a1b-8b06-47c5-8bca-c781d9cddaf8,AC106754.2
5,25552966,25552966,1,snv_mnv,NA,NA,"broad,dkfz,muse,sanger",4,COSN7931993,NA,NA,FALSE,0.2174,NA,20,72,NA,NA,NA,IGR,FALSE,FALSE,FALSE,FALSE,4,2,2,2_2,d4907a1b-8b06-47c5-8bca-c781d9cddaf8,NA
5,25619931,25619931,1,snv_mnv,NA,NA,"broad,dkfz,muse,sanger",4,COSN7932070,NA,NA,FALSE,0.1724,NA,15,72,NA,NA,NA,IGR,FALSE,FALSE,FALSE,FALSE,4,2,2,2_2,d4907a1b-8b06-47c5-8bca-c781d9cddaf8,NA
5,25636023,25636023,1,snv_mnv,1.9968e-4,rs529914206,"broad,dkfz,muse,sanger",4,COSN7932087,rs529914206,L1PA15,FALSE,0.3059,NA,26,59,NA,NA,NA,IGR,FALSE,FALSE,FALSE,FALSE,4,2,2,2_2,d4907a1b-8b06-47c5-8bca-c781d9cddaf8,NA
5,25806977,25806977,1,snv_mnv,NA,NA,"broad,dkfz,muse,sanger",4,COSN7932295,NA,L1PA15,FALSE,0.181,NA,19,86,NA,NA,NA,IGR,FALSE,FALSE,TRUE,FALSE,4,2,2,2_2,d4907a1b-8b06-47c5-8bca-c781d9cddaf8,NA
5,25817885,25817885,1,snv_mnv,NA,NA,"broad,dkfz,muse,sanger",4,COSN7932307,NA,NA,FALSE,0.0968,NA,6,56,NA,NA,NA,IGR,FALSE,FALSE,FALSE,FALSE,4,2,2,2_2,d4907a1b-8b06-47c5-8bca-c781d9cddaf8,NA
5,25877612,25877612,1,snv_mnv,NA,NA,"broad,dkfz,muse,sanger",4,COSN7932377,NA,NA,FALSE,0.1099,NA,10,81,NA,NA,NA,IGR,FALSE,FALSE,FALSE,FALSE,4,2,2,2_2,d4907a1b-8b06-47c5-8bca-c781d9cddaf8,NA
5,25886623,25886623,1,snv_mnv,NA,NA,"broad,dkfz,muse,sanger",4,COSN7932395,NA,NA,FALSE,0.2947,NA,28,67,NA,NA,NA,IGR,FALSE,FALSE,FALSE,FALSE,4,2,2,2_2,d4907a1b-8b06-47c5-8bca-c781d9cddaf8,NA
5,26012485,26012485,1,snv_mnv,NA,NA,"broad,dkfz,muse,sanger",4,COSN7932554,NA,NA,FALSE,0.3187,NA,29,62,NA,NA,NA,RNA,FALSE,FALSE,FALSE,FALSE,4,2,2,2_2,d4907a1b-8b06-47c5-8bca-c781d9cddaf8,RNU4-43P
5,26412274,26412274,1,snv_mnv,NA,NA,"broad,dkfz,muse,sanger",4,COSN7933051,NA,L1ME1,FALSE,0.2381,NA,25,80,NA,NA,NA,IGR,FALSE,FALSE,FALSE,FALSE,4,2,2,2_2,d4907a1b-8b06-47c5-8bca-c781d9cddaf8,NA
5,26469157,26469157,1,snv_mnv,NA,NA,"broad,dkfz,muse,sanger",4,COSN7933110,NA,MLT1-int,FALSE,0.2375,NA,19,61,NA,NA,NA,IGR,FALSE,FALSE,FALSE,FALSE,4,2,2,2_2,d4907a1b-8b06-47c5-8bca-c781d9cddaf8,NA
5,26605021,26605021,1,snv_mnv,NA,NA,"broad,dkfz,muse",3,COSN7933295,NA,NA,FALSE,0.3448,NA,30,57,NA,NA,NA,IGR,FALSE,FALSE,FALSE,FALSE,4,2,2,2_2,d4907a1b-8b06-47c5-8bca-c781d9cddaf8,NA
5,26608946,26608946,1,snv_mnv,NA,NA,"broad,dkfz,muse,sanger",4,COSN7933303,NA,L1MA9,FALSE,0.2778,NA,25,65,NA,NA,NA,IGR,FALSE,FALSE,FALSE,FALSE,4,2,2,2_2,d4907a1b-8b06-47c5-8bca-c781d9cddaf8,NA
5,26667675,26667675,1,snv_mnv,0.0025959,rs187581639,"broad,dkfz,muse,sanger",4,COSN7933380,rs187581639,NA,FALSE,0.1429,NA,12,72,NA,NA,NA,IGR,FALSE,FALSE,FALSE,FALSE,4,2,2,2_2,d4907a1b-8b06-47c5-8bca-c781d9cddaf8,"AC113347.3,AC113347.1,AC113347.2"
5,26738958,26738958,1,snv_mnv,NA,NA,"broad,dkfz,muse,sanger",4,COSN7933478,NA,NA,FALSE,0.275,NA,22,58,NA,NA,NA,lincRNA,FALSE,FALSE,FALSE,FALSE,4,2,2,2_2,d4907a1b-8b06-47c5-8bca-c781d9cddaf8,CCNB3P1
5,26838205,26838205,1,snv_mnv,NA,NA,"broad,dkfz,muse,sanger",4,COSN7933599,NA,NA,FALSE,0.2627,NA,31,87,NA,NA,NA,IGR,FALSE,FALSE,FALSE,FALSE,4,2,2,2_2,d4907a1b-8b06-47c5-8bca-c781d9cddaf8,NA
5,26882269,26882269,1,snv_mnv,NA,NA,"broad,dkfz,muse,sanger",4,COSN7933654,NA,NA,FALSE,0.2479,NA,29,88,NA,NA,NA,Intron,FALSE,FALSE,FALSE,FALSE,4,2,2,2_2,d4907a1b-8b06-47c5-8bca-c781d9cddaf8,NA
5,27059123,27059123,1,snv_mnv,NA,NA,"broad,dkfz,muse,sanger",4,COSN7933858,NA,ERVL-E-int,FALSE,0.2639,NA,19,53,NA,NA,NA,IGR,FALSE,FALSE,FALSE,FALSE,4,2,2,2_2,d4907a1b-8b06-47c5-8bca-c781d9cddaf8,NA
5,27148580,27148580,1,snv_mnv,NA,NA,"broad,dkfz,muse,sanger",4,COSN7933961,NA,NA,FALSE,0.2667,NA,20,55,NA,NA,NA,IGR,FALSE,FALSE,FALSE,FALSE,4,2,2,2_2,d4907a1b-8b06-47c5-8bca-c781d9cddaf8,NA
5,27216480,27216480,1,snv_mnv,NA,NA,"broad,dkfz,muse,sanger",4,COSN7934048,NA,NA,FALSE,0.3084,NA,33,74,NA,NA,NA,IGR,FALSE,FALSE,FALSE,FALSE,4,2,2,2_2,d4907a1b-8b06-47c5-8bca-c781d9cddaf8,NA
5,27308772,27308772,1,snv_mnv,NA,NA,"broad,dkfz,muse,sanger",4,COSN7934145,NA,L1ME1,FALSE,0.2473,NA,23,70,NA,NA,NA,IGR,FALSE,FALSE,FALSE,FALSE,4,2,2,2_2,d4907a1b-8b06-47c5-8bca-c781d9cddaf8,NA
5,27512014,27512014,1,snv_mnv,NA,NA,"broad,dkfz,muse,sanger",4,COSN7934333,NA,AluSc,FALSE,0.375,NA,27,45,NA,NA,NA,IGR,FALSE,FALSE,FALSE,FALSE,4,2,2,2_2,d4907a1b-8b06-47c5-8bca-c781d9cddaf8,NA
5,27671980,27671980,1,snv_mnv,NA,NA,"broad,dkfz,muse,sanger",4,COSN7934493,NA,NA,FALSE,0.1385,NA,9,56,NA,NA,NA,IGR,FALSE,FALSE,FALSE,FALSE,4,2,2,2_2,d4907a1b-8b06-47c5-8bca-c781d9cddaf8,NA
5,27736328,27736328,1,snv_mnv,NA,NA,"broad,dkfz,muse,sanger",4,COSN7934549,NA,L2,FALSE,0.2667,NA,28,77,NA,NA,NA,IGR,FALSE,FALSE,FALSE,FALSE,4,2,2,2_2,d4907a1b-8b06-47c5-8bca-c781d9cddaf8,NA
5,27777112,27777112,1,snv_mnv,1.9968e-4,rs560712327,"broad,dkfz,muse,sanger",4,COSN9430427,rs560712327,AluSc,FALSE,0.2586,NA,15,43,NA,NA,NA,IGR,FALSE,FALSE,FALSE,FALSE,4,2,2,2_2,d4907a1b-8b06-47c5-8bca-c781d9cddaf8,NA
5,27830323,27830323,1,snv_mnv,NA,NA,"broad,dkfz,muse,sanger",4,COSN7934644,NA,NA,FALSE,0.3,NA,30,70,NA,NA,NA,IGR,FALSE,FALSE,FALSE,FALSE,4,2,2,2_2,d4907a1b-8b06-47c5-8bca-c781d9cddaf8,NA
5,27996697,27996697,1,snv_mnv,NA,NA,"broad,dkfz,muse,sanger",4,COSN7934775,NA,NA,FALSE,0.2685,NA,29,79,NA,NA,NA,IGR,FALSE,FALSE,FALSE,FALSE,4,2,2,2_2,d4907a1b-8b06-47c5-8bca-c781d9cddaf8,NA
5,28095266,28095266,1,snv_mnv,NA,NA,"broad,dkfz,muse,sanger",4,COSN7934856,NA,NA,FALSE,0.1395,NA,12,74,NA,NA,NA,IGR,FALSE,FALSE,FALSE,FALSE,4,2,2,2_2,d4907a1b-8b06-47c5-8bca-c781d9cddaf8,NA
5,28131209,28131209,1,snv_mnv,NA,NA,"broad,dkfz,muse,sanger",4,COSN7934890,NA,PRIMA4-int,FALSE,0.2326,NA,20,66,NA,NA,NA,IGR,FALSE,FALSE,FALSE,FALSE,4,2,2,2_2,d4907a1b-8b06-47c5-8bca-c781d9cddaf8,NA
5,28234777,28234777,1,snv_mnv,NA,NA,"broad,dkfz,muse,sanger",4,COSN7934986,NA,NA,FALSE,0.2685,NA,29,79,NA,NA,NA,IGR,FALSE,FALSE,FALSE,FALSE,4,2,2,2_2,d4907a1b-8b06-47c5-8bca-c781d9cddaf8,NA
5,28336738,28336738,1,snv_mnv,NA,NA,"broad,dkfz,muse,sanger",4,COSN7935105,NA,L1ME3,FALSE,0.15,NA,15,85,NA,NA,NA,IGR,FALSE,FALSE,FALSE,FALSE,4,2,2,2_2,d4907a1b-8b06-47c5-8bca-c781d9cddaf8,NA
5,28848276,28848276,1,snv_mnv,NA,NA,"broad,dkfz,muse,sanger",4,COSN7935626,NA,ERVL-B4-int,FALSE,0.1456,NA,15,88,NA,NA,NA,IGR,FALSE,FALSE,FALSE,FALSE,4,2,2,2_2,d4907a1b-8b06-47c5-8bca-c781d9cddaf8,NA
5,30046789,30046789,1,snv_mnv,NA,NA,"broad,dkfz,muse,sanger",4,COSN7936623,NA,NA,FALSE,0.2468,NA,19,58,NA,NA,NA,IGR,FALSE,FALSE,FALSE,FALSE,4,2,2,2_2,d4907a1b-8b06-47c5-8bca-c781d9cddaf8,NA
5,31536966,31536966,1,snv_mnv,NA,NA,"broad,dkfz,muse,sanger",4,COSN7937632,NA,NA,FALSE,0.1316,NA,10,66,NA,NA,NA,Intron,FALSE,FALSE,TRUE,FALSE,4,2,2,2_2,d4907a1b-8b06-47c5-8bca-c781d9cddaf8,"C5orf22,DROSHA"
5,32965699,32965699,1,snv_mnv,NA,NA,"broad,dkfz,muse",3,COSN7938293,NA,L1MEg,FALSE,0.2619,NA,22,62,NA,NA,NA,IGR,FALSE,FALSE,FALSE,FALSE,4,2,2,2_2,d4907a1b-8b06-47c5-8bca-c781d9cddaf8,LINC02120
5,33345855,33345855,1,snv_mnv,NA,NA,"broad,dkfz,muse,sanger",4,COSN7938517,NA,AluSg,FALSE,0.2469,NA,20,61,NA,NA,NA,IGR,FALSE,FALSE,FALSE,FALSE,4,2,2,2_2,d4907a1b-8b06-47c5-8bca-c781d9cddaf8,NA
5,33731884,33731884,1,snv_mnv,3.9936e-4,rs565910723,"broad,dkfz,muse,sanger",4,COSN7938754,rs565910723,NA,FALSE,0.2338,NA,18,59,NA,NA,NA,Intron,FALSE,FALSE,FALSE,FALSE,4,2,2,2_2,d4907a1b-8b06-47c5-8bca-c781d9cddaf8,NA
5,34395347,34395347,1,snv_mnv,NA,NA,"broad,dkfz,muse,sanger",4,COSN7939043,NA,NA,FALSE,0.1,NA,8,72,NA,NA,NA,IGR,FALSE,FALSE,FALSE,FALSE,4,2,2,2_2,d4907a1b-8b06-47c5-8bca-c781d9cddaf8,NA
5,35301121,35301121,1,snv_mnv,NA,NA,"broad,dkfz,muse,sanger",4,COSN7939370,NA,L1ME3A,FALSE,0.1327,NA,13,85,NA,NA,NA,IGR,FALSE,FALSE,FALSE,FALSE,4,2,2,2_2,d4907a1b-8b06-47c5-8bca-c781d9cddaf8,NA
5,35872061,35872061,1,snv_mnv,NA,NA,"broad,dkfz,muse,sanger",4,COSN7939660,NA,NA,FALSE,0.2,NA,19,76,NA,NA,NA,Intron,FALSE,FALSE,FALSE,FALSE,4,2,2,2_2,d4907a1b-8b06-47c5-8bca-c781d9cddaf8,IL7R
5,35896047,35896047,1,snv_mnv,NA,NA,"broad,dkfz,muse,sanger",4,COSN7939684,NA,T-rich,FALSE,0.1047,NA,9,77,NA,NA,NA,IGR,FALSE,FALSE,FALSE,FALSE,4,2,2,2_2,d4907a1b-8b06-47c5-8bca-c781d9cddaf8,AC112204.1
5,37623183,37623183,1,snv_mnv,NA,NA,"broad,dkfz,muse,sanger",4,COSN7940380,NA,MER113,FALSE,0.0612,NA,6,92,NA,NA,NA,Intron,FALSE,FALSE,FALSE,FALSE,4,2,2,2_2,d4907a1b-8b06-47c5-8bca-c781d9cddaf8,RNU6-1190P
5,37936644,37936644,1,snv_mnv,7.9872e-4,rs569552665,"broad,dkfz,muse,sanger",4,COSN7940520,rs569552665,NA,FALSE,0.3267,NA,33,68,NA,NA,NA,lincRNA,FALSE,FALSE,FALSE,FALSE,4,2,2,2_2,d4907a1b-8b06-47c5-8bca-c781d9cddaf8,AC008869.1
5,38177196,38177196,1,snv_mnv,NA,NA,"broad,dkfz,muse,sanger",4,COSN7940686,NA,AluSx,FALSE,0.2841,NA,25,63,NA,NA,NA,lincRNA,FALSE,FALSE,FALSE,FALSE,4,2,2,2_2,d4907a1b-8b06-47c5-8bca-c781d9cddaf8,NA
5,38376369,38376369,1,snv_mnv,NA,NA,"broad,dkfz,muse,sanger",4,COSN7940793,NA,NA,FALSE,0.172,NA,16,77,NA,NA,NA,Intron,FALSE,FALSE,FALSE,FALSE,4,2,2,2_2,d4907a1b-8b06-47c5-8bca-c781d9cddaf8,NA
5,38742565,38742565,1,snv_mnv,NA,NA,"broad,dkfz,muse,sanger",4,COSN7940963,NA,AluY,FALSE,0.2609,NA,18,51,NA,NA,NA,IGR,FALSE,FALSE,FALSE,FALSE,4,2,2,2_2,d4907a1b-8b06-47c5-8bca-c781d9cddaf8,NA
5,39350818,39350818,1,snv_mnv,NA,NA,"broad,dkfz,muse,sanger",4,COSN7941188,NA,MSTA-int,FALSE,0.2475,NA,25,76,NA,NA,NA,Intron,FALSE,FALSE,FALSE,FALSE,4,2,2,2_2,d4907a1b-8b06-47c5-8bca-c781d9cddaf8,NA
5,40797488,40797488,1,snv_mnv,NA,NA,"broad,dkfz,muse,sanger",4,COSN7941764,NA,NA,FALSE,0.2027,NA,15,59,NA,NA,NA,Intron,FALSE,FALSE,FALSE,FALSE,4,2,2,2_2,d4907a1b-8b06-47c5-8bca-c781d9cddaf8,NA
5,41417547,41417547,1,snv_mnv,NA,NA,"broad,dkfz,muse,sanger",4,COSN7941991,NA,NA,FALSE,0.141,NA,11,67,NA,NA,NA,Intron,FALSE,FALSE,FALSE,FALSE,4,2,2,2_2,d4907a1b-8b06-47c5-8bca-c781d9cddaf8,NA
5,41596818,41596818,1,snv_mnv,NA,NA,"broad,dkfz,muse,sanger",4,COSN7942074,NA,L1P2,FALSE,0.2407,NA,13,41,NA,NA,NA,IGR,FALSE,FALSE,FALSE,FALSE,4,2,2,2_2,d4907a1b-8b06-47c5-8bca-c781d9cddaf8,NA
5,41688462,41688462,1,snv_mnv,NA,NA,"broad,dkfz,muse,sanger",4,COSN7942113,NA,NA,FALSE,0.1212,NA,12,87,NA,NA,NA,IGR,FALSE,FALSE,FALSE,FALSE,4,2,2,2_2,d4907a1b-8b06-47c5-8bca-c781d9cddaf8,NA
5,42776084,42776084,1,snv_mnv,1.9968e-4,rs527300066,"broad,dkfz,muse,sanger",4,COSN7942680,rs527300066,L1MCa,FALSE,0.1146,NA,11,85,NA,NA,NA,Intron,FALSE,FALSE,FALSE,FALSE,4,2,2,2_2,d4907a1b-8b06-47c5-8bca-c781d9cddaf8,NA
5,43403408,43403408,1,snv_mnv,NA,NA,"broad,dkfz,muse,sanger",4,COSN7942898,NA,L1PA5,FALSE,0.2778,NA,20,52,NA,NA,NA,Intron,FALSE,FALSE,FALSE,FALSE,4,2,2,2_2,d4907a1b-8b06-47c5-8bca-c781d9cddaf8,NA
5,43423234,43423234,1,snv_mnv,NA,NA,"broad,dkfz,muse,sanger",4,COSN7942902,NA,L1ME4a,FALSE,0.3483,NA,31,58,NA,NA,NA,IGR,FALSE,FALSE,FALSE,FALSE,4,2,2,2_2,d4907a1b-8b06-47c5-8bca-c781d9cddaf8,NA
5,43678240,43678240,1,snv_mnv,NA,NA,"broad,dkfz,muse,sanger",4,COSN7942983,NA,Tigger2a,FALSE,0.163,NA,15,77,NA,NA,NA,Intron,FALSE,FALSE,FALSE,FALSE,4,2,2,2_2,d4907a1b-8b06-47c5-8bca-c781d9cddaf8,NA
5,44751861,44751861,1,snv_mnv,NA,NA,"broad,dkfz,muse,sanger",4,COSN7943548,NA,NA,FALSE,0.1892,NA,14,60,NA,NA,NA,RNA,FALSE,FALSE,FALSE,FALSE,4,2,2,2_2,d4907a1b-8b06-47c5-8bca-c781d9cddaf8,AC093297.1
5,44969160,44969160,1,snv_mnv,NA,NA,"broad,dkfz,muse,sanger",4,COSN7943657,NA,NA,FALSE,0.1375,NA,11,69,NA,NA,NA,IGR,FALSE,FALSE,FALSE,FALSE,4,2,2,2_2,d4907a1b-8b06-47c5-8bca-c781d9cddaf8,NA
5,45174445,45174445,1,snv_mnv,NA,NA,"broad,dkfz,muse,sanger",4,COSN7943786,NA,NA,FALSE,0.1458,NA,14,82,NA,NA,NA,IGR,FALSE,FALSE,FALSE,FALSE,4,2,2,2_2,d4907a1b-8b06-47c5-8bca-c781d9cddaf8,NA
5,45225637,45225637,1,snv_mnv,NA,NA,"broad,dkfz,muse,sanger",4,COSN7943818,NA,LTR12E,FALSE,0.1915,NA,9,38,NA,NA,NA,IGR,FALSE,FALSE,FALSE,FALSE,4,2,2,2_2,d4907a1b-8b06-47c5-8bca-c781d9cddaf8,NA
5,45225644,45225644,1,snv_mnv,NA,NA,"broad,dkfz,muse,sanger",4,COSN7943819,NA,LTR12E,FALSE,0.2708,NA,13,35,NA,NA,NA,IGR,FALSE,FALSE,FALSE,FALSE,4,2,2,2_2,d4907a1b-8b06-47c5-8bca-c781d9cddaf8,NA
5,45741237,45741237,1,snv_mnv,NA,NA,"broad,dkfz,muse,sanger",4,COSN7944111,NA,NA,FALSE,0.1719,NA,11,53,NA,NA,NA,IGR,FALSE,FALSE,FALSE,FALSE,4,2,2,2_2,d4907a1b-8b06-47c5-8bca-c781d9cddaf8,NA
5,45940035,45940035,1,snv_mnv,NA,NA,"broad,muse,sanger",3,COSN7944275,NA,L1PA2,FALSE,0.2368,NA,18,58,NA,NA,NA,IGR,FALSE,FALSE,FALSE,FALSE,4,2,2,2_2,d4907a1b-8b06-47c5-8bca-c781d9cddaf8,NA
5,45974193,45974193,1,snv_mnv,NA,NA,"broad,muse",2,COSN7944304,NA,ALR/Alpha,FALSE,0.2308,NA,21,70,NA,NA,NA,IGR,FALSE,FALSE,FALSE,FALSE,4,2,2,2_2,d4907a1b-8b06-47c5-8bca-c781d9cddaf8,NA
5,46297768,46297768,1,snv_mnv,NA,NA,"broad,muse",2,COSN7944670,NA,ALR/Alpha,FALSE,0.1504,NA,17,96,NA,NA,NA,IGR,FALSE,FALSE,FALSE,FALSE,4,2,2,2_2,d4907a1b-8b06-47c5-8bca-c781d9cddaf8,NA
5,49452745,49452745,1,snv_mnv,NA,NA,"broad,muse,sanger",3,COSN7945110,NA,L1HS,FALSE,0.1757,NA,13,61,NA,NA,NA,IGR,FALSE,FALSE,FALSE,FALSE,4,2,2,2_2,d4907a1b-8b06-47c5-8bca-c781d9cddaf8,NA
5,49649513,49649513,1,snv_mnv,1.9968e-4,rs542155054,"broad,dkfz,muse,sanger",4,COSN7945243,rs542155054,L1MD2,FALSE,0.1471,NA,15,87,NA,NA,NA,IGR,FALSE,FALSE,FALSE,FALSE,4,2,2,2_2,d4907a1b-8b06-47c5-8bca-c781d9cddaf8,NA
5,51750903,51750903,1,snv_mnv,NA,NA,"broad,dkfz,muse,sanger",4,COSN7946266,NA,NA,FALSE,0.2991,NA,32,75,NA,NA,NA,IGR,FALSE,FALSE,FALSE,FALSE,4,2,2,2_2,d4907a1b-8b06-47c5-8bca-c781d9cddaf8,NA
5,51967713,51967713,1,snv_mnv,NA,NA,"broad,dkfz,muse,sanger",4,COSN7946360,rs371001194,NA,FALSE,0.2544,NA,29,85,NA,NA,NA,IGR,FALSE,FALSE,FALSE,FALSE,4,2,2,2_2,d4907a1b-8b06-47c5-8bca-c781d9cddaf8,AC022126.1
5,53156755,53156755,1,snv_mnv,NA,NA,"broad,dkfz,muse,sanger",4,COSN7946773,NA,MER45B,FALSE,0.2727,NA,24,64,NA,NA,NA,IGR,FALSE,FALSE,FALSE,FALSE,4,2,2,2_2,d4907a1b-8b06-47c5-8bca-c781d9cddaf8,ASS1P9
5,53167507,53167507,1,snv_mnv,NA,NA,"broad,dkfz,muse,sanger",4,COSN7946777,NA,NA,FALSE,0.3099,NA,22,49,NA,NA,NA,IGR,FALSE,FALSE,FALSE,FALSE,4,2,2,2_2,d4907a1b-8b06-47c5-8bca-c781d9cddaf8,NA
5,55097738,55097738,1,snv_mnv,NA,NA,"broad,dkfz,muse,sanger",4,COSN7947359,rs747160495,MER31-int,FALSE,0.1458,NA,14,82,NA,NA,NA,Intron,FALSE,FALSE,FALSE,FALSE,4,2,2,2_2,d4907a1b-8b06-47c5-8bca-c781d9cddaf8,DDX4
5,56080416,56080416,1,snv_mnv,NA,NA,"broad,dkfz,muse,sanger",4,COSN7947648,NA,NA,FALSE,0.25,NA,23,69,NA,NA,NA,IGR,FALSE,FALSE,FALSE,FALSE,4,2,2,2_2,d4907a1b-8b06-47c5-8bca-c781d9cddaf8,NA
5,56179172,56179172,1,snv_mnv,NA,NA,"broad,dkfz,muse,sanger",4,COSN7947675,rs752015778,NA,FALSE,0.2661,NA,29,80,NA,NA,NA,Intron,FALSE,FALSE,FALSE,FALSE,4,2,2,2_2,d4907a1b-8b06-47c5-8bca-c781d9cddaf8,MAP3K1
5,56313901,56313901,1,snv_mnv,NA,NA,"broad,dkfz,muse,sanger",4,COSN7947710,NA,HERVH-int,FALSE,0.1707,NA,14,68,NA,NA,NA,IGR,FALSE,FALSE,FALSE,FALSE,4,2,2,2_2,d4907a1b-8b06-47c5-8bca-c781d9cddaf8,NA
5,56659920,56659920,1,snv_mnv,NA,NA,"broad,dkfz,muse,sanger",4,COSN7947825,NA,NA,FALSE,0.275,NA,33,87,NA,NA,NA,IGR,FALSE,FALSE,FALSE,FALSE,4,2,2,2_2,d4907a1b-8b06-47c5-8bca-c781d9cddaf8,NA
5,58299221,58299221,1,snv_mnv,NA,NA,"broad,dkfz,muse,sanger",4,COSN7948369,NA,NA,FALSE,0.2143,NA,18,66,NA,NA,NA,Intron,FALSE,FALSE,FALSE,FALSE,4,2,2,2_2,d4907a1b-8b06-47c5-8bca-c781d9cddaf8,PDE4D
5,58878052,58878052,1,snv_mnv,NA,NA,"broad,dkfz,muse,sanger",4,COSN7948544,NA,NA,FALSE,0.2561,NA,21,61,NA,NA,NA,Intron,FALSE,FALSE,FALSE,FALSE,4,2,2,2_2,d4907a1b-8b06-47c5-8bca-c781d9cddaf8,NA
5,59574327,59574327,1,snv_mnv,NA,NA,"broad,dkfz,muse,sanger",4,COSN7948785,NA,L1MDa,FALSE,0.102,NA,10,88,NA,NA,NA,Intron,FALSE,FALSE,FALSE,FALSE,4,2,2,2_2,d4907a1b-8b06-47c5-8bca-c781d9cddaf8,NA
5,59618261,59618261,1,snv_mnv,NA,NA,"broad,dkfz,muse,sanger",4,COSN7948806,NA,L2a,FALSE,0.2656,NA,17,47,NA,NA,NA,Intron,FALSE,FALSE,FALSE,FALSE,4,2,2,2_2,d4907a1b-8b06-47c5-8bca-c781d9cddaf8,NA
5,62002330,62002330,1,snv_mnv,NA,NA,"broad,dkfz,muse,sanger",4,COSN7949525,NA,NA,FALSE,0.3387,NA,21,41,NA,NA,NA,IGR,FALSE,FALSE,FALSE,FALSE,4,2,2,2_2,d4907a1b-8b06-47c5-8bca-c781d9cddaf8,NA
5,62278018,62278018,1,snv_mnv,NA,NA,"broad,dkfz,muse,sanger",4,COSN7949639,NA,NA,FALSE,0.1546,NA,15,82,NA,NA,NA,IGR,FALSE,FALSE,FALSE,FALSE,4,2,2,2_2,d4907a1b-8b06-47c5-8bca-c781d9cddaf8,NA
5,62302856,62302856,1,snv_mnv,NA,NA,"broad,dkfz,muse,sanger",4,COSN7949663,NA,L1MA8,FALSE,0.2778,NA,30,78,NA,NA,NA,IGR,FALSE,FALSE,FALSE,FALSE,4,2,2,2_2,d4907a1b-8b06-47c5-8bca-c781d9cddaf8,NA
5,62564238,62564238,1,snv_mnv,NA,NA,"broad,dkfz,muse,sanger",4,COSN7949782,NA,Tigger1,FALSE,0.1429,NA,13,78,NA,NA,NA,IGR,FALSE,FALSE,FALSE,FALSE,4,2,2,2_2,d4907a1b-8b06-47c5-8bca-c781d9cddaf8,NA
5,62609592,62609592,1,snv_mnv,NA,NA,"broad,dkfz,muse,sanger",4,COSN7949819,NA,NA,FALSE,0.3232,NA,32,67,NA,NA,NA,IGR,FALSE,FALSE,FALSE,FALSE,4,2,2,2_2,d4907a1b-8b06-47c5-8bca-c781d9cddaf8,NA
5,62690760,62690760,1,snv_mnv,NA,NA,"broad,dkfz,muse,sanger",4,COSN7949870,NA,NA,FALSE,0.1386,NA,14,87,NA,NA,NA,IGR,FALSE,FALSE,FALSE,FALSE,4,2,2,2_2,d4907a1b-8b06-47c5-8bca-c781d9cddaf8,NA
5,62711165,62711165,1,snv_mnv,NA,NA,"broad,dkfz,muse,sanger",4,COSN7949890,NA,MER101,FALSE,0.2727,NA,24,64,NA,NA,NA,IGR,FALSE,FALSE,TRUE,FALSE,4,2,2,2_2,d4907a1b-8b06-47c5-8bca-c781d9cddaf8,NA
5,62867659,62867659,1,snv_mnv,NA,NA,"broad,dkfz,muse,sanger",4,COSN7949998,NA,L1MD1,FALSE,0.2286,NA,24,81,NA,NA,NA,IGR,FALSE,FALSE,FALSE,FALSE,4,2,2,2_2,d4907a1b-8b06-47c5-8bca-c781d9cddaf8,NA
5,62963417,62963417,1,snv_mnv,NA,NA,"broad,dkfz,muse,sanger",4,COSN7950074,NA,L1MB4,FALSE,0.2917,NA,28,68,NA,NA,NA,IGR,FALSE,FALSE,TRUE,FALSE,4,2,2,2_2,d4907a1b-8b06-47c5-8bca-c781d9cddaf8,NA
5,63057669,63057669,1,snv_mnv,NA,NA,"broad,dkfz,muse,sanger",4,COSN7950136,NA,NA,FALSE,0.1124,NA,10,79,NA,NA,NA,IGR,FALSE,FALSE,FALSE,FALSE,4,2,2,2_2,d4907a1b-8b06-47c5-8bca-c781d9cddaf8,NA
5,63707311,63707311,1,snv_mnv,NA,NA,"broad,dkfz,muse,sanger",4,COSN7950498,NA,L1PA7,FALSE,0.1538,NA,14,77,NA,NA,NA,IGR,FALSE,FALSE,FALSE,FALSE,4,2,2,2_2,d4907a1b-8b06-47c5-8bca-c781d9cddaf8,NA
5,63837841,63837841,1,snv_mnv,NA,NA,"broad,dkfz,muse,sanger",4,COSN7950550,NA,NA,FALSE,0.1176,NA,12,90,NA,NA,NA,Intron,FALSE,FALSE,FALSE,FALSE,4,2,2,2_2,d4907a1b-8b06-47c5-8bca-c781d9cddaf8,RN7SL169P
5,66166085,66166085,1,snv_mnv,3.9936e-4,rs186426680,"broad,dkfz,muse,sanger",4,COSN7951152,rs186426680,NA,FALSE,0.1111,NA,10,80,NA,NA,NA,Intron,FALSE,FALSE,FALSE,FALSE,4,2,2,2_2,d4907a1b-8b06-47c5-8bca-c781d9cddaf8,NA
5,66188379,66188379,1,snv_mnv,NA,NA,"broad,dkfz,muse,sanger",4,COSN7951158,NA,NA,FALSE,0.2208,NA,17,60,NA,NA,NA,Intron,FALSE,FALSE,FALSE,FALSE,4,2,2,2_2,d4907a1b-8b06-47c5-8bca-c781d9cddaf8,NA
5,71291474,71291474,1,snv_mnv,NA,NA,"broad,dkfz,muse",3,COSN7952079,NA,LTR16C,FALSE,0.2714,NA,19,51,NA,NA,NA,IGR,FALSE,FALSE,FALSE,FALSE,4,2,2,2_2,d4907a1b-8b06-47c5-8bca-c781d9cddaf8,NA
5,72393088,72393088,1,snv_mnv,NA,NA,"broad,dkfz,muse,sanger",4,COSN7952358,NA,NA,FALSE,0.1146,NA,11,85,NA,NA,NA,RNA,FALSE,FALSE,FALSE,FALSE,4,2,2,2_2,d4907a1b-8b06-47c5-8bca-c781d9cddaf8,NA
5,72870302,72870302,1,snv_mnv,NA,NA,"broad,dkfz,muse,sanger",4,COSN7579145,NA,NA,FALSE,0.2462,NA,16,49,NA,NA,NA,Intron,FALSE,FALSE,FALSE,FALSE,4,2,2,2_2,d4907a1b-8b06-47c5-8bca-c781d9cddaf8,NA
5,73785518,73785518,1,snv_mnv,NA,NA,"broad,dkfz,muse,sanger",4,COSN7579370,NA,Tigger3a,FALSE,0.2936,NA,32,77,NA,NA,NA,lincRNA,FALSE,FALSE,FALSE,FALSE,4,2,2,2_2,d4907a1b-8b06-47c5-8bca-c781d9cddaf8,NA
5,74061238,74061238,1,snv_mnv,NA,NA,"broad,dkfz,muse,sanger",4,COSN7579420,NA,L2a,FALSE,0.137,NA,10,63,NA,NA,NA,5'Flank,FALSE,FALSE,FALSE,FALSE,4,2,2,2_2,d4907a1b-8b06-47c5-8bca-c781d9cddaf8,NSA2
5,74705912,74705912,1,snv_mnv,NA,NA,"broad,dkfz,muse,sanger",4,COSN7579583,NA,AluJr,FALSE,0.175,NA,14,66,NA,NA,NA,Intron,FALSE,FALSE,FALSE,FALSE,4,2,2,2_2,d4907a1b-8b06-47c5-8bca-c781d9cddaf8,COL4A3BP
5,77375601,77375601,1,snv_mnv,NA,NA,"broad,dkfz,muse,sanger",4,COSN7580353,NA,L1ME3C,FALSE,0.2778,NA,30,78,NA,NA,NA,Intron,FALSE,FALSE,FALSE,FALSE,4,2,2,2_2,d4907a1b-8b06-47c5-8bca-c781d9cddaf8,NA
5,78639284,78639284,1,snv_mnv,NA,NA,"broad,dkfz,muse,sanger",4,COSN7580652,rs778180450,NA,FALSE,0.274,NA,20,53,NA,NA,NA,IGR,FALSE,FALSE,FALSE,FALSE,4,2,2,2_2,d4907a1b-8b06-47c5-8bca-c781d9cddaf8,NA
5,79531268,79531268,1,snv_mnv,NA,NA,"broad,dkfz,muse,sanger",4,COSN7580911,NA,NA,FALSE,0.3614,NA,30,53,NA,NA,NA,Intron,FALSE,FALSE,FALSE,FALSE,4,2,2,2_2,d4907a1b-8b06-47c5-8bca-c781d9cddaf8,NA
5,80459551,80459551,1,snv_mnv,NA,NA,"broad,dkfz,muse",3,COSN7581157,NA,NA,FALSE,0.2476,NA,26,79,NA,NA,NA,Intron,FALSE,FALSE,FALSE,FALSE,4,2,2,2_2,d4907a1b-8b06-47c5-8bca-c781d9cddaf8,NA
5,81752380,81752380,1,snv_mnv,0.0019968,rs574216690,"broad,dkfz,muse,sanger",4,COSN7581495,rs574216690,L1PA6,FALSE,0.2424,NA,24,75,NA,NA,NA,IGR,FALSE,FALSE,FALSE,FALSE,4,2,2,2_2,d4907a1b-8b06-47c5-8bca-c781d9cddaf8,NA
5,82272964,82272964,1,snv_mnv,NA,NA,"broad,dkfz,muse,sanger",4,COSN7581641,NA,NA,FALSE,0.1477,NA,13,75,NA,NA,NA,IGR,FALSE,FALSE,FALSE,FALSE,4,2,2,2_2,d4907a1b-8b06-47c5-8bca-c781d9cddaf8,NA
5,83744765,83744765,1,snv_mnv,1.9968e-4,rs574382541,"broad,dkfz,muse,sanger",4,COSN7582221,rs574382541,NA,FALSE,0.2391,NA,22,70,NA,NA,NA,RNA,FALSE,FALSE,FALSE,FALSE,4,2,2,2_2,d4907a1b-8b06-47c5-8bca-c781d9cddaf8,NA
5,83960531,83960531,1,snv_mnv,NA,NA,"broad,dkfz,muse,sanger",4,COSN7582389,NA,NA,FALSE,0.2872,NA,27,67,NA,NA,NA,IGR,FALSE,FALSE,TRUE,FALSE,4,2,2,2_2,d4907a1b-8b06-47c5-8bca-c781d9cddaf8,NA
5,83962226,83962226,1,snv_mnv,NA,NA,"broad,dkfz,muse,sanger",4,COSN7582391,NA,NA,FALSE,0.2593,NA,21,60,NA,NA,NA,IGR,FALSE,FALSE,FALSE,FALSE,4,2,2,2_2,d4907a1b-8b06-47c5-8bca-c781d9cddaf8,NA
5,84095591,84095591,1,snv_mnv,NA,NA,"broad,dkfz,muse,sanger",4,COSN7582497,NA,NA,FALSE,0.3053,NA,29,66,NA,NA,NA,IGR,FALSE,FALSE,FALSE,FALSE,4,2,2,2_2,d4907a1b-8b06-47c5-8bca-c781d9cddaf8,NA
5,84129173,84129173,1,snv_mnv,NA,NA,"broad,muse,sanger",3,COSN7582519,NA,MER57B2,FALSE,0.1959,NA,19,78,NA,NA,NA,IGR,FALSE,FALSE,FALSE,FALSE,4,2,2,2_2,d4907a1b-8b06-47c5-8bca-c781d9cddaf8,NA
5,84289436,84289436,1,snv_mnv,NA,NA,"broad,dkfz,muse,sanger",4,COSN7582659,NA,NA,FALSE,0.2824,NA,24,61,NA,NA,NA,IGR,FALSE,FALSE,FALSE,FALSE,4,2,2,2_2,d4907a1b-8b06-47c5-8bca-c781d9cddaf8,NA
5,84305751,84305751,1,snv_mnv,NA,NA,"broad,dkfz,muse,sanger",4,COSN7582672,NA,L1ME2,FALSE,0.3011,NA,28,65,NA,NA,NA,IGR,FALSE,FALSE,TRUE,FALSE,4,2,2,2_2,d4907a1b-8b06-47c5-8bca-c781d9cddaf8,NA
5,84474165,84474165,1,snv_mnv,NA,NA,"broad,dkfz,muse,sanger",4,COSN7582797,rs374700579,MER2,FALSE,0.1863,NA,19,83,NA,NA,NA,IGR,FALSE,FALSE,FALSE,FALSE,4,2,2,2_2,d4907a1b-8b06-47c5-8bca-c781d9cddaf8,NA
5,84765162,84765162,1,snv_mnv,NA,NA,"broad,dkfz,muse,sanger",4,COSN7583050,NA,LTR52,FALSE,0.2381,NA,20,64,NA,NA,NA,IGR,FALSE,FALSE,TRUE,FALSE,4,2,2,2_2,d4907a1b-8b06-47c5-8bca-c781d9cddaf8,RPL5P17
5,85283348,85283348,1,snv_mnv,NA,NA,"broad,dkfz,muse,sanger",4,COSN7583521,NA,AluSq10,FALSE,0.1316,NA,10,66,NA,NA,NA,IGR,FALSE,FALSE,FALSE,FALSE,4,2,2,2_2,d4907a1b-8b06-47c5-8bca-c781d9cddaf8,NA
5,85302649,85302649,1,snv_mnv,NA,NA,"broad,dkfz,muse,sanger",4,COSN7583535,NA,L1PA11,FALSE,0.1688,NA,13,64,NA,NA,NA,IGR,FALSE,FALSE,FALSE,FALSE,4,2,2,2_2,d4907a1b-8b06-47c5-8bca-c781d9cddaf8,NA
5,85422178,85422178,1,snv_mnv,NA,NA,"broad,dkfz,muse,sanger",4,COSN7583629,NA,NA,FALSE,0.4023,NA,35,52,NA,NA,NA,IGR,FALSE,FALSE,FALSE,FALSE,4,2,2,2_2,d4907a1b-8b06-47c5-8bca-c781d9cddaf8,NA
5,85632415,85632415,1,snv_mnv,NA,NA,"broad,dkfz,muse,sanger",4,COSN7583759,NA,L2a,FALSE,0.3378,NA,25,49,NA,NA,NA,lincRNA,FALSE,FALSE,TRUE,FALSE,4,2,2,2_2,d4907a1b-8b06-47c5-8bca-c781d9cddaf8,AC016550.1
5,85852096,85852096,1,snv_mnv,NA,NA,"broad,dkfz,muse,sanger",4,COSN7583855,NA,NA,FALSE,0.25,NA,23,69,NA,NA,NA,IGR,FALSE,FALSE,FALSE,FALSE,4,2,2,2_2,d4907a1b-8b06-47c5-8bca-c781d9cddaf8,NA
5,86270283,86270283,1,snv_mnv,NA,NA,"broad,dkfz,muse,sanger",4,COSN7584075,NA,NA,FALSE,0.2653,NA,26,72,NA,NA,NA,lincRNA,FALSE,FALSE,TRUE,FALSE,4,2,2,2_2,d4907a1b-8b06-47c5-8bca-c781d9cddaf8,NA
5,87794752,87794752,1,snv_mnv,NA,NA,"broad,dkfz,muse,sanger",4,COSN7584774,NA,LTR16D2,FALSE,0.3218,NA,28,59,NA,NA,NA,lincRNA,FALSE,FALSE,TRUE,FALSE,4,2,2,2_2,d4907a1b-8b06-47c5-8bca-c781d9cddaf8,AC091826.2
5,88232027,88232027,1,snv_mnv,NA,NA,"broad,dkfz,muse,sanger",4,COSN7584993,NA,NA,FALSE,0.25,NA,21,63,NA,NA,NA,RNA,FALSE,FALSE,FALSE,FALSE,4,2,2,2_2,d4907a1b-8b06-47c5-8bca-c781d9cddaf8,NA
5,88307139,88307139,1,snv_mnv,NA,NA,"broad,dkfz,muse,sanger",4,COSN7585040,NA,NA,FALSE,0.3226,NA,30,63,NA,NA,NA,RNA,FALSE,FALSE,FALSE,FALSE,4,2,2,2_2,d4907a1b-8b06-47c5-8bca-c781d9cddaf8,NA
5,88423858,88423858,1,snv_mnv,NA,NA,"broad,dkfz,muse,sanger",4,COSN7585106,rs188478317,NA,FALSE,0.1633,NA,16,82,NA,NA,NA,RNA,FALSE,FALSE,FALSE,FALSE,4,2,2,2_2,d4907a1b-8b06-47c5-8bca-c781d9cddaf8,NA
5,88454760,88454760,1,snv_mnv,NA,NA,"broad,dkfz,muse,sanger",4,COSN7585131,NA,L1PA7,FALSE,0.2778,NA,25,65,NA,NA,NA,RNA,FALSE,FALSE,FALSE,FALSE,4,2,2,2_2,d4907a1b-8b06-47c5-8bca-c781d9cddaf8,NA
5,88483664,88483664,1,snv_mnv,NA,NA,"broad,dkfz,muse,sanger",4,COSN7585149,NA,NA,FALSE,0.1735,NA,17,81,NA,NA,NA,RNA,FALSE,FALSE,FALSE,FALSE,4,2,2,2_2,d4907a1b-8b06-47c5-8bca-c781d9cddaf8,NA
5,88975144,88975144,1,snv_mnv,NA,NA,"broad,dkfz,muse,sanger",4,COSN7585383,NA,L1MA1,FALSE,0.1647,NA,14,71,NA,NA,NA,lincRNA,FALSE,FALSE,FALSE,FALSE,4,2,2,2_2,d4907a1b-8b06-47c5-8bca-c781d9cddaf8,LINC02161
5,91314501,91314501,1,snv_mnv,NA,NA,"broad,dkfz,muse,sanger",4,COSN7586292,NA,NA,FALSE,0.2818,NA,31,79,NA,NA,NA,IGR,FALSE,FALSE,TRUE,FALSE,4,2,2,2_2,d4907a1b-8b06-47c5-8bca-c781d9cddaf8,NA
5,91351583,91351583,1,snv_mnv,NA,NA,"broad,dkfz,muse,sanger",4,COSN7586316,NA,AluY,FALSE,0.2159,NA,19,69,NA,NA,NA,IGR,FALSE,FALSE,FALSE,FALSE,4,2,2,2_2,d4907a1b-8b06-47c5-8bca-c781d9cddaf8,NA
5,91447791,91447791,1,snv_mnv,NA,NA,"broad,dkfz,muse,sanger",4,COSN7586366,NA,NA,FALSE,0.2143,NA,24,88,NA,NA,NA,IGR,FALSE,FALSE,FALSE,FALSE,4,2,2,2_2,d4907a1b-8b06-47c5-8bca-c781d9cddaf8,NA
5,91449156,91449156,1,snv_mnv,NA,NA,"broad,dkfz,muse,sanger",4,COSN7586367,NA,NA,FALSE,0.2727,NA,24,64,NA,NA,NA,IGR,FALSE,FALSE,FALSE,FALSE,4,2,2,2_2,d4907a1b-8b06-47c5-8bca-c781d9cddaf8,NA
5,91817202,91817202,1,snv_mnv,NA,NA,"broad,dkfz,muse,sanger",4,COSN7586531,NA,THE1C,FALSE,0.2346,NA,19,62,NA,NA,NA,lincRNA,FALSE,FALSE,FALSE,FALSE,4,2,2,2_2,d4907a1b-8b06-47c5-8bca-c781d9cddaf8,AC114316.2
5,92020910,92020910,1,snv_mnv,NA,NA,"broad,dkfz,muse,sanger",4,COSN7586625,NA,NA,FALSE,0.2809,NA,25,64,NA,NA,NA,lincRNA,FALSE,FALSE,FALSE,FALSE,4,2,2,2_2,d4907a1b-8b06-47c5-8bca-c781d9cddaf8,NA
5,92071803,92071803,1,snv_mnv,NA,NA,"broad,dkfz,muse,sanger",4,COSN7586650,NA,L1MB2,FALSE,0.3457,NA,28,53,NA,NA,NA,IGR,FALSE,FALSE,FALSE,FALSE,4,2,2,2_2,d4907a1b-8b06-47c5-8bca-c781d9cddaf8,NA
5,93073276,93073276,1,snv_mnv,NA,NA,"broad,dkfz,muse,sanger",4,COSN7587084,NA,L1MB4,FALSE,0.3034,NA,27,62,NA,NA,NA,Intron,FALSE,FALSE,FALSE,FALSE,4,2,2,2_2,d4907a1b-8b06-47c5-8bca-c781d9cddaf8,AC108102.1
5,94260429,94260429,1,snv_mnv,NA,NA,"broad,dkfz,muse,sanger",4,COSN7587517,NA,NA,FALSE,0.1613,NA,15,78,NA,NA,NA,Intron,FALSE,FALSE,FALSE,FALSE,4,2,2,2_2,d4907a1b-8b06-47c5-8bca-c781d9cddaf8,NA
5,94743824,94743824,1,snv_mnv,NA,NA,"broad,dkfz,muse",3,COSN7587718,NA,GA-rich,FALSE,0.2353,NA,16,52,NA,NA,NA,Intron,FALSE,FALSE,FALSE,FALSE,4,2,2,2_2,d4907a1b-8b06-47c5-8bca-c781d9cddaf8,NA
5,94761652,94761652,1,snv_mnv,NA,NA,"broad,dkfz,muse,sanger",4,COSN7587721,NA,L1M7,FALSE,0.1408,NA,10,61,NA,NA,NA,Intron,FALSE,FALSE,FALSE,FALSE,4,2,2,2_2,d4907a1b-8b06-47c5-8bca-c781d9cddaf8,FAM81B
5,95740476,95740476,1,snv_mnv,NA,NA,"broad,dkfz,muse,sanger",4,COSN7587966,NA,MIRb,FALSE,0.1758,NA,16,75,NA,NA,NA,Intron,FALSE,FALSE,FALSE,FALSE,4,2,2,2_2,d4907a1b-8b06-47c5-8bca-c781d9cddaf8,NA
5,95847309,95847309,1,snv_mnv,NA,NA,"broad,dkfz,muse,sanger",4,COSN7588008,NA,LTR81A,FALSE,0.1519,NA,12,67,NA,NA,NA,RNA,FALSE,FALSE,FALSE,FALSE,4,2,2,2_2,d4907a1b-8b06-47c5-8bca-c781d9cddaf8,NA
5,97401278,97401278,1,snv_mnv,NA,NA,"broad,dkfz,muse,sanger",4,COSN7588511,NA,MLT1L,FALSE,0.0978,NA,9,83,NA,NA,NA,IGR,FALSE,FALSE,FALSE,FALSE,4,2,2,2_2,d4907a1b-8b06-47c5-8bca-c781d9cddaf8,NA
5,97697321,97697321,1,snv_mnv,NA,NA,"broad,dkfz,muse,sanger",4,COSN7588644,NA,NA,FALSE,0.2759,NA,16,42,NA,NA,NA,IGR,FALSE,FALSE,FALSE,FALSE,4,2,2,2_2,d4907a1b-8b06-47c5-8bca-c781d9cddaf8,NA
5,97919755,97919755,1,snv_mnv,NA,NA,"broad,dkfz,muse,sanger",4,COSN7588710,NA,NA,FALSE,0.1856,NA,18,79,NA,NA,NA,IGR,FALSE,FALSE,FALSE,FALSE,4,2,2,2_2,d4907a1b-8b06-47c5-8bca-c781d9cddaf8,NA
5,98687250,98687250,1,snv_mnv,5.9904e-4,rs543035242,"broad,dkfz,muse,sanger",4,COSN7588973,rs543035242,NA,FALSE,0.2755,NA,27,71,NA,NA,NA,IGR,FALSE,FALSE,FALSE,FALSE,4,2,2,2_2,d4907a1b-8b06-47c5-8bca-c781d9cddaf8,NA
5,99018164,99018164,1,snv_mnv,NA,NA,"broad,muse,sanger",3,COSN7589149,NA,AluY,FALSE,0.1429,NA,7,42,NA,NA,NA,IGR,FALSE,FALSE,FALSE,FALSE,4,2,2,2_2,d4907a1b-8b06-47c5-8bca-c781d9cddaf8,NA
5,99200528,99200528,1,snv_mnv,NA,NA,"broad,dkfz,muse,sanger",4,COSN7589249,rs758584120,L1MCb,FALSE,0.2683,NA,22,60,NA,NA,NA,IGR,FALSE,FALSE,FALSE,FALSE,4,2,2,2_2,d4907a1b-8b06-47c5-8bca-c781d9cddaf8,NA
5,100061488,100061488,1,snv_mnv,NA,NA,"broad,dkfz,muse,sanger",4,COSN7851052,NA,MLT1E1A,FALSE,0.1429,NA,11,66,NA,NA,NA,IGR,FALSE,FALSE,FALSE,FALSE,4,2,2,2_2,d4907a1b-8b06-47c5-8bca-c781d9cddaf8,NA
5,100650606,100650606,1,snv_mnv,NA,NA,"broad,dkfz,muse,sanger",4,COSN7851443,NA,NA,FALSE,0.1635,NA,17,87,NA,NA,NA,IGR,FALSE,FALSE,FALSE,FALSE,4,2,2,2_2,d4907a1b-8b06-47c5-8bca-c781d9cddaf8,NA
5,100703592,100703592,1,snv_mnv,NA,NA,"broad,dkfz,muse,sanger",4,COSN7851485,NA,NA,FALSE,0.2738,NA,23,61,NA,NA,NA,IGR,FALSE,FALSE,FALSE,FALSE,4,2,2,2_2,d4907a1b-8b06-47c5-8bca-c781d9cddaf8,NA
5,100774531,100774531,1,snv_mnv,NA,NA,"broad,dkfz,muse,sanger",4,COSN7851538,NA,NA,FALSE,0.1848,NA,17,75,NA,NA,NA,IGR,FALSE,FALSE,FALSE,FALSE,4,2,2,2_2,d4907a1b-8b06-47c5-8bca-c781d9cddaf8,NA
5,100877826,100877826,1,snv_mnv,NA,NA,"broad,dkfz,muse,sanger",4,COSN7851627,NA,L1MB8,FALSE,0.1593,NA,18,95,NA,NA,NA,IGR,FALSE,FALSE,FALSE,FALSE,4,2,2,2_2,d4907a1b-8b06-47c5-8bca-c781d9cddaf8,NA
5,101264405,101264405,1,snv_mnv,NA,NA,"broad,dkfz,muse,sanger",4,COSN7851877,NA,NA,FALSE,0.1593,NA,18,95,NA,NA,NA,IGR,FALSE,FALSE,FALSE,FALSE,4,2,2,2_2,d4907a1b-8b06-47c5-8bca-c781d9cddaf8,NA
5,101482043,101482043,1,snv_mnv,NA,NA,"broad,dkfz,muse,sanger",4,COSN7851987,NA,MLT1B,FALSE,0.1034,NA,9,78,NA,NA,NA,lincRNA,FALSE,FALSE,FALSE,FALSE,4,2,2,2_2,d4907a1b-8b06-47c5-8bca-c781d9cddaf8,NA
5,101508899,101508899,1,snv_mnv,NA,NA,"broad,dkfz,muse",3,COSN7852003,NA,NA,FALSE,0.1605,NA,13,68,NA,NA,NA,IGR,FALSE,FALSE,FALSE,FALSE,4,2,2,2_2,d4907a1b-8b06-47c5-8bca-c781d9cddaf8,NA
5,102064096,102064096,1,snv_mnv,NA,NA,"broad,dkfz,muse,sanger",4,COSN7852278,NA,MLT1D,FALSE,0.2783,NA,32,83,NA,NA,NA,IGR,FALSE,FALSE,FALSE,FALSE,4,2,2,2_2,d4907a1b-8b06-47c5-8bca-c781d9cddaf8,NA
5,102326567,102326567,1,snv_mnv,NA,NA,"broad,dkfz,muse,sanger",4,COSN7852339,NA,NA,FALSE,0.0941,NA,8,77,NA,NA,NA,Intron,FALSE,FALSE,FALSE,FALSE,4,2,2,2_2,d4907a1b-8b06-47c5-8bca-c781d9cddaf8,NA
5,103585264,103585264,1,snv_mnv,NA,NA,"broad,dkfz,muse,sanger",4,COSN7852725,NA,NA,FALSE,0.1649,NA,16,81,NA,NA,NA,IGR,FALSE,FALSE,TRUE,FALSE,4,2,2,2_2,d4907a1b-8b06-47c5-8bca-c781d9cddaf8,NA
5,103728839,103728839,1,snv_mnv,NA,NA,"broad,dkfz,muse,sanger",4,COSN7852788,rs779888326,MIRb,FALSE,0.1875,NA,18,78,NA,NA,NA,IGR,FALSE,FALSE,FALSE,FALSE,4,2,2,2_2,d4907a1b-8b06-47c5-8bca-c781d9cddaf8,NA
5,104050794,104050794,1,snv_mnv,NA,NA,"broad,dkfz,muse,sanger",4,COSN7853032,NA,L1MC4a,FALSE,0.2222,NA,18,63,NA,NA,NA,lincRNA,FALSE,FALSE,FALSE,FALSE,4,2,2,2_2,d4907a1b-8b06-47c5-8bca-c781d9cddaf8,NA
5,104473300,104473300,1,snv_mnv,NA,NA,"broad,dkfz,muse",3,COSN7853344,NA,NA,FALSE,0.3049,NA,25,57,NA,NA,NA,lincRNA,FALSE,FALSE,FALSE,FALSE,4,2,2,2_2,d4907a1b-8b06-47c5-8bca-c781d9cddaf8,NA
5,104490074,104490074,1,snv_mnv,NA,NA,"broad,dkfz,muse,sanger",4,COSN7853358,NA,L2,FALSE,0.1364,NA,12,76,NA,NA,NA,lincRNA,FALSE,FALSE,FALSE,FALSE,4,2,2,2_2,d4907a1b-8b06-47c5-8bca-c781d9cddaf8,NA
5,104967068,104967068,1,snv_mnv,NA,NA,"broad,dkfz,muse,sanger",4,COSN7853758,NA,THE1C,FALSE,0.1538,NA,10,55,NA,NA,NA,IGR,FALSE,FALSE,FALSE,FALSE,4,2,2,2_2,d4907a1b-8b06-47c5-8bca-c781d9cddaf8,NA
5,105778845,105778845,1,snv_mnv,NA,NA,"broad,dkfz,muse,sanger",4,COSN7854320,NA,NA,FALSE,0.12,NA,12,88,NA,NA,NA,IGR,FALSE,FALSE,FALSE,FALSE,4,2,2,2_2,d4907a1b-8b06-47c5-8bca-c781d9cddaf8,NA
5,105983470,105983470,1,snv_mnv,NA,NA,"broad,dkfz,muse,sanger",4,COSN7854414,NA,MER97d,FALSE,0.1786,NA,15,69,NA,NA,NA,IGR,FALSE,FALSE,FALSE,FALSE,4,2,2,2_2,d4907a1b-8b06-47c5-8bca-c781d9cddaf8,NA
5,105988788,105988788,1,snv_mnv,NA,NA,"broad,dkfz,muse,sanger",4,COSN7854417,NA,L1PA7,FALSE,0.2895,NA,22,54,NA,NA,NA,IGR,FALSE,FALSE,FALSE,FALSE,4,2,2,2_2,d4907a1b-8b06-47c5-8bca-c781d9cddaf8,NA
5,106880330,106880330,1,snv_mnv,NA,NA,"broad,dkfz,muse,sanger",4,COSN7854670,NA,NA,FALSE,0.3176,NA,27,58,NA,NA,NA,Intron,FALSE,FALSE,FALSE,FALSE,4,2,2,2_2,d4907a1b-8b06-47c5-8bca-c781d9cddaf8,NA
5,107839794,107839794,1,snv_mnv,3.9936e-4,rs564519512,"broad,dkfz,muse,sanger",4,COSN7854944,rs564519512,NA,FALSE,0.2105,NA,16,60,NA,NA,NA,IGR,FALSE,FALSE,FALSE,FALSE,4,2,2,2_2,d4907a1b-8b06-47c5-8bca-c781d9cddaf8,NA
5,108989197,108989197,1,snv_mnv,NA,NA,"broad,dkfz,muse,sanger",4,COSN7855312,NA,NA,FALSE,0.2143,NA,15,55,NA,NA,NA,IGR,FALSE,FALSE,FALSE,FALSE,4,2,2,2_2,d4907a1b-8b06-47c5-8bca-c781d9cddaf8,NA
5,109464309,109464309,1,snv_mnv,NA,NA,"broad,dkfz,muse,sanger",4,COSN7855510,NA,L1PA7,FALSE,0.1538,NA,16,88,NA,NA,NA,IGR,FALSE,FALSE,FALSE,FALSE,4,2,2,2_2,d4907a1b-8b06-47c5-8bca-c781d9cddaf8,NA
5,109553856,109553856,1,snv_mnv,1.9968e-4,rs576892997,"broad,dkfz,muse,sanger",4,COSN7855568,rs576892997,L1PA8A,FALSE,0.1782,NA,18,83,NA,NA,NA,IGR,FALSE,FALSE,FALSE,FALSE,4,2,2,2_2,d4907a1b-8b06-47c5-8bca-c781d9cddaf8,NA
5,109569454,109569454,1,snv_mnv,NA,NA,"broad,dkfz,muse,sanger",4,COSN7855582,NA,NA,FALSE,0.129,NA,8,54,NA,NA,NA,IGR,FALSE,FALSE,TRUE,FALSE,4,2,2,2_2,d4907a1b-8b06-47c5-8bca-c781d9cddaf8,NA
5,109579230,109579230,1,snv_mnv,NA,NA,"broad,dkfz,muse,sanger",4,COSN7855589,NA,NA,FALSE,0.3158,NA,30,65,NA,NA,NA,IGR,FALSE,FALSE,FALSE,FALSE,4,2,2,2_2,d4907a1b-8b06-47c5-8bca-c781d9cddaf8,NA
5,109679806,109679806,1,snv_mnv,NA,NA,"broad,dkfz,muse,sanger",4,COSN7855651,NA,NA,FALSE,0.0964,NA,8,75,NA,NA,NA,IGR,FALSE,FALSE,FALSE,FALSE,4,2,2,2_2,d4907a1b-8b06-47c5-8bca-c781d9cddaf8,NA
5,109913686,109913686,1,snv_mnv,NA,NA,"broad,dkfz,muse,sanger",4,COSN7855778,NA,L1PA13,FALSE,0.1158,NA,11,84,NA,NA,NA,Intron,FALSE,FALSE,TRUE,FALSE,4,2,2,2_2,d4907a1b-8b06-47c5-8bca-c781d9cddaf8,NA
5,110136957,110136957,1,snv_mnv,NA,NA,"broad,dkfz,muse,sanger",4,COSN7855868,NA,MSTA,FALSE,0.378,NA,31,51,NA,NA,NA,IGR,FALSE,FALSE,FALSE,FALSE,4,2,2,2_2,d4907a1b-8b06-47c5-8bca-c781d9cddaf8,NA
5,110412705,110412705,1,snv_mnv,NA,NA,"broad,dkfz,muse,sanger",4,COSN7856021,NA,NA,FALSE,0.3786,NA,39,64,NA,NA,NA,IGR,FALSE,FALSE,FALSE,FALSE,4,2,2,2_2,d4907a1b-8b06-47c5-8bca-c781d9cddaf8,TSLP
5,110748720,110748720,1,snv_mnv,1.9968e-4,rs184958962,"broad,dkfz,muse,sanger",4,COSN7856156,rs184958962,MER66B,FALSE,0.3488,NA,30,56,NA,NA,NA,Intron,FALSE,FALSE,FALSE,FALSE,4,2,2,2_2,d4907a1b-8b06-47c5-8bca-c781d9cddaf8,NA
5,112699610,112699610,1,snv_mnv,NA,NA,"broad,dkfz,muse,sanger",4,COSN7856767,NA,MSTA-int,FALSE,0.1707,NA,14,68,NA,NA,NA,Intron,FALSE,FALSE,FALSE,FALSE,4,2,2,2_2,d4907a1b-8b06-47c5-8bca-c781d9cddaf8,NA
5,113040581,113040581,1,snv_mnv,NA,NA,"broad,dkfz,muse,sanger",4,COSN7856877,NA,MSTA,FALSE,0.1325,NA,11,72,NA,NA,NA,IGR,FALSE,FALSE,FALSE,FALSE,4,2,2,2_2,d4907a1b-8b06-47c5-8bca-c781d9cddaf8,NA
5,113249887,113249887,1,snv_mnv,NA,NA,"broad,dkfz,muse,sanger",4,COSN7857003,NA,MIR3,FALSE,0.2128,NA,20,74,NA,NA,NA,IGR,FALSE,FALSE,FALSE,FALSE,4,2,2,2_2,d4907a1b-8b06-47c5-8bca-c781d9cddaf8,NA
5,113592302,113592302,1,snv_mnv,NA,NA,"broad,dkfz,muse,sanger",4,COSN7857227,NA,L1PB4,FALSE,0.2381,NA,25,80,NA,NA,NA,RNA,FALSE,FALSE,FALSE,FALSE,4,2,2,2_2,d4907a1b-8b06-47c5-8bca-c781d9cddaf8,RN7SKP89
5,113704054,113704054,1,snv_mnv,NA,NA,"broad,dkfz,muse,sanger",4,COSN7857297,NA,NA,FALSE,0.1196,NA,11,81,NA,NA,NA,Intron,FALSE,FALSE,TRUE,FALSE,4,2,2,2_2,d4907a1b-8b06-47c5-8bca-c781d9cddaf8,NA
5,116559503,116559503,1,snv_mnv,NA,NA,"broad,dkfz,muse,sanger",4,COSN7858484,NA,NA,FALSE,0.1264,NA,11,76,NA,NA,NA,IGR,FALSE,FALSE,FALSE,FALSE,4,2,2,2_2,d4907a1b-8b06-47c5-8bca-c781d9cddaf8,NA
5,116910145,116910145,1,snv_mnv,NA,NA,"broad,dkfz,muse,sanger",4,COSN7858664,NA,NA,FALSE,0.1758,NA,16,75,NA,NA,NA,IGR,FALSE,FALSE,FALSE,FALSE,4,2,2,2_2,d4907a1b-8b06-47c5-8bca-c781d9cddaf8,NA
5,116979094,116979094,1,snv_mnv,NA,NA,"broad,dkfz,muse,sanger",4,COSN7858710,NA,NA,FALSE,0.119,NA,10,74,NA,NA,NA,IGR,FALSE,FALSE,FALSE,FALSE,4,2,2,2_2,d4907a1b-8b06-47c5-8bca-c781d9cddaf8,NA
5,117265925,117265925,1,snv_mnv,NA,NA,"broad,dkfz,muse,sanger",4,COSN7858873,NA,NA,FALSE,0.2283,NA,21,71,NA,NA,NA,IGR,FALSE,FALSE,FALSE,FALSE,4,2,2,2_2,d4907a1b-8b06-47c5-8bca-c781d9cddaf8,NA
5,118648505,118648505,1,snv_mnv,NA,NA,"broad,dkfz,muse,sanger",4,COSN7859505,NA,NA,FALSE,0.2817,NA,20,51,NA,NA,NA,Intron,FALSE,FALSE,FALSE,FALSE,4,2,2,2_2,d4907a1b-8b06-47c5-8bca-c781d9cddaf8,NA
5,120026011,120026011,1,snv_mnv,NA,NA,"broad,dkfz,muse,sanger",4,COSN7860228,NA,NA,FALSE,0.12,NA,12,88,NA,NA,NA,IGR,FALSE,FALSE,FALSE,FALSE,4,2,2,2_2,d4907a1b-8b06-47c5-8bca-c781d9cddaf8,PRR16
5,120050336,120050336,1,snv_mnv,NA,NA,"broad,dkfz,muse,sanger",4,COSN7860246,rs757672681,L1PA8A,FALSE,0.2857,NA,30,75,NA,NA,NA,IGR,FALSE,FALSE,FALSE,FALSE,4,2,2,2_2,d4907a1b-8b06-47c5-8bca-c781d9cddaf8,RNU4-69P
5,120064763,120064763,1,snv_mnv,NA,NA,"broad,dkfz,muse,sanger",4,COSN7860251,NA,NA,FALSE,0.1444,NA,13,77,NA,NA,NA,IGR,FALSE,FALSE,FALSE,FALSE,4,2,2,2_2,d4907a1b-8b06-47c5-8bca-c781d9cddaf8,NA
5,120330651,120330651,1,snv_mnv,NA,NA,"broad,dkfz,muse,sanger",4,COSN7860431,NA,NA,FALSE,0.1579,NA,9,48,NA,NA,NA,IGR,FALSE,FALSE,FALSE,FALSE,4,2,2,2_2,d4907a1b-8b06-47c5-8bca-c781d9cddaf8,NA
5,120464630,120464630,1,snv_mnv,NA,NA,"broad,dkfz,muse,sanger",4,COSN7860512,NA,MSTA,FALSE,0.3333,NA,24,48,NA,NA,NA,IGR,FALSE,FALSE,FALSE,FALSE,4,2,2,2_2,d4907a1b-8b06-47c5-8bca-c781d9cddaf8,NA
5,120629382,120629382,1,snv_mnv,NA,NA,"broad,dkfz,muse,sanger",4,COSN7860607,NA,MER65B,FALSE,0.3895,NA,37,58,NA,NA,NA,IGR,FALSE,FALSE,TRUE,FALSE,4,2,2,2_2,d4907a1b-8b06-47c5-8bca-c781d9cddaf8,NA
5,120652340,120652340,1,snv_mnv,NA,NA,"broad,dkfz,muse,sanger",4,COSN7860622,NA,L1PA13,FALSE,0.2135,NA,19,70,NA,NA,NA,IGR,FALSE,FALSE,FALSE,FALSE,4,2,2,2_2,d4907a1b-8b06-47c5-8bca-c781d9cddaf8,NA
5,120668776,120668776,1,snv_mnv,NA,NA,"broad,dkfz,muse,sanger",4,COSN7860631,NA,NA,FALSE,0.4045,NA,36,53,NA,NA,NA,lincRNA,FALSE,FALSE,FALSE,FALSE,4,2,2,2_2,d4907a1b-8b06-47c5-8bca-c781d9cddaf8,NA
5,120859617,120859617,1,snv_mnv,NA,NA,"broad,dkfz,muse,sanger",4,COSN7860750,NA,L1MA8,FALSE,0.1807,NA,15,68,NA,NA,NA,IGR,FALSE,FALSE,FALSE,FALSE,4,2,2,2_2,d4907a1b-8b06-47c5-8bca-c781d9cddaf8,NA
5,121266508,121266508,1,snv_mnv,NA,NA,"broad,dkfz,muse,sanger",4,COSN7860995,NA,AluY,FALSE,0.1505,NA,14,79,NA,NA,NA,IGR,FALSE,FALSE,FALSE,FALSE,4,2,2,2_2,d4907a1b-8b06-47c5-8bca-c781d9cddaf8,NA
5,126773798,126773798,1,snv_mnv,NA,NA,"broad,dkfz,muse,sanger",4,COSN7872837,NA,L2a,FALSE,0.3023,NA,26,60,NA,NA,NA,Intron,FALSE,FALSE,FALSE,FALSE,4,2,2,2_2,d4907a1b-8b06-47c5-8bca-c781d9cddaf8,NA
5,127681116,127681116,1,snv_mnv,1.9968e-4,rs201631085,"broad,dkfz,muse,sanger",4,COSM3784558,rs201631085,NA,FALSE,0.2727,NA,21,56,NA,NA,NA,Silent,FALSE,FALSE,FALSE,FALSE,4,2,2,2_2,d4907a1b-8b06-47c5-8bca-c781d9cddaf8,NA
5,127783497,127783497,1,snv_mnv,NA,NA,"broad,muse,sanger",3,COSN7873171,NA,MER11B,FALSE,0.3077,NA,20,45,NA,NA,NA,Intron,FALSE,FALSE,FALSE,FALSE,4,2,2,2_2,d4907a1b-8b06-47c5-8bca-c781d9cddaf8,NA
5,127988401,127988401,1,snv_mnv,NA,NA,"broad,muse,sanger",3,COSN7873263,NA,L1PA7,FALSE,0.1471,NA,15,87,NA,NA,NA,Intron,FALSE,FALSE,FALSE,FALSE,4,2,2,2_2,d4907a1b-8b06-47c5-8bca-c781d9cddaf8,NA
5,128250421,128250421,1,snv_mnv,NA,NA,"broad,dkfz,muse,sanger",4,COSN7873389,NA,NA,FALSE,0.284,NA,23,58,NA,NA,NA,IGR,FALSE,FALSE,FALSE,FALSE,4,2,2,2_2,d4907a1b-8b06-47c5-8bca-c781d9cddaf8,NA
5,128532656,128532656,1,snv_mnv,NA,NA,"broad,dkfz,muse,sanger",4,COSN7873522,NA,NA,FALSE,0.3544,NA,28,51,NA,NA,NA,IGR,FALSE,FALSE,FALSE,FALSE,4,2,2,2_2,d4907a1b-8b06-47c5-8bca-c781d9cddaf8,NA
5,128638290,128638290,1,snv_mnv,NA,NA,"dkfz,sanger",2,COSN7873590,rs867598936,L1PA8A,FALSE,0.2152,NA,17,62,NA,NA,NA,IGR,FALSE,FALSE,FALSE,FALSE,4,2,2,2_2,d4907a1b-8b06-47c5-8bca-c781d9cddaf8,NA
5,128803358,128803358,1,snv_mnv,NA,NA,"broad,dkfz,muse,sanger",4,COSN7873673,NA,HAL1,FALSE,0.2903,NA,27,66,NA,NA,NA,Intron,FALSE,FALSE,FALSE,FALSE,4,2,2,2_2,d4907a1b-8b06-47c5-8bca-c781d9cddaf8,NA
5,128839647,128839647,1,snv_mnv,NA,NA,"broad,dkfz,muse,sanger",4,COSN7873692,NA,NA,FALSE,0.2609,NA,18,51,NA,NA,NA,Intron,FALSE,FALSE,FALSE,FALSE,4,2,2,2_2,d4907a1b-8b06-47c5-8bca-c781d9cddaf8,NA
5,129671898,129671898,1,snv_mnv,NA,NA,"broad,dkfz,muse,sanger",4,COSN7874250,NA,AluSc5,FALSE,0.3333,NA,24,48,NA,NA,NA,IGR,FALSE,FALSE,FALSE,FALSE,4,2,2,2_2,d4907a1b-8b06-47c5-8bca-c781d9cddaf8,NA
5,130240023,130240023,1,snv_mnv,NA,NA,"broad,dkfz,muse,sanger",4,COSN7874576,NA,L1PA6,FALSE,0.1714,NA,12,58,NA,NA,NA,IGR,FALSE,FALSE,FALSE,FALSE,4,2,2,2_2,d4907a1b-8b06-47c5-8bca-c781d9cddaf8,NA
5,131034396,131034396,1,snv_mnv,NA,NA,"broad,dkfz,muse,sanger",4,COSN7874811,NA,NA,FALSE,0.2553,NA,24,70,NA,NA,NA,Intron,FALSE,FALSE,FALSE,FALSE,4,2,2,2_2,d4907a1b-8b06-47c5-8bca-c781d9cddaf8,NA
5,133210542,133210542,1,snv_mnv,NA,NA,"broad,dkfz,muse,sanger",4,COSN7875440,NA,AluSz6,FALSE,0.3678,NA,32,55,NA,NA,NA,IGR,FALSE,FALSE,FALSE,FALSE,4,2,2,2_2,d4907a1b-8b06-47c5-8bca-c781d9cddaf8,NA
5,134533681,134533681,1,snv_mnv,NA,NA,"broad,dkfz,muse,sanger",4,COSN7875778,NA,L1PA16,FALSE,0.3298,NA,31,63,NA,NA,NA,Intron,FALSE,FALSE,FALSE,FALSE,4,2,2,2_2,d4907a1b-8b06-47c5-8bca-c781d9cddaf8,NA
5,135671357,135671357,1,snv_mnv,NA,NA,"broad,dkfz,muse,sanger",4,COSN7876138,NA,AluY,FALSE,0.1892,NA,14,60,NA,NA,NA,Intron,FALSE,FALSE,FALSE,FALSE,4,2,2,2_2,d4907a1b-8b06-47c5-8bca-c781d9cddaf8,NA
5,136062830,136062830,1,snv_mnv,NA,NA,"broad,dkfz,muse,sanger",4,COSN7876343,NA,NA,FALSE,0.1184,NA,9,67,NA,NA,NA,IGR,FALSE,FALSE,FALSE,FALSE,4,2,2,2_2,d4907a1b-8b06-47c5-8bca-c781d9cddaf8,NA
5,136324387,136324387,1,snv_mnv,NA,NA,"broad,dkfz,muse,sanger",4,COSN7876463,NA,NA,FALSE,0.2564,NA,20,58,NA,NA,NA,Intron,FALSE,FALSE,FALSE,FALSE,4,2,2,2_2,d4907a1b-8b06-47c5-8bca-c781d9cddaf8,SPOCK1
5,138175653,138175653,1,snv_mnv,1.9968e-4,rs539594169,"broad,dkfz,muse,sanger",4,COSN7877025,rs539594169,NA,FALSE,0.1556,NA,14,76,NA,NA,NA,Intron,FALSE,FALSE,FALSE,FALSE,4,2,2,2_2,d4907a1b-8b06-47c5-8bca-c781d9cddaf8,NA
5,139241486,139241486,1,snv_mnv,NA,NA,"broad,dkfz,muse,sanger",4,COSN7877283,NA,NA,FALSE,0.4286,NA,30,40,NA,NA,NA,Intron,FALSE,FALSE,FALSE,FALSE,4,2,2,2_2,d4907a1b-8b06-47c5-8bca-c781d9cddaf8,NA
5,140249738,140249738,1,snv_mnv,NA,NA,"broad,dkfz,muse,sanger",4,COSM3784613,rs537593818,NA,FALSE,0.2407,NA,13,41,NA,NA,NA,Silent,FALSE,FALSE,FALSE,FALSE,4,2,2,2_2,d4907a1b-8b06-47c5-8bca-c781d9cddaf8,"AC005609.4,PCDHA11"
5,141567133,141567133,1,snv_mnv,NA,NA,"broad,dkfz,muse,sanger",4,COSN7877924,NA,NA,FALSE,0.3026,NA,23,53,NA,NA,NA,IGR,FALSE,FALSE,FALSE,FALSE,4,2,2,2_2,d4907a1b-8b06-47c5-8bca-c781d9cddaf8,NA
5,142019246,142019246,1,snv_mnv,NA,NA,"broad,dkfz,muse,sanger",4,COSN7878044,NA,L1MA6,FALSE,0.2658,NA,21,58,NA,NA,NA,Intron,FALSE,FALSE,FALSE,FALSE,4,2,2,2_2,d4907a1b-8b06-47c5-8bca-c781d9cddaf8,NA
5,142737945,142737945,1,snv_mnv,NA,NA,"broad,dkfz,muse,sanger",4,COSN7878221,NA,NA,FALSE,0.4095,NA,43,62,NA,NA,NA,Intron,FALSE,FALSE,FALSE,FALSE,4,2,2,2_2,d4907a1b-8b06-47c5-8bca-c781d9cddaf8,NA
5,143763329,143763329,1,snv_mnv,NA,NA,"broad,dkfz,muse,sanger",4,COSN7878562,NA,NA,FALSE,0.2065,NA,19,73,NA,NA,NA,Intron,FALSE,FALSE,FALSE,FALSE,4,2,2,2_2,d4907a1b-8b06-47c5-8bca-c781d9cddaf8,NA
5,143998114,143998114,1,snv_mnv,NA,NA,"broad,dkfz,muse,sanger",4,COSN7878669,NA,NA,FALSE,0.2887,NA,28,69,NA,NA,NA,IGR,FALSE,FALSE,FALSE,FALSE,4,2,2,2_2,d4907a1b-8b06-47c5-8bca-c781d9cddaf8,NA
5,144413863,144413863,1,snv_mnv,NA,NA,"broad,dkfz,muse,sanger",4,COSN7878892,NA,MER103C,FALSE,0.18,NA,18,82,NA,NA,NA,IGR,FALSE,FALSE,FALSE,FALSE,4,2,2,2_2,d4907a1b-8b06-47c5-8bca-c781d9cddaf8,NA
5,147675282,147675282,1,snv_mnv,NA,NA,"broad,dkfz,muse,sanger",4,COSN7879813,rs550011694,MER63A,FALSE,0.2048,NA,17,66,NA,NA,NA,RNA,FALSE,FALSE,FALSE,FALSE,4,2,2,2_2,d4907a1b-8b06-47c5-8bca-c781d9cddaf8,NA
5,148119185,148119185,1,snv_mnv,NA,NA,"broad,dkfz,muse,sanger",4,COSN7879926,NA,NA,FALSE,0.3797,NA,30,49,NA,NA,NA,IGR,FALSE,FALSE,FALSE,FALSE,4,2,2,2_2,d4907a1b-8b06-47c5-8bca-c781d9cddaf8,NA
5,149437295,149437295,1,snv_mnv,NA,NA,"broad,dkfz,muse,sanger",4,COSN7880257,NA,L3,FALSE,0.1129,NA,7,55,NA,NA,NA,Intron,FALSE,FALSE,FALSE,FALSE,4,2,2,2_2,d4907a1b-8b06-47c5-8bca-c781d9cddaf8,"CSF1R,HMGXB3"
5,149779326,149779326,1,snv_mnv,NA,NA,"broad,dkfz,muse,sanger",4,COSN7880349,NA,NA,FALSE,0.1974,NA,15,61,NA,NA,NA,IGR,FALSE,FALSE,FALSE,FALSE,4,2,2,2_2,d4907a1b-8b06-47c5-8bca-c781d9cddaf8,"TCOF1,CD74"
5,149848995,149848995,1,snv_mnv,NA,NA,"broad,dkfz,muse,sanger",4,COSN7880363,NA,AluSq2,FALSE,0.2468,NA,19,58,NA,NA,NA,IGR,FALSE,FALSE,FALSE,FALSE,4,2,2,2_2,d4907a1b-8b06-47c5-8bca-c781d9cddaf8,NA
5,150281389,150281389,1,snv_mnv,NA,NA,"broad,dkfz,muse,sanger",4,COSN7880460,NA,L1MC,FALSE,0.16,NA,20,105,NA,NA,NA,Intron,FALSE,FALSE,FALSE,FALSE,4,2,2,2_2,d4907a1b-8b06-47c5-8bca-c781d9cddaf8,IRGM
5,150716074,150716074,1,snv_mnv,NA,NA,"broad,dkfz,muse,sanger",4,COSN7880616,NA,NA,FALSE,0.1957,NA,9,37,NA,NA,NA,Intron,FALSE,FALSE,TRUE,FALSE,4,2,2,2_2,d4907a1b-8b06-47c5-8bca-c781d9cddaf8,SLC36A2
5,150957350,150957350,1,snv_mnv,1.9968e-4,rs561029531,"broad,dkfz,muse,sanger",4,COSN7880691,rs561029531,NA,FALSE,0.2381,NA,15,48,NA,NA,NA,IGR,FALSE,FALSE,FALSE,FALSE,4,2,2,2_2,d4907a1b-8b06-47c5-8bca-c781d9cddaf8,NA
5,152051719,152051719,1,snv_mnv,NA,NA,"broad,dkfz,muse,sanger",4,COSN7881137,NA,NA,FALSE,0.1456,NA,15,88,NA,NA,NA,lincRNA,FALSE,FALSE,FALSE,FALSE,4,2,2,2_2,d4907a1b-8b06-47c5-8bca-c781d9cddaf8,NA
5,152424468,152424468,1,snv_mnv,NA,NA,"broad,dkfz,muse,sanger",4,COSN7881372,NA,NA,FALSE,0.1279,NA,11,75,NA,NA,NA,IGR,FALSE,FALSE,FALSE,FALSE,4,2,2,2_2,d4907a1b-8b06-47c5-8bca-c781d9cddaf8,NA
5,152468481,152468481,1,snv_mnv,NA,NA,"broad,dkfz,muse,sanger",4,COSN7881413,NA,NA,FALSE,0.1733,NA,13,62,NA,NA,NA,IGR,FALSE,FALSE,FALSE,FALSE,4,2,2,2_2,d4907a1b-8b06-47c5-8bca-c781d9cddaf8,NA
5,152486654,152486654,1,snv_mnv,NA,NA,"broad,dkfz,muse",3,COSN7881429,NA,NA,FALSE,0.134,NA,13,84,NA,NA,NA,IGR,FALSE,FALSE,FALSE,FALSE,4,2,2,2_2,d4907a1b-8b06-47c5-8bca-c781d9cddaf8,NA
5,152854515,152854515,1,snv_mnv,NA,NA,"broad,dkfz,muse,sanger",4,COSN7881707,NA,L1PA10,FALSE,0.1748,NA,18,85,NA,NA,NA,IGR,FALSE,FALSE,FALSE,FALSE,4,2,2,2_2,d4907a1b-8b06-47c5-8bca-c781d9cddaf8,NA
5,153584944,153584944,1,snv_mnv,NA,NA,"broad,dkfz,muse,sanger",4,COSN7882059,NA,NA,FALSE,0.3291,NA,26,53,NA,NA,NA,Intron,FALSE,FALSE,FALSE,FALSE,4,2,2,2_2,d4907a1b-8b06-47c5-8bca-c781d9cddaf8,NA
5,154043267,154043267,1,snv_mnv,NA,NA,"broad,dkfz,muse,sanger",4,COSN7882199,NA,MSTB-int,FALSE,0.3467,NA,26,49,NA,NA,NA,IGR,FALSE,FALSE,FALSE,FALSE,4,2,2,2_2,d4907a1b-8b06-47c5-8bca-c781d9cddaf8,NA
5,154714080,154714080,1,snv_mnv,NA,NA,"broad,dkfz,muse,sanger",4,COSN7882468,NA,NA,FALSE,0.1341,NA,11,71,NA,NA,NA,IGR,FALSE,FALSE,FALSE,FALSE,4,2,2,2_2,d4907a1b-8b06-47c5-8bca-c781d9cddaf8,NA
5,155058696,155058696,1,snv_mnv,NA,NA,"broad,dkfz,muse,sanger",4,COSN7902651,NA,HUERS-P2-int,FALSE,0.1905,NA,20,85,NA,NA,NA,IGR,FALSE,FALSE,FALSE,FALSE,4,2,2,2_2,d4907a1b-8b06-47c5-8bca-c781d9cddaf8,NA
5,155292589,155292589,1,snv_mnv,NA,NA,"broad,dkfz,muse,sanger",4,COSN7902817,NA,Charlie1a,FALSE,0.1099,NA,10,81,NA,NA,NA,IGR,FALSE,FALSE,FALSE,FALSE,4,2,2,2_2,d4907a1b-8b06-47c5-8bca-c781d9cddaf8,SGCD
5,155401788,155401788,1,snv_mnv,NA,NA,"broad,dkfz,muse,sanger",4,COSN7902899,NA,NA,FALSE,0.1512,NA,13,73,NA,NA,NA,Intron,FALSE,FALSE,FALSE,FALSE,4,2,2,2_2,d4907a1b-8b06-47c5-8bca-c781d9cddaf8,NA
5,155472664,155472664,1,snv_mnv,NA,NA,"broad,dkfz,muse,sanger",4,COSN7902956,NA,MLT1A,FALSE,0.1667,NA,13,65,NA,NA,NA,Intron,FALSE,FALSE,FALSE,FALSE,4,2,2,2_2,d4907a1b-8b06-47c5-8bca-c781d9cddaf8,NA
5,155508267,155508267,1,snv_mnv,1.9968e-4,rs568689072,"broad,muse,sanger",3,COSN7902976,rs568689072,MSTB,FALSE,0.2625,NA,21,59,NA,NA,NA,Intron,FALSE,FALSE,FALSE,FALSE,4,2,2,2_2,d4907a1b-8b06-47c5-8bca-c781d9cddaf8,NA
5,156521555,156521555,1,snv_mnv,NA,NA,"broad,dkfz,muse,sanger",4,COSN7903575,NA,AluSz,FALSE,0.1803,NA,11,50,NA,NA,NA,Intron,FALSE,FALSE,FALSE,FALSE,4,2,2,2_2,d4907a1b-8b06-47c5-8bca-c781d9cddaf8,HAVCR2
5,157070465,157070465,1,snv_mnv,NA,NA,"broad,dkfz,muse,sanger",4,COSN7903802,NA,AT_rich,FALSE,0.2469,NA,20,61,NA,NA,NA,Intron,FALSE,FALSE,FALSE,FALSE,4,2,2,2_2,d4907a1b-8b06-47c5-8bca-c781d9cddaf8,NA
5,158085353,158085353,1,snv_mnv,NA,NA,"broad,dkfz,muse,sanger",4,COSN7904202,NA,NA,FALSE,0.1963,NA,21,86,NA,NA,NA,IGR,FALSE,FALSE,FALSE,FALSE,4,2,2,2_2,d4907a1b-8b06-47c5-8bca-c781d9cddaf8,NA
5,158091899,158091899,1,snv_mnv,NA,NA,"broad,dkfz,muse,sanger",4,COSN7904205,NA,L1ME3A,FALSE,0.2584,NA,23,66,NA,NA,NA,IGR,FALSE,FALSE,FALSE,FALSE,4,2,2,2_2,d4907a1b-8b06-47c5-8bca-c781d9cddaf8,NA
5,159230267,159230267,1,snv_mnv,NA,NA,"broad,dkfz,muse,sanger",4,COSN7904674,NA,NA,FALSE,0.1585,NA,13,69,NA,NA,NA,lincRNA,FALSE,FALSE,FALSE,FALSE,4,2,2,2_2,d4907a1b-8b06-47c5-8bca-c781d9cddaf8,NA
5,159369525,159369525,1,snv_mnv,NA,NA,"broad,dkfz,muse,sanger",4,COSN7904736,NA,L1ME3C,FALSE,0.3297,NA,30,61,NA,NA,NA,Intron,FALSE,FALSE,FALSE,FALSE,4,2,2,2_2,d4907a1b-8b06-47c5-8bca-c781d9cddaf8,LINC01847
5,160134261,160134261,1,snv_mnv,NA,NA,"broad,dkfz,muse,sanger",4,COSN7904985,NA,NA,FALSE,0.2911,NA,23,56,NA,NA,NA,Intron,FALSE,FALSE,FALSE,FALSE,4,2,2,2_2,d4907a1b-8b06-47c5-8bca-c781d9cddaf8,NA
5,160462902,160462902,1,snv_mnv,NA,NA,"broad,dkfz,muse,sanger",4,COSN7905104,NA,NA,FALSE,0.2963,NA,24,57,NA,NA,NA,IGR,FALSE,FALSE,FALSE,FALSE,4,2,2,2_2,d4907a1b-8b06-47c5-8bca-c781d9cddaf8,NA
5,160568117,160568117,1,snv_mnv,NA,NA,"broad,dkfz,muse,sanger",4,COSN7905147,rs765659836,NA,FALSE,0.2418,NA,22,69,NA,NA,NA,IGR,FALSE,FALSE,FALSE,FALSE,4,2,2,2_2,d4907a1b-8b06-47c5-8bca-c781d9cddaf8,NA
5,160721114,160721114,1,snv_mnv,NA,NA,"broad,dkfz,muse,sanger",4,COSM3410070,NA,NA,FALSE,0.25,NA,16,48,NA,NA,NA,Missense_Mutation,FALSE,FALSE,FALSE,FALSE,4,2,2,2_2,d4907a1b-8b06-47c5-8bca-c781d9cddaf8,NA
5,160875197,160875197,1,snv_mnv,NA,NA,"broad,dkfz,muse,sanger",4,COSN7905298,NA,AluJr,FALSE,0.1818,NA,14,63,NA,NA,NA,Intron,FALSE,FALSE,FALSE,FALSE,4,2,2,2_2,d4907a1b-8b06-47c5-8bca-c781d9cddaf8,NA
5,160963242,160963242,1,snv_mnv,NA,NA,"broad,dkfz,muse,sanger",4,COSN7905333,NA,NA,FALSE,0.2414,NA,21,66,NA,NA,NA,Intron,FALSE,FALSE,FALSE,FALSE,4,2,2,2_2,d4907a1b-8b06-47c5-8bca-c781d9cddaf8,NA
5,161002079,161002079,1,snv_mnv,NA,NA,"broad,dkfz,muse,sanger",4,COSN7905359,NA,L1MC,FALSE,0.1835,NA,20,89,NA,NA,NA,Intron,FALSE,FALSE,FALSE,FALSE,4,2,2,2_2,d4907a1b-8b06-47c5-8bca-c781d9cddaf8,NA
5,161619552,161619552,1,snv_mnv,NA,NA,"broad,dkfz,muse,sanger",4,COSN7905813,NA,LTR52,FALSE,0.2472,NA,22,67,NA,NA,NA,IGR,FALSE,FALSE,FALSE,FALSE,4,2,2,2_2,d4907a1b-8b06-47c5-8bca-c781d9cddaf8,NA
5,161673367,161673367,1,snv_mnv,NA,NA,"broad,dkfz,muse,sanger",4,COSN7905845,NA,L1M5,FALSE,0.25,NA,26,78,NA,NA,NA,IGR,FALSE,FALSE,TRUE,FALSE,4,2,2,2_2,d4907a1b-8b06-47c5-8bca-c781d9cddaf8,NA
5,162429811,162429811,1,snv_mnv,NA,NA,"broad,dkfz,muse,sanger",4,COSN7906294,NA,L2b,FALSE,0.1099,NA,10,81,NA,NA,NA,IGR,FALSE,FALSE,FALSE,FALSE,4,2,2,2_2,d4907a1b-8b06-47c5-8bca-c781d9cddaf8,NA
5,162970926,162970926,1,snv_mnv,3.9936e-4,rs541670578,"broad,dkfz,muse,sanger",4,COSN7906589,rs541670578,NA,FALSE,0.266,NA,25,69,NA,NA,NA,IGR,FALSE,FALSE,FALSE,FALSE,4,2,2,2_2,d4907a1b-8b06-47c5-8bca-c781d9cddaf8,NA
5,162987103,162987103,1,snv_mnv,3.9936e-4,rs561551499,"broad,dkfz,muse,sanger",4,COSN7906600,rs561551499,L1MB7,FALSE,0.2143,NA,15,55,NA,NA,NA,IGR,FALSE,FALSE,FALSE,FALSE,4,2,2,2_2,d4907a1b-8b06-47c5-8bca-c781d9cddaf8,NA
5,163459464,163459464,1,snv_mnv,NA,NA,"broad,dkfz,muse,sanger",4,COSN7906881,NA,L1M5,FALSE,0.2824,NA,24,61,NA,NA,NA,IGR,FALSE,FALSE,TRUE,FALSE,4,2,2,2_2,d4907a1b-8b06-47c5-8bca-c781d9cddaf8,NA
5,163608012,163608012,1,snv_mnv,NA,NA,"broad,dkfz,muse,sanger",4,COSN7906961,NA,L1MA9,FALSE,0.1757,NA,13,61,NA,NA,NA,lincRNA,FALSE,FALSE,FALSE,FALSE,4,2,2,2_2,d4907a1b-8b06-47c5-8bca-c781d9cddaf8,NA
5,163608018,163608018,1,snv_mnv,NA,NA,"broad,dkfz,muse,sanger",4,COSN7906962,NA,L1MA9,FALSE,0.16,NA,12,63,NA,NA,NA,lincRNA,FALSE,FALSE,FALSE,FALSE,4,2,2,2_2,d4907a1b-8b06-47c5-8bca-c781d9cddaf8,NA
5,163613116,163613116,1,snv_mnv,NA,NA,"broad,dkfz,muse,sanger",4,COSN7906964,NA,NA,FALSE,0.3548,NA,33,60,NA,NA,NA,lincRNA,FALSE,FALSE,FALSE,FALSE,4,2,2,2_2,d4907a1b-8b06-47c5-8bca-c781d9cddaf8,NA
5,163742211,163742211,1,snv_mnv,NA,NA,"broad,dkfz,muse,sanger",4,COSN7907040,NA,MLT1A0,FALSE,0.1341,NA,11,71,NA,NA,NA,RNA,FALSE,FALSE,FALSE,FALSE,4,2,2,2_2,d4907a1b-8b06-47c5-8bca-c781d9cddaf8,NA
5,164263496,164263496,1,snv_mnv,NA,NA,"broad,dkfz,muse,sanger",4,COSN7907484,NA,NA,FALSE,0.1633,NA,16,82,NA,NA,NA,RNA,FALSE,FALSE,FALSE,FALSE,4,2,2,2_2,d4907a1b-8b06-47c5-8bca-c781d9cddaf8,NA
5,164278620,164278620,1,snv_mnv,NA,NA,"broad,dkfz,muse,sanger",4,COSN7907499,NA,L1ME1,FALSE,0.1705,NA,15,73,NA,NA,NA,RNA,FALSE,FALSE,FALSE,FALSE,4,2,2,2_2,d4907a1b-8b06-47c5-8bca-c781d9cddaf8,NA
5,164312268,164312268,1,snv_mnv,NA,NA,"broad,dkfz,muse,sanger",4,COSN7907526,NA,MamRep137,FALSE,0.3085,NA,29,65,NA,NA,NA,RNA,FALSE,FALSE,FALSE,FALSE,4,2,2,2_2,d4907a1b-8b06-47c5-8bca-c781d9cddaf8,NA
5,164358737,164358737,1,snv_mnv,NA,NA,"broad,dkfz,muse,sanger",4,COSN7907558,NA,L1PA7,FALSE,0.3182,NA,28,60,NA,NA,NA,RNA,FALSE,FALSE,FALSE,FALSE,4,2,2,2_2,d4907a1b-8b06-47c5-8bca-c781d9cddaf8,RNU6-209P
5,164386007,164386007,1,snv_mnv,NA,NA,"broad,dkfz,muse,sanger",4,COSN7907587,NA,AT_rich,FALSE,0.1771,NA,17,79,NA,NA,NA,RNA,FALSE,FALSE,FALSE,FALSE,4,2,2,2_2,d4907a1b-8b06-47c5-8bca-c781d9cddaf8,NA
5,164421055,164421055,1,snv_mnv,NA,NA,"broad,dkfz,muse,sanger",4,COSN7907615,NA,L2a,FALSE,0.122,NA,10,72,NA,NA,NA,RNA,FALSE,FALSE,FALSE,FALSE,4,2,2,2_2,d4907a1b-8b06-47c5-8bca-c781d9cddaf8,NA
5,164567935,164567935,1,snv_mnv,NA,NA,"broad,dkfz,muse,sanger",4,COSN7907719,NA,NA,FALSE,0.098,NA,10,92,NA,NA,NA,RNA,FALSE,FALSE,FALSE,FALSE,4,2,2,2_2,d4907a1b-8b06-47c5-8bca-c781d9cddaf8,NA
5,164758650,164758650,1,snv_mnv,NA,NA,"broad,dkfz,muse,sanger",4,COSN7907844,NA,MamRep1161,FALSE,0.1442,NA,15,89,NA,NA,NA,IGR,FALSE,FALSE,FALSE,FALSE,4,2,2,2_2,d4907a1b-8b06-47c5-8bca-c781d9cddaf8,NA
5,164787105,164787105,1,snv_mnv,NA,NA,"broad,dkfz,muse,sanger",4,COSN7907861,NA,MIR,FALSE,0.119,NA,10,74,NA,NA,NA,lincRNA,FALSE,FALSE,FALSE,FALSE,4,2,2,2_2,d4907a1b-8b06-47c5-8bca-c781d9cddaf8,NA
5,165391861,165391861,1,snv_mnv,1.9968e-4,rs565499218,"broad,muse,sanger",3,COSN7908366,rs565499218,L1PA7,FALSE,0.1818,NA,18,81,NA,NA,NA,IGR,FALSE,FALSE,FALSE,FALSE,4,2,2,2_2,d4907a1b-8b06-47c5-8bca-c781d9cddaf8,NA
5,165835129,165835129,1,snv_mnv,NA,NA,"broad,dkfz,muse,sanger",4,COSN7908816,NA,NA,FALSE,0.3182,NA,28,60,NA,NA,NA,IGR,FALSE,FALSE,FALSE,FALSE,4,2,2,2_2,d4907a1b-8b06-47c5-8bca-c781d9cddaf8,NA
5,165893479,165893479,1,snv_mnv,NA,NA,"broad,dkfz,muse,sanger",4,COSN7908894,NA,NA,FALSE,0.1957,NA,18,74,NA,NA,NA,IGR,FALSE,FALSE,FALSE,FALSE,4,2,2,2_2,d4907a1b-8b06-47c5-8bca-c781d9cddaf8,NA
5,165911170,165911170,1,snv_mnv,NA,NA,"broad,dkfz,muse,sanger",4,COSN7908913,NA,Tigger1,FALSE,0.2233,NA,23,80,NA,NA,NA,IGR,FALSE,FALSE,TRUE,FALSE,4,2,2,2_2,d4907a1b-8b06-47c5-8bca-c781d9cddaf8,NA
5,165981809,165981809,1,snv_mnv,NA,NA,"broad,dkfz,muse,sanger",4,COSN7908964,NA,NA,FALSE,0.4194,NA,39,54,NA,NA,NA,IGR,FALSE,FALSE,FALSE,FALSE,4,2,2,2_2,d4907a1b-8b06-47c5-8bca-c781d9cddaf8,NA
5,166134023,166134023,1,snv_mnv,NA,NA,"broad,dkfz,muse,sanger",4,COSN7909122,NA,NA,FALSE,0.1446,NA,12,71,NA,NA,NA,IGR,FALSE,FALSE,FALSE,FALSE,4,2,2,2_2,d4907a1b-8b06-47c5-8bca-c781d9cddaf8,NA
5,166284839,166284839,1,snv_mnv,NA,NA,"broad,dkfz,muse,sanger",4,COSN7909276,NA,NA,FALSE,0.1724,NA,20,96,NA,NA,NA,IGR,FALSE,FALSE,FALSE,FALSE,4,2,2,2_2,d4907a1b-8b06-47c5-8bca-c781d9cddaf8,NA
5,166353012,166353012,1,snv_mnv,NA,NA,"broad,dkfz,muse,sanger",4,COSN7909351,NA,LTR12C,FALSE,0.1829,NA,15,67,NA,NA,NA,lincRNA,FALSE,FALSE,FALSE,FALSE,4,2,2,2_2,d4907a1b-8b06-47c5-8bca-c781d9cddaf8,NA
5,166483424,166483424,1,snv_mnv,NA,NA,"broad,dkfz,muse,sanger",4,COSN7909468,NA,L1MC1,FALSE,0.2368,NA,18,58,NA,NA,NA,IGR,FALSE,FALSE,FALSE,FALSE,4,2,2,2_2,d4907a1b-8b06-47c5-8bca-c781d9cddaf8,NA
5,166614769,166614769,1,snv_mnv,NA,NA,"broad,dkfz,muse,sanger",4,COSN7909593,NA,NA,FALSE,0.2796,NA,26,67,NA,NA,NA,IGR,FALSE,FALSE,FALSE,FALSE,4,2,2,2_2,d4907a1b-8b06-47c5-8bca-c781d9cddaf8,NA
5,166695519,166695519,1,snv_mnv,NA,NA,"broad,dkfz,muse,sanger",4,COSN7909669,NA,NA,FALSE,0.1818,NA,14,63,NA,NA,NA,IGR,FALSE,FALSE,FALSE,FALSE,4,2,2,2_2,d4907a1b-8b06-47c5-8bca-c781d9cddaf8,NA
5,166935873,166935873,1,snv_mnv,NA,NA,"broad,dkfz,muse",3,COSN7909858,NA,AluSx,FALSE,0.1493,NA,10,57,NA,NA,NA,Intron,FALSE,FALSE,FALSE,FALSE,4,2,2,2_2,d4907a1b-8b06-47c5-8bca-c781d9cddaf8,NA
5,166971428,166971428,1,snv_mnv,NA,NA,"broad,dkfz,muse,sanger",4,COSN7909899,NA,NA,FALSE,0.2051,NA,16,62,NA,NA,NA,Intron,FALSE,FALSE,TRUE,FALSE,4,2,2,2_2,d4907a1b-8b06-47c5-8bca-c781d9cddaf8,NA
5,168125445,168125445,1,snv_mnv,NA,NA,"broad,dkfz,muse,sanger",4,COSN7910391,NA,MLT1C,FALSE,0.2778,NA,20,52,NA,NA,NA,Intron,FALSE,FALSE,FALSE,FALSE,4,2,2,2_2,d4907a1b-8b06-47c5-8bca-c781d9cddaf8,SLIT3
5,168337486,168337486,1,snv_mnv,NA,NA,"broad,muse,sanger",3,COSN7910476,NA,AluY,FALSE,0.2597,NA,20,57,NA,NA,NA,Intron,FALSE,FALSE,FALSE,FALSE,4,2,2,2_2,d4907a1b-8b06-47c5-8bca-c781d9cddaf8,NA
5,168353250,168353250,1,snv_mnv,NA,NA,"broad,dkfz,muse,sanger",4,COSN7910485,NA,NA,FALSE,0.2529,NA,22,65,NA,NA,NA,Intron,FALSE,FALSE,FALSE,FALSE,4,2,2,2_2,d4907a1b-8b06-47c5-8bca-c781d9cddaf8,NA
5,168869621,168869621,1,snv_mnv,NA,NA,"broad,dkfz,muse,sanger",4,COSN7910722,NA,NA,FALSE,0.3019,NA,32,74,NA,NA,NA,IGR,FALSE,FALSE,FALSE,FALSE,4,2,2,2_2,d4907a1b-8b06-47c5-8bca-c781d9cddaf8,NA
5,169177143,169177143,1,snv_mnv,NA,NA,"broad,dkfz,muse,sanger",4,COSN7910886,NA,NA,FALSE,0.131,NA,11,73,NA,NA,NA,Intron,FALSE,FALSE,FALSE,FALSE,4,2,2,2_2,d4907a1b-8b06-47c5-8bca-c781d9cddaf8,NA
5,169768616,169768616,1,snv_mnv,NA,NA,"broad,dkfz,muse,sanger",4,COSN7911248,NA,Tigger3a,FALSE,0.1444,NA,13,77,NA,NA,NA,IGR,FALSE,FALSE,FALSE,FALSE,4,2,2,2_2,d4907a1b-8b06-47c5-8bca-c781d9cddaf8,NA
5,171391903,171391903,1,snv_mnv,NA,NA,"broad,dkfz,muse,sanger",4,COSN7911781,NA,NA,FALSE,0.1569,NA,16,86,NA,NA,NA,Intron,FALSE,FALSE,FALSE,FALSE,4,2,2,2_2,d4907a1b-8b06-47c5-8bca-c781d9cddaf8,NA
5,172166870,172166870,1,snv_mnv,NA,NA,"broad,dkfz,muse,sanger",4,COSN7911987,rs773800916,AluSz,FALSE,0.0816,NA,4,45,NA,NA,NA,IGR,FALSE,FALSE,FALSE,FALSE,4,2,2,2_2,d4907a1b-8b06-47c5-8bca-c781d9cddaf8,NA
5,172716391,172716391,1,snv_mnv,NA,NA,"broad,dkfz,muse,sanger",4,COSN7912164,NA,MER102b,FALSE,0.2697,NA,24,65,NA,NA,NA,IGR,FALSE,FALSE,FALSE,FALSE,4,2,2,2_2,d4907a1b-8b06-47c5-8bca-c781d9cddaf8,RNA5SP200
5,172856254,172856254,1,snv_mnv,NA,NA,"broad,dkfz,muse,sanger",4,COSN7912229,NA,L1ME4a,FALSE,0.1463,NA,12,70,NA,NA,NA,lincRNA,FALSE,FALSE,FALSE,FALSE,4,2,2,2_2,d4907a1b-8b06-47c5-8bca-c781d9cddaf8,NA
5,173103763,173103763,1,snv_mnv,NA,NA,"broad,dkfz,muse,sanger",4,COSN7912345,NA,MLT1L,FALSE,0.15,NA,12,68,NA,NA,NA,IGR,FALSE,FALSE,FALSE,FALSE,4,2,2,2_2,d4907a1b-8b06-47c5-8bca-c781d9cddaf8,NA
5,174316071,174316071,1,snv_mnv,NA,NA,"broad,dkfz,muse,sanger",4,COSN7922784,NA,L1PA13,FALSE,0.3444,NA,31,59,NA,NA,NA,IGR,FALSE,FALSE,FALSE,FALSE,4,2,2,2_2,d4907a1b-8b06-47c5-8bca-c781d9cddaf8,NA
5,174851221,174851221,1,snv_mnv,NA,NA,"broad,dkfz,muse,sanger",4,COSN7923022,NA,L1MC3,FALSE,0.1386,NA,14,87,NA,NA,NA,IGR,FALSE,FALSE,TRUE,FALSE,4,2,2,2_2,d4907a1b-8b06-47c5-8bca-c781d9cddaf8,NA
5,175991755,175991755,1,snv_mnv,NA,NA,"broad,dkfz,muse,sanger",4,COSN7923351,NA,MER103C,FALSE,0.1818,NA,12,54,NA,NA,NA,Intron,FALSE,FALSE,FALSE,FALSE,4,2,2,2_2,d4907a1b-8b06-47c5-8bca-c781d9cddaf8,CDHR2
5,176280948,176280948,1,snv_mnv,NA,NA,"broad,dkfz,muse,sanger",4,COSN7923453,NA,MIRc,FALSE,0.3521,NA,25,46,NA,NA,NA,Intron,FALSE,FALSE,FALSE,FALSE,4,2,2,2_2,d4907a1b-8b06-47c5-8bca-c781d9cddaf8,NA
5,177839828,177839828,1,snv_mnv,NA,NA,"broad,dkfz,muse,sanger",4,COSN7923904,NA,L1M6,FALSE,0.2921,NA,26,63,NA,NA,NA,Intron,FALSE,FALSE,FALSE,FALSE,4,2,2,2_2,d4907a1b-8b06-47c5-8bca-c781d9cddaf8,NA
5,178003424,178003424,1,snv_mnv,NA,NA,"broad,dkfz,muse,sanger",4,COSN7924014,rs373424761,AluSg4,FALSE,0.3333,NA,19,38,NA,NA,NA,Intron,FALSE,FALSE,FALSE,FALSE,4,2,2,2_2,d4907a1b-8b06-47c5-8bca-c781d9cddaf8,NA
5,178347507,178347507,1,snv_mnv,NA,NA,"broad,dkfz,muse,sanger",4,COSN7924180,NA,AluSg,FALSE,0.1667,NA,11,55,NA,NA,NA,Intron,FALSE,FALSE,FALSE,FALSE,4,2,2,2_2,d4907a1b-8b06-47c5-8bca-c781d9cddaf8,PIGFP1
5,178487540,178487540,1,snv_mnv,NA,NA,"broad,dkfz,muse,sanger",4,COSN7924267,NA,NA,FALSE,0.1475,NA,9,52,NA,NA,NA,5'UTR,FALSE,FALSE,FALSE,FALSE,4,2,2,2_2,d4907a1b-8b06-47c5-8bca-c781d9cddaf8,NA
5,178575845,178575845,1,snv_mnv,NA,NA,"broad,dkfz,muse,sanger",4,COSN7924316,NA,NA,FALSE,0.3582,NA,24,43,NA,NA,NA,Intron,FALSE,FALSE,FALSE,FALSE,4,2,2,2_2,d4907a1b-8b06-47c5-8bca-c781d9cddaf8,NA
5,178630568,178630568,1,snv_mnv,5.9904e-4,rs527925274,"broad,dkfz,muse,sanger",4,COSN7924356,rs527925274,NA,FALSE,0.1806,NA,13,59,NA,NA,NA,Intron,FALSE,FALSE,FALSE,FALSE,4,2,2,2_2,d4907a1b-8b06-47c5-8bca-c781d9cddaf8,NA
5,178934536,178934536,1,snv_mnv,NA,NA,"broad,dkfz,muse,sanger",4,COSN7924566,NA,NA,FALSE,0.2727,NA,21,56,NA,NA,NA,lincRNA,FALSE,FALSE,FALSE,FALSE,4,2,2,2_2,d4907a1b-8b06-47c5-8bca-c781d9cddaf8,NA
5,179506659,179506659,1,snv_mnv,NA,NA,"broad,dkfz,muse,sanger",4,COSN7924720,NA,NA,FALSE,0.2373,NA,14,45,NA,NA,NA,IGR,FALSE,FALSE,FALSE,FALSE,4,2,2,2_2,d4907a1b-8b06-47c5-8bca-c781d9cddaf8,NA
5,180120388,180120388,1,snv_mnv,NA,NA,"broad,dkfz,muse,sanger",4,COSN7925007,NA,NA,FALSE,0.2989,NA,26,61,NA,NA,NA,IGR,FALSE,FALSE,FALSE,FALSE,4,2,2,2_2,d4907a1b-8b06-47c5-8bca-c781d9cddaf8,NA
5,180364000,180364000,1,snv_mnv,NA,NA,"broad,dkfz,muse,sanger",4,COSN7925086,NA,NA,FALSE,0.338,NA,24,47,NA,NA,NA,Intron,FALSE,FALSE,FALSE,FALSE,4,2,2,2_2,d4907a1b-8b06-47c5-8bca-c781d9cddaf8,NA
6,319323,319323,1,snv_mnv,NA,NA,"broad,muse",2,COSN7870603,rs796853753,NA,FALSE,0.1159,NA,19,145,NA,NA,NA,Intron,FALSE,FALSE,FALSE,FALSE,5,3,2,3_2,d4907a1b-8b06-47c5-8bca-c781d9cddaf8,DUSP22
6,2226808,2226808,1,snv_mnv,NA,NA,"broad,dkfz,muse,sanger",4,COSN7867234,NA,NA,FALSE,0.1,NA,11,99,NA,NA,NA,Intron,FALSE,FALSE,FALSE,FALSE,5,3,2,3_2,d4907a1b-8b06-47c5-8bca-c781d9cddaf8,NA
6,4341487,4341487,1,snv_mnv,NA,NA,"broad,dkfz,muse,sanger",4,COSN7883502,NA,L2a,FALSE,0.1959,NA,19,78,NA,NA,NA,IGR,FALSE,FALSE,FALSE,FALSE,5,3,2,3_2,d4907a1b-8b06-47c5-8bca-c781d9cddaf8,AL159166.1
6,4493148,4493148,1,snv_mnv,NA,NA,"broad,dkfz,muse,sanger",4,COSN7883865,NA,L1MA1,FALSE,0.131,NA,11,73,NA,NA,NA,lincRNA,FALSE,FALSE,TRUE,FALSE,5,3,2,3_2,d4907a1b-8b06-47c5-8bca-c781d9cddaf8,NA
6,4503481,4503481,1,snv_mnv,NA,NA,"broad,dkfz,muse,sanger",4,COSN7883893,NA,Plat_L3,FALSE,0.15,NA,15,85,NA,NA,NA,IGR,FALSE,FALSE,FALSE,FALSE,5,3,2,3_2,d4907a1b-8b06-47c5-8bca-c781d9cddaf8,NA
6,4564361,4564361,1,snv_mnv,NA,NA,"broad,dkfz,muse,sanger",4,COSN7884069,NA,AluJr,FALSE,0.1584,NA,16,85,NA,NA,NA,IGR,FALSE,FALSE,FALSE,FALSE,5,3,2,3_2,d4907a1b-8b06-47c5-8bca-c781d9cddaf8,NA
6,4807918,4807918,1,snv_mnv,NA,NA,"broad,dkfz,muse,sanger",4,COSN7884712,NA,AluJo,FALSE,0.1692,NA,11,54,NA,NA,NA,Intron,FALSE,FALSE,FALSE,FALSE,5,3,2,3_2,d4907a1b-8b06-47c5-8bca-c781d9cddaf8,NA
6,4965960,4965960,1,snv_mnv,NA,NA,"broad,dkfz,muse,sanger",4,COSN7885378,NA,NA,FALSE,0.1325,NA,11,72,NA,NA,NA,IGR,FALSE,FALSE,TRUE,FALSE,5,3,2,3_2,d4907a1b-8b06-47c5-8bca-c781d9cddaf8,NA
6,5430604,5430604,1,snv_mnv,NA,NA,"broad,dkfz,muse,sanger",4,COSN7887003,NA,NA,FALSE,0.1228,NA,14,100,NA,NA,NA,Intron,FALSE,FALSE,TRUE,FALSE,5,3,2,3_2,d4907a1b-8b06-47c5-8bca-c781d9cddaf8,NA
6,5734940,5734940,1,snv_mnv,NA,NA,"broad,dkfz,muse,sanger",4,COSN7888061,NA,MIR,FALSE,0.4909,NA,54,56,NA,NA,NA,Intron,FALSE,FALSE,FALSE,FALSE,5,3,2,3_2,d4907a1b-8b06-47c5-8bca-c781d9cddaf8,NA
6,5797506,5797506,1,snv_mnv,NA,NA,"broad,muse,sanger",3,COSN7888624,NA,THE1A,FALSE,0.1346,NA,14,90,NA,NA,NA,IGR,FALSE,FALSE,FALSE,FALSE,5,3,2,3_2,d4907a1b-8b06-47c5-8bca-c781d9cddaf8,NA
6,7369698,7369698,1,snv_mnv,NA,NA,"broad,dkfz,muse,sanger",4,COSN7897024,NA,MIRc,FALSE,0.33,NA,33,67,NA,NA,NA,Intron,FALSE,FALSE,FALSE,FALSE,5,3,2,3_2,d4907a1b-8b06-47c5-8bca-c781d9cddaf8,CAGE1
6,9077258,9077258,1,snv_mnv,NA,NA,"broad,dkfz,muse",3,COSN7912542,NA,(TA)n,FALSE,0.3861,NA,39,62,NA,NA,NA,IGR,FALSE,FALSE,FALSE,FALSE,5,3,2,3_2,d4907a1b-8b06-47c5-8bca-c781d9cddaf8,NA
6,9097342,9097342,1,snv_mnv,NA,NA,"broad,dkfz,muse,sanger",4,COSN7912620,NA,NA,FALSE,0.1818,NA,18,81,NA,NA,NA,IGR,FALSE,FALSE,FALSE,FALSE,5,3,2,3_2,d4907a1b-8b06-47c5-8bca-c781d9cddaf8,AL591485.1
6,9775584,9775584,1,snv_mnv,NA,NA,"broad,dkfz,muse,sanger",4,COSN7915818,NA,NA,FALSE,0.1558,NA,12,65,NA,NA,NA,IGR,FALSE,FALSE,FALSE,FALSE,5,3,2,3_2,d4907a1b-8b06-47c5-8bca-c781d9cddaf8,NA
6,10249910,10249910,1,snv_mnv,NA,NA,"broad,dkfz,muse,sanger",4,COSN7590804,NA,NA,FALSE,0.4095,NA,43,62,NA,NA,NA,IGR,FALSE,FALSE,FALSE,FALSE,5,3,2,3_2,d4907a1b-8b06-47c5-8bca-c781d9cddaf8,NA
6,11657725,11657725,1,snv_mnv,NA,NA,"broad,dkfz,muse,sanger",4,COSN7595323,NA,NA,FALSE,0.2793,NA,31,80,NA,NA,NA,IGR,FALSE,FALSE,FALSE,FALSE,5,3,2,3_2,d4907a1b-8b06-47c5-8bca-c781d9cddaf8,NA
6,12289926,12289926,1,snv_mnv,NA,NA,"broad,dkfz,muse,sanger",4,COSN7597426,NA,NA,FALSE,0.3735,NA,31,52,NA,NA,NA,5'Flank,FALSE,FALSE,FALSE,FALSE,5,3,2,3_2,d4907a1b-8b06-47c5-8bca-c781d9cddaf8,EDN1
6,12716660,12716660,1,snv_mnv,NA,NA,"broad,dkfz,muse,sanger",4,COSN7688284,NA,NA,FALSE,0.3611,NA,39,69,NA,NA,NA,5'Flank,FALSE,FALSE,FALSE,FALSE,5,3,2,3_2,d4907a1b-8b06-47c5-8bca-c781d9cddaf8,PHACTR1
6,13987419,13987419,1,snv_mnv,NA,NA,"broad,dkfz,muse,sanger",4,COSN7691418,NA,NA,FALSE,0.1308,NA,14,93,NA,NA,NA,IGR,FALSE,FALSE,FALSE,FALSE,5,3,2,3_2,d4907a1b-8b06-47c5-8bca-c781d9cddaf8,NA
6,14769905,14769905,1,snv_mnv,NA,NA,"broad,dkfz,muse,sanger",4,COSN7693502,NA,MLT1A,FALSE,0.13,NA,13,87,NA,NA,NA,IGR,FALSE,FALSE,FALSE,FALSE,5,3,2,3_2,d4907a1b-8b06-47c5-8bca-c781d9cddaf8,NA
6,14772032,14772032,1,snv_mnv,NA,NA,"broad,dkfz,muse,sanger",4,COSN7693506,NA,AluSp,FALSE,0.3247,NA,25,52,NA,NA,NA,IGR,FALSE,FALSE,FALSE,FALSE,5,3,2,3_2,d4907a1b-8b06-47c5-8bca-c781d9cddaf8,NA
6,15384326,15384326,1,snv_mnv,NA,NA,"broad,dkfz,muse,sanger",4,COSN7695252,NA,NA,FALSE,0.2911,NA,23,56,NA,NA,NA,Intron,FALSE,FALSE,FALSE,FALSE,5,3,2,3_2,d4907a1b-8b06-47c5-8bca-c781d9cddaf8,NA
6,16316054,16316054,1,snv_mnv,NA,NA,"broad,dkfz,muse,sanger",4,COSN7697770,NA,AluJr,FALSE,0.1573,NA,14,75,NA,NA,NA,Intron,FALSE,FALSE,FALSE,FALSE,5,3,2,3_2,d4907a1b-8b06-47c5-8bca-c781d9cddaf8,NA
6,17321555,17321555,1,snv_mnv,NA,NA,"broad,muse,sanger",3,COSN7865592,rs757584926,HERVFH21-int,FALSE,0.383,NA,36,58,NA,NA,NA,IGR,FALSE,FALSE,FALSE,FALSE,5,3,2,3_2,d4907a1b-8b06-47c5-8bca-c781d9cddaf8,NA
6,18578698,18578698,1,snv_mnv,NA,NA,"broad,dkfz,muse,sanger",4,COSN7865860,NA,NA,FALSE,0.4574,NA,43,51,NA,NA,NA,IGR,FALSE,FALSE,FALSE,FALSE,5,3,2,3_2,d4907a1b-8b06-47c5-8bca-c781d9cddaf8,NA
6,18718249,18718249,1,snv_mnv,NA,NA,"broad,dkfz,muse,sanger",4,COSN7865923,NA,NA,FALSE,0.2414,NA,28,88,NA,NA,NA,IGR,FALSE,FALSE,FALSE,FALSE,5,3,2,3_2,d4907a1b-8b06-47c5-8bca-c781d9cddaf8,NA
6,18983439,18983439,1,snv_mnv,NA,NA,"broad,muse,sanger",3,COSN7866056,NA,AluY,FALSE,0.2836,NA,19,48,NA,NA,NA,IGR,FALSE,FALSE,FALSE,FALSE,5,3,2,3_2,d4907a1b-8b06-47c5-8bca-c781d9cddaf8,NA
6,19061271,19061271,1,snv_mnv,NA,NA,"broad,dkfz,muse,sanger",4,COSN7866099,NA,FLAM_C,FALSE,0.3506,NA,27,50,NA,NA,NA,IGR,FALSE,FALSE,FALSE,FALSE,5,3,2,3_2,d4907a1b-8b06-47c5-8bca-c781d9cddaf8,NA
6,19184639,19184639,1,snv_mnv,1.9968e-4,rs541160560,"broad,dkfz,muse,sanger",4,COSN7866167,rs541160560,AluY,FALSE,0.25,NA,23,69,NA,NA,NA,IGR,FALSE,FALSE,FALSE,FALSE,5,3,2,3_2,d4907a1b-8b06-47c5-8bca-c781d9cddaf8,NA
6,21971976,21971976,1,snv_mnv,NA,NA,"broad,dkfz,muse,sanger",4,COSN7867127,NA,NA,FALSE,0.3,NA,24,56,NA,NA,NA,IGR,FALSE,FALSE,FALSE,FALSE,5,3,2,3_2,d4907a1b-8b06-47c5-8bca-c781d9cddaf8,NA
6,22150633,22150633,1,snv_mnv,NA,NA,"broad,dkfz,muse,sanger",4,COSN7867182,NA,NA,FALSE,0.2185,NA,26,93,NA,NA,NA,lincRNA,FALSE,FALSE,FALSE,FALSE,5,3,2,3_2,d4907a1b-8b06-47c5-8bca-c781d9cddaf8,NBAT1
6,23030038,23030038,1,snv_mnv,NA,NA,"broad,dkfz,muse,sanger",4,COSN7867577,NA,NA,FALSE,0.1739,NA,20,95,NA,NA,NA,lincRNA,FALSE,FALSE,FALSE,FALSE,5,3,2,3_2,d4907a1b-8b06-47c5-8bca-c781d9cddaf8,NA
6,23310091,23310091,1,snv_mnv,NA,NA,"broad,dkfz,muse,sanger",4,COSN7867751,NA,L2,FALSE,0.3038,NA,24,55,NA,NA,NA,IGR,FALSE,FALSE,TRUE,FALSE,5,3,2,3_2,d4907a1b-8b06-47c5-8bca-c781d9cddaf8,NA
6,23519252,23519252,1,snv_mnv,NA,NA,"broad,dkfz,muse,sanger",4,COSN7867882,rs375805886,NA,FALSE,0.1024,NA,13,114,NA,NA,NA,IGR,FALSE,FALSE,FALSE,FALSE,5,3,2,3_2,d4907a1b-8b06-47c5-8bca-c781d9cddaf8,NA
6,23739881,23739881,1,snv_mnv,NA,NA,"broad,dkfz,muse,sanger",4,COSN7868009,NA,AluJb,FALSE,0.0947,NA,9,86,NA,NA,NA,IGR,FALSE,FALSE,FALSE,FALSE,5,3,2,3_2,d4907a1b-8b06-47c5-8bca-c781d9cddaf8,NA
6,23834877,23834877,1,snv_mnv,NA,NA,"broad,dkfz,muse,sanger",4,COSN7868056,NA,NA,FALSE,0.2857,NA,34,85,NA,NA,NA,IGR,FALSE,FALSE,FALSE,FALSE,5,3,2,3_2,d4907a1b-8b06-47c5-8bca-c781d9cddaf8,NA
6,23841976,23841976,1,snv_mnv,NA,NA,"broad,dkfz,muse,sanger",4,COSN7868062,NA,L1M6,FALSE,0.2427,NA,25,78,NA,NA,NA,IGR,FALSE,FALSE,FALSE,FALSE,5,3,2,3_2,d4907a1b-8b06-47c5-8bca-c781d9cddaf8,NA
6,23982459,23982459,1,snv_mnv,NA,NA,"broad,dkfz,muse,sanger",4,COSN7868161,NA,NA,FALSE,0.3333,NA,25,50,NA,NA,NA,IGR,FALSE,FALSE,FALSE,FALSE,5,3,2,3_2,d4907a1b-8b06-47c5-8bca-c781d9cddaf8,NA
6,24268961,24268961,1,snv_mnv,1.9968e-4,rs543815361,"broad,dkfz,muse",3,COSN7868263,rs543815361,AluSx,FALSE,0.175,NA,14,66,NA,NA,NA,Intron,FALSE,FALSE,FALSE,FALSE,5,3,2,3_2,d4907a1b-8b06-47c5-8bca-c781d9cddaf8,NA
6,24781147,24781147,1,snv_mnv,NA,NA,"broad,dkfz,muse,sanger",4,COSN7868375,NA,NA,FALSE,0.1412,NA,12,73,NA,NA,NA,Intron,FALSE,FALSE,FALSE,FALSE,5,3,2,3_2,d4907a1b-8b06-47c5-8bca-c781d9cddaf8,GMNN
6,24914365,24914365,1,snv_mnv,NA,NA,"broad,dkfz,muse,sanger",4,COSN7868409,NA,AluSx1,FALSE,0.3143,NA,22,48,NA,NA,NA,Intron,FALSE,FALSE,FALSE,FALSE,5,3,2,3_2,d4907a1b-8b06-47c5-8bca-c781d9cddaf8,RIPOR2
6,25419142,25419142,1,snv_mnv,NA,NA,"broad,dkfz,muse,sanger",4,COSN7868531,NA,NA,FALSE,0.1087,NA,10,82,NA,NA,NA,Intron,FALSE,FALSE,FALSE,FALSE,5,3,2,3_2,d4907a1b-8b06-47c5-8bca-c781d9cddaf8,NA
6,26037682,26037682,1,snv_mnv,NA,NA,"broad,dkfz,muse,sanger",4,COSN7868692,NA,MSTB,FALSE,0.1319,NA,12,79,NA,NA,NA,IGR,FALSE,FALSE,FALSE,FALSE,5,3,2,3_2,d4907a1b-8b06-47c5-8bca-c781d9cddaf8,HIST1H2AB
6,27790783,27790783,1,snv_mnv,NA,NA,"broad,dkfz,muse,sanger",4,COSN7869300,NA,L1M5,FALSE,0.1237,NA,12,85,NA,NA,NA,5'Flank,FALSE,FALSE,TRUE,FALSE,5,3,2,3_2,d4907a1b-8b06-47c5-8bca-c781d9cddaf8,HIST1H4J
6,28424863,28424863,1,snv_mnv,NA,NA,"broad,dkfz,muse,sanger",4,COSN7869503,NA,NA,FALSE,0.3778,NA,34,56,NA,NA,NA,IGR,FALSE,FALSE,FALSE,FALSE,5,3,2,3_2,d4907a1b-8b06-47c5-8bca-c781d9cddaf8,OR2E1P
6,28488035,28488035,1,snv_mnv,NA,NA,"broad,dkfz,muse,sanger",4,COSN7869541,NA,NA,FALSE,0.215,NA,23,84,NA,NA,NA,Intron,FALSE,FALSE,FALSE,FALSE,5,3,2,3_2,d4907a1b-8b06-47c5-8bca-c781d9cddaf8,GPX6
6,28672852,28672852,1,snv_mnv,NA,NA,"broad,dkfz,muse,sanger",4,COSN7869622,NA,ERVL-E-int,FALSE,0.2473,NA,23,70,NA,NA,NA,IGR,FALSE,FALSE,FALSE,FALSE,5,3,2,3_2,d4907a1b-8b06-47c5-8bca-c781d9cddaf8,NA
6,29076124,29076124,1,snv_mnv,NA,NA,"broad,dkfz,muse,sanger",4,COSN7869803,NA,NA,FALSE,0.3462,NA,36,68,NA,NA,NA,IGR,FALSE,FALSE,TRUE,FALSE,5,3,2,3_2,d4907a1b-8b06-47c5-8bca-c781d9cddaf8,OR2J3
6,29121395,29121395,1,snv_mnv,NA,NA,"broad,dkfz,muse,sanger",4,COSN7869826,NA,L1M1,FALSE,0.3431,NA,35,67,NA,NA,NA,IGR,FALSE,FALSE,FALSE,FALSE,5,3,2,3_2,d4907a1b-8b06-47c5-8bca-c781d9cddaf8,NA
6,29544126,29544126,1,snv_mnv,NA,NA,"broad,dkfz,muse,sanger",4,COSN7869993,NA,MLT1I,FALSE,0.1059,NA,9,76,NA,NA,NA,Intron,FALSE,FALSE,FALSE,FALSE,5,3,2,3_2,d4907a1b-8b06-47c5-8bca-c781d9cddaf8,"TMEM183AP1,OR2H5P"
6,30423741,30423741,1,snv_mnv,NA,NA,"broad,muse,sanger",3,COSN7870198,NA,AluJo,FALSE,0.2113,NA,15,56,NA,NA,NA,IGR,FALSE,FALSE,FALSE,FALSE,5,3,2,3_2,d4907a1b-8b06-47c5-8bca-c781d9cddaf8,NA
6,31295433,31295433,1,snv_mnv,NA,NA,"broad,muse,sanger",3,COSN7870411,NA,L1PA13,FALSE,0.1622,NA,18,93,NA,NA,NA,IGR,FALSE,FALSE,TRUE,FALSE,5,3,2,3_2,d4907a1b-8b06-47c5-8bca-c781d9cddaf8,NA
6,31840553,31840553,1,snv_mnv,NA,NA,"broad,dkfz,muse,sanger",4,COSN7870581,NA,MIRb,FALSE,0.1494,NA,13,74,NA,NA,NA,Intron,FALSE,FALSE,FALSE,FALSE,5,3,2,3_2,d4907a1b-8b06-47c5-8bca-c781d9cddaf8,SLC44A4
6,33909208,33909208,1,snv_mnv,NA,NA,"broad,dkfz,muse,sanger",4,COSN7871079,NA,L1MC5,FALSE,0.2872,NA,27,67,NA,NA,NA,IGR,FALSE,FALSE,FALSE,FALSE,5,3,2,3_2,d4907a1b-8b06-47c5-8bca-c781d9cddaf8,NA
6,34484857,34484857,1,snv_mnv,3.9936e-4,rs527902885,"broad,dkfz,muse,sanger",4,COSN7871255,rs527902885,L2a,FALSE,0.1519,NA,12,67,NA,NA,NA,Intron,FALSE,FALSE,FALSE,FALSE,5,3,2,3_2,d4907a1b-8b06-47c5-8bca-c781d9cddaf8,NA
6,38539688,38539688,1,snv_mnv,NA,NA,"broad,dkfz,muse,sanger",4,COSN7872168,NA,AluSz6,FALSE,0.28,NA,28,72,NA,NA,NA,Intron,FALSE,FALSE,TRUE,FALSE,5,3,2,3_2,d4907a1b-8b06-47c5-8bca-c781d9cddaf8,NA
6,38849528,38849528,1,snv_mnv,NA,NA,"broad,dkfz,muse,sanger",4,COSN7872237,NA,AluSp,FALSE,0.3,NA,24,56,NA,NA,NA,Intron,FALSE,FALSE,FALSE,FALSE,5,3,2,3_2,d4907a1b-8b06-47c5-8bca-c781d9cddaf8,NA
6,39179237,39179237,1,snv_mnv,NA,NA,"broad,dkfz,muse,sanger",4,COSN7872320,NA,NA,FALSE,0.2069,NA,18,69,NA,NA,NA,Intron,FALSE,FALSE,FALSE,FALSE,5,3,2,3_2,d4907a1b-8b06-47c5-8bca-c781d9cddaf8,NA
6,39594596,39594596,1,snv_mnv,NA,NA,"broad,dkfz,muse,sanger",4,COSN7872440,NA,MER5A1,FALSE,0.1863,NA,19,83,NA,NA,NA,Intron,FALSE,FALSE,FALSE,FALSE,5,3,2,3_2,d4907a1b-8b06-47c5-8bca-c781d9cddaf8,NA
6,41554535,41554535,1,snv_mnv,NA,NA,"broad,dkfz,muse",3,COSN7883034,NA,(CGTG)n,FALSE,0.4286,NA,33,44,NA,NA,NA,Intron,FALSE,FALSE,FALSE,FALSE,5,3,2,3_2,d4907a1b-8b06-47c5-8bca-c781d9cddaf8,FOXP4
6,41709058,41709058,1,snv_mnv,NA,NA,"broad,dkfz,muse,sanger",4,COSN7883088,NA,NA,FALSE,0.3855,NA,32,51,NA,NA,NA,Intron,FALSE,FALSE,TRUE,FALSE,5,3,2,3_2,d4907a1b-8b06-47c5-8bca-c781d9cddaf8,PGC
6,41807969,41807969,1,snv_mnv,NA,NA,"broad,dkfz,muse,sanger",4,COSN7883118,rs577016911,AluY,FALSE,0.2338,NA,18,59,NA,NA,NA,Intron,FALSE,FALSE,FALSE,FALSE,5,3,2,3_2,d4907a1b-8b06-47c5-8bca-c781d9cddaf8,NA
6,43095661,43095661,1,snv_mnv,1.9968e-4,rs147349862,"broad,dkfz,muse,sanger",4,COSN7883429,rs147349862,AluY,FALSE,0.2326,NA,20,66,NA,NA,NA,Intron,FALSE,FALSE,FALSE,FALSE,5,3,2,3_2,d4907a1b-8b06-47c5-8bca-c781d9cddaf8,PTK7
6,43423170,43423170,1,snv_mnv,NA,NA,"broad,dkfz,muse,sanger",4,COSN7883503,NA,NA,FALSE,0.3051,NA,18,41,NA,NA,NA,5'UTR,FALSE,FALSE,FALSE,FALSE,5,3,2,3_2,d4907a1b-8b06-47c5-8bca-c781d9cddaf8,DLK2
6,43569883,43569883,1,snv_mnv,NA,NA,"broad,dkfz,muse,sanger",4,COSN7883529,NA,NA,FALSE,0.2935,NA,27,65,NA,NA,NA,Intron,FALSE,FALSE,FALSE,FALSE,5,3,2,3_2,d4907a1b-8b06-47c5-8bca-c781d9cddaf8,GTPBP2
6,44515834,44515834,1,snv_mnv,NA,NA,"broad,dkfz,muse,sanger",4,COSN2162877,NA,AluJr,FALSE,0.3491,NA,37,69,NA,NA,NA,IGR,FALSE,FALSE,FALSE,FALSE,5,3,2,3_2,d4907a1b-8b06-47c5-8bca-c781d9cddaf8,AL136140.2
6,47785753,47785753,1,snv_mnv,NA,NA,"broad,dkfz,muse,sanger",4,COSN7884599,NA,NA,FALSE,0.3238,NA,34,71,NA,NA,NA,Intron,FALSE,FALSE,FALSE,FALSE,5,3,2,3_2,d4907a1b-8b06-47c5-8bca-c781d9cddaf8,NA
6,47941902,47941902,1,snv_mnv,NA,NA,"broad,dkfz,muse,sanger",4,COSN7884660,NA,NA,FALSE,0.3168,NA,32,69,NA,NA,NA,Intron,FALSE,FALSE,FALSE,FALSE,5,3,2,3_2,d4907a1b-8b06-47c5-8bca-c781d9cddaf8,NA
6,47975665,47975665,1,snv_mnv,NA,NA,"broad,dkfz,muse,sanger",4,COSN7884670,NA,NA,FALSE,0.3053,NA,29,66,NA,NA,NA,Intron,FALSE,FALSE,FALSE,FALSE,5,3,2,3_2,d4907a1b-8b06-47c5-8bca-c781d9cddaf8,NA
6,48064814,48064814,1,snv_mnv,NA,NA,"broad,dkfz,muse,sanger",4,COSN7884707,NA,NA,FALSE,0.1917,NA,23,97,NA,NA,NA,IGR,FALSE,FALSE,FALSE,FALSE,5,3,2,3_2,d4907a1b-8b06-47c5-8bca-c781d9cddaf8,NA
6,48579464,48579464,1,snv_mnv,NA,NA,"broad,dkfz,muse,sanger",4,COSN7884951,NA,NA,FALSE,0.3871,NA,48,76,NA,NA,NA,IGR,FALSE,FALSE,FALSE,FALSE,5,3,2,3_2,d4907a1b-8b06-47c5-8bca-c781d9cddaf8,NA
6,49235716,49235716,1,snv_mnv,NA,NA,"broad,dkfz,muse,sanger",4,COSN7885242,NA,LTR31,FALSE,0.2151,NA,20,73,NA,NA,NA,IGR,FALSE,FALSE,FALSE,FALSE,5,3,2,3_2,d4907a1b-8b06-47c5-8bca-c781d9cddaf8,NA
6,49629775,49629775,1,snv_mnv,NA,NA,"broad,dkfz,muse,sanger",4,COSN7885367,NA,L1MB3,FALSE,0.1485,NA,15,86,NA,NA,NA,IGR,FALSE,FALSE,FALSE,FALSE,5,3,2,3_2,d4907a1b-8b06-47c5-8bca-c781d9cddaf8,NA
6,49739714,49739714,1,snv_mnv,NA,NA,"broad,dkfz,muse,sanger",4,COSN7885398,NA,NA,FALSE,0.0992,NA,13,118,NA,NA,NA,IGR,FALSE,FALSE,FALSE,FALSE,5,3,2,3_2,d4907a1b-8b06-47c5-8bca-c781d9cddaf8,NA
6,49965603,49965603,1,snv_mnv,NA,NA,"broad,dkfz,muse,sanger",4,COSN7885474,rs536241601,L1MCa,FALSE,0.1705,NA,15,73,NA,NA,NA,IGR,FALSE,FALSE,FALSE,FALSE,5,3,2,3_2,d4907a1b-8b06-47c5-8bca-c781d9cddaf8,NA
6,50132858,50132858,1,snv_mnv,NA,NA,"broad,dkfz,muse,sanger",4,COSN7885537,NA,L1PA16,FALSE,0.0899,NA,8,81,NA,NA,NA,IGR,FALSE,FALSE,FALSE,FALSE,5,3,2,3_2,d4907a1b-8b06-47c5-8bca-c781d9cddaf8,NA
6,50333171,50333171,1,snv_mnv,NA,NA,"broad,dkfz,muse,sanger",4,COSN7885657,NA,NA,FALSE,0.407,NA,35,51,NA,NA,NA,IGR,FALSE,FALSE,FALSE,FALSE,5,3,2,3_2,d4907a1b-8b06-47c5-8bca-c781d9cddaf8,NA
6,50413192,50413192,1,snv_mnv,NA,NA,"broad,dkfz,muse,sanger",4,COSN7885724,NA,AT_rich,FALSE,0.1839,NA,16,71,NA,NA,NA,IGR,FALSE,FALSE,FALSE,FALSE,5,3,2,3_2,d4907a1b-8b06-47c5-8bca-c781d9cddaf8,NA
6,50862895,50862895,1,snv_mnv,NA,NA,"broad,dkfz,muse,sanger",4,COSN7886038,NA,L1MEc,FALSE,0.1231,NA,16,114,NA,NA,NA,IGR,FALSE,FALSE,FALSE,FALSE,5,3,2,3_2,d4907a1b-8b06-47c5-8bca-c781d9cddaf8,AL049693.1
6,51019158,51019158,1,snv_mnv,NA,NA,"broad,dkfz,muse,sanger",4,COSN7886114,NA,NA,FALSE,0.2439,NA,20,62,NA,NA,NA,IGR,FALSE,FALSE,TRUE,FALSE,5,3,2,3_2,d4907a1b-8b06-47c5-8bca-c781d9cddaf8,NA
6,51249103,51249103,1,snv_mnv,NA,NA,"broad,dkfz,muse,sanger",4,COSN7886211,NA,NA,FALSE,0.2685,NA,29,79,NA,NA,NA,IGR,FALSE,FALSE,FALSE,FALSE,5,3,2,3_2,d4907a1b-8b06-47c5-8bca-c781d9cddaf8,AL158050.2
6,53761363,53761363,1,snv_mnv,NA,NA,"broad,dkfz,muse,sanger",4,COSN7886852,NA,NA,FALSE,0.1271,NA,15,103,NA,NA,NA,Intron,FALSE,FALSE,FALSE,FALSE,5,3,2,3_2,d4907a1b-8b06-47c5-8bca-c781d9cddaf8,NA
6,55151705,55151705,1,snv_mnv,9.984e-4,rs565833182,"broad,dkfz,muse,sanger",4,COSN7791937,rs565833182,NA,FALSE,0.2105,NA,24,90,NA,NA,NA,IGR,FALSE,FALSE,FALSE,FALSE,5,3,2,3_2,d4907a1b-8b06-47c5-8bca-c781d9cddaf8,NA
6,55311881,55311881,1,snv_mnv,NA,NA,"broad,dkfz,muse,sanger",4,COSN7887333,NA,NA,FALSE,0.1397,NA,19,117,NA,NA,NA,Intron,FALSE,FALSE,FALSE,FALSE,5,3,2,3_2,d4907a1b-8b06-47c5-8bca-c781d9cddaf8,NA
6,55321626,55321626,1,snv_mnv,NA,NA,"broad,dkfz,muse,sanger",4,COSN7887337,NA,LTR33A_,FALSE,0.3295,NA,29,59,NA,NA,NA,Intron,FALSE,FALSE,FALSE,FALSE,5,3,2,3_2,d4907a1b-8b06-47c5-8bca-c781d9cddaf8,NA
6,56808935,56808935,1,snv_mnv,NA,NA,"broad,dkfz,muse,sanger",4,COSN7887837,NA,NA,FALSE,0.4135,NA,43,61,NA,NA,NA,Intron,FALSE,FALSE,FALSE,FALSE,5,3,2,3_2,d4907a1b-8b06-47c5-8bca-c781d9cddaf8,RNU6-626P
6,57570677,57570677,1,snv_mnv,NA,NA,"broad,dkfz,muse,sanger",4,COSN7888260,NA,L1PA4,FALSE,0.2828,NA,28,71,NA,NA,NA,IGR,FALSE,FALSE,FALSE,FALSE,5,3,2,3_2,d4907a1b-8b06-47c5-8bca-c781d9cddaf8,NA
6,57632462,57632462,1,snv_mnv,1.9968e-4,rs574940762,"broad,dkfz,muse,sanger",4,COSN7888325,rs574940762,MamGypLTR1a,FALSE,0.1013,NA,8,71,NA,NA,NA,IGR,FALSE,FALSE,FALSE,FALSE,5,3,2,3_2,d4907a1b-8b06-47c5-8bca-c781d9cddaf8,NA
6,58046712,58046712,1,snv_mnv,NA,NA,"broad,muse,sanger",3,COSN7888702,NA,L1MA8,FALSE,0.2474,NA,24,73,NA,NA,NA,IGR,FALSE,FALSE,FALSE,FALSE,5,3,2,3_2,d4907a1b-8b06-47c5-8bca-c781d9cddaf8,NA
6,58363509,58363509,1,snv_mnv,NA,NA,"broad,muse,sanger",3,COSN4613206,NA,AluY,FALSE,0.25,NA,15,45,NA,NA,NA,IGR,FALSE,FALSE,FALSE,FALSE,5,3,2,3_2,d4907a1b-8b06-47c5-8bca-c781d9cddaf8,AL445250.1
6,58569276,58569276,1,snv_mnv,NA,NA,"broad,dkfz,muse,sanger",4,COSN7889010,NA,SATR1,FALSE,0.25,NA,27,81,NA,NA,NA,IGR,FALSE,FALSE,FALSE,FALSE,5,3,2,3_2,d4907a1b-8b06-47c5-8bca-c781d9cddaf8,NA
6,62253697,62253697,1,snv_mnv,3.9936e-4,rs182236451,"broad,dkfz,muse,sanger",4,COSN7889644,rs182236451,L1MA3,FALSE,0.1391,NA,16,99,NA,NA,NA,IGR,FALSE,FALSE,FALSE,FALSE,5,3,2,3_2,d4907a1b-8b06-47c5-8bca-c781d9cddaf8,NA
6,62276453,62276453,1,snv_mnv,NA,NA,"broad,dkfz,muse,sanger",4,COSN7889655,NA,NA,FALSE,0.2348,NA,27,88,NA,NA,NA,IGR,FALSE,FALSE,FALSE,FALSE,5,3,2,3_2,d4907a1b-8b06-47c5-8bca-c781d9cddaf8,NA
6,62335466,62335466,1,snv_mnv,NA,NA,"broad,dkfz,muse,sanger",4,COSN7889710,NA,LTR16B,FALSE,0.0972,NA,7,65,NA,NA,NA,IGR,FALSE,FALSE,FALSE,FALSE,5,3,2,3_2,d4907a1b-8b06-47c5-8bca-c781d9cddaf8,AL049544.1
6,62648641,62648641,1,snv_mnv,NA,NA,"broad,dkfz,muse,sanger",4,COSN7889997,NA,NA,FALSE,0.2449,NA,24,74,NA,NA,NA,Intron,FALSE,FALSE,FALSE,FALSE,5,3,2,3_2,d4907a1b-8b06-47c5-8bca-c781d9cddaf8,NA
6,62800805,62800805,1,snv_mnv,NA,NA,"broad,dkfz,muse,sanger",4,COSN7890132,NA,NA,FALSE,0.1402,NA,15,92,NA,NA,NA,Intron,FALSE,FALSE,TRUE,FALSE,5,3,2,3_2,d4907a1b-8b06-47c5-8bca-c781d9cddaf8,NA
6,62824482,62824482,1,snv_mnv,NA,NA,"broad,dkfz,muse,sanger",4,COSN7890152,NA,NA,FALSE,0.0976,NA,12,111,NA,NA,NA,Intron,FALSE,FALSE,FALSE,FALSE,5,3,2,3_2,d4907a1b-8b06-47c5-8bca-c781d9cddaf8,NA
6,62912219,62912219,1,snv_mnv,NA,NA,"broad,dkfz,muse,sanger",4,COSN7890236,NA,NA,FALSE,0.319,NA,37,79,NA,NA,NA,Intron,FALSE,FALSE,FALSE,FALSE,5,3,2,3_2,d4907a1b-8b06-47c5-8bca-c781d9cddaf8,NA
6,63046156,63046156,1,snv_mnv,NA,NA,"broad,dkfz,muse,sanger",4,COSN7890330,NA,NA,FALSE,0.2264,NA,24,82,NA,NA,NA,IGR,FALSE,FALSE,FALSE,FALSE,5,3,2,3_2,d4907a1b-8b06-47c5-8bca-c781d9cddaf8,NA
6,63090740,63090740,1,snv_mnv,NA,NA,"broad,dkfz,muse,sanger",4,COSN7890363,NA,NA,FALSE,0.2182,NA,24,86,NA,NA,NA,IGR,FALSE,FALSE,TRUE,FALSE,5,3,2,3_2,d4907a1b-8b06-47c5-8bca-c781d9cddaf8,NA
6,63924326,63924326,1,snv_mnv,1.9968e-4,rs372661230,"broad,dkfz,muse",3,COSN7890786,rs372661230,MLT1J,FALSE,0.1429,NA,12,72,NA,NA,NA,IGR,FALSE,FALSE,FALSE,FALSE,5,3,2,3_2,d4907a1b-8b06-47c5-8bca-c781d9cddaf8,FKBP1C
6,64301335,64301335,1,snv_mnv,NA,NA,"broad,muse,sanger",3,COSN7890903,NA,AluSc8,FALSE,0.0597,NA,4,63,NA,NA,NA,IGR,FALSE,FALSE,TRUE,FALSE,5,3,2,3_2,d4907a1b-8b06-47c5-8bca-c781d9cddaf8,NA
6,64424437,64424437,1,snv_mnv,NA,NA,"broad,dkfz,muse,sanger",4,COSN7890928,NA,NA,FALSE,0.1171,NA,13,98,NA,NA,NA,3'UTR,FALSE,FALSE,FALSE,FALSE,5,3,2,3_2,d4907a1b-8b06-47c5-8bca-c781d9cddaf8,PHF3
6,64773739,64773739,1,snv_mnv,NA,NA,"broad,dkfz,muse,sanger",4,COSN7891040,NA,AluSx,FALSE,0.1471,NA,10,58,NA,NA,NA,Intron,FALSE,FALSE,FALSE,FALSE,5,3,2,3_2,d4907a1b-8b06-47c5-8bca-c781d9cddaf8,NA
6,64954668,64954668,1,snv_mnv,NA,NA,"broad,dkfz,muse,sanger",4,COSN7891119,NA,L1MEd,FALSE,0.2549,NA,26,76,NA,NA,NA,Intron,FALSE,FALSE,TRUE,FALSE,5,3,2,3_2,d4907a1b-8b06-47c5-8bca-c781d9cddaf8,NA
6,65060188,65060188,1,snv_mnv,NA,NA,"broad,dkfz,muse,sanger",4,COSN7891163,NA,NA,FALSE,0.125,NA,12,84,NA,NA,NA,Intron,FALSE,FALSE,FALSE,FALSE,5,3,2,3_2,d4907a1b-8b06-47c5-8bca-c781d9cddaf8,NA
6,65420928,65420928,1,snv_mnv,NA,NA,"broad,dkfz,muse,sanger",4,COSN7891434,rs747594276,NA,FALSE,0.2626,NA,26,73,NA,NA,NA,Intron,FALSE,FALSE,FALSE,FALSE,5,3,2,3_2,d4907a1b-8b06-47c5-8bca-c781d9cddaf8,NA
6,65529853,65529853,1,snv_mnv,NA,NA,"broad,dkfz,muse,sanger",4,COSN7891528,NA,L1MC4a,FALSE,0.1489,NA,14,80,NA,NA,NA,Intron,FALSE,FALSE,FALSE,FALSE,5,3,2,3_2,d4907a1b-8b06-47c5-8bca-c781d9cddaf8,NA
6,65753002,65753002,1,snv_mnv,NA,NA,"broad,dkfz,muse,sanger",4,COSN7891715,NA,L1MA7,FALSE,0.2385,NA,31,99,NA,NA,NA,Intron,FALSE,FALSE,FALSE,FALSE,5,3,2,3_2,d4907a1b-8b06-47c5-8bca-c781d9cddaf8,NA
6,65884803,65884803,1,snv_mnv,NA,NA,"broad,dkfz,muse,sanger",4,COSN7891830,NA,NA,FALSE,0.11,NA,11,89,NA,NA,NA,Intron,FALSE,FALSE,FALSE,FALSE,5,3,2,3_2,d4907a1b-8b06-47c5-8bca-c781d9cddaf8,NA
6,65953617,65953617,1,snv_mnv,NA,NA,"broad,dkfz,muse,sanger",4,COSN7891934,NA,AluJo,FALSE,0.2444,NA,22,68,NA,NA,NA,Intron,FALSE,FALSE,FALSE,FALSE,5,3,2,3_2,d4907a1b-8b06-47c5-8bca-c781d9cddaf8,NA
6,65976940,65976940,1,snv_mnv,NA,NA,"broad,dkfz,muse,sanger",4,COSN7891959,NA,NA,FALSE,0.2338,NA,18,59,NA,NA,NA,Intron,FALSE,FALSE,FALSE,FALSE,5,3,2,3_2,d4907a1b-8b06-47c5-8bca-c781d9cddaf8,NA
6,66187916,66187916,1,snv_mnv,NA,NA,"broad,dkfz,muse,sanger",4,COSN7892143,NA,NA,FALSE,0.2804,NA,30,77,NA,NA,NA,Intron,FALSE,FALSE,FALSE,FALSE,5,3,2,3_2,d4907a1b-8b06-47c5-8bca-c781d9cddaf8,NA
6,66416121,66416121,1,snv_mnv,NA,NA,"broad,dkfz,muse",3,COSN7892349,NA,NA,FALSE,0.1573,NA,14,75,NA,NA,NA,Intron,FALSE,FALSE,TRUE,FALSE,5,3,2,3_2,d4907a1b-8b06-47c5-8bca-c781d9cddaf8,NA
6,66965187,66965187,1,snv_mnv,NA,NA,"broad,dkfz,muse",3,COSN7892848,NA,L1MA3,FALSE,0.15310000000000001,NA,15,83,NA,NA,NA,IGR,FALSE,FALSE,FALSE,FALSE,5,3,2,3_2,d4907a1b-8b06-47c5-8bca-c781d9cddaf8,NA
6,67018715,67018715,1,snv_mnv,NA,NA,"broad,dkfz,muse,sanger",4,COSN7892899,NA,L1MDa,FALSE,0.3537,NA,29,53,NA,NA,NA,IGR,FALSE,FALSE,TRUE,FALSE,5,3,2,3_2,d4907a1b-8b06-47c5-8bca-c781d9cddaf8,NA
6,67326674,67326674,1,snv_mnv,NA,NA,"broad,dkfz,muse,sanger",4,COSN7893234,NA,MER101-int,FALSE,0.1,NA,12,108,NA,NA,NA,IGR,FALSE,FALSE,FALSE,FALSE,5,3,2,3_2,d4907a1b-8b06-47c5-8bca-c781d9cddaf8,NA
6,67440245,67440245,1,snv_mnv,1.9968e-4,rs577952791,"broad,dkfz,muse,sanger",4,COSN7893354,rs577952791,AluSz,FALSE,0.3824,NA,26,42,NA,NA,NA,RNA,FALSE,FALSE,FALSE,FALSE,5,3,2,3_2,d4907a1b-8b06-47c5-8bca-c781d9cddaf8,RNU7-66P
6,67513350,67513350,1,snv_mnv,NA,NA,"broad,dkfz,muse,sanger",4,COSN7893440,NA,NA,FALSE,0.2558,NA,22,64,NA,NA,NA,IGR,FALSE,FALSE,FALSE,FALSE,5,3,2,3_2,d4907a1b-8b06-47c5-8bca-c781d9cddaf8,NA
6,67694456,67694456,1,snv_mnv,NA,NA,"broad,dkfz,muse,sanger",4,COSN7893625,NA,L1MA7,FALSE,0.1091,NA,12,98,NA,NA,NA,IGR,FALSE,FALSE,FALSE,FALSE,5,3,2,3_2,d4907a1b-8b06-47c5-8bca-c781d9cddaf8,NA
6,67708001,67708001,1,snv_mnv,NA,NA,"broad,dkfz,muse,sanger",4,COSN7893635,NA,L1MEg,FALSE,0.2941,NA,30,72,NA,NA,NA,IGR,FALSE,FALSE,TRUE,FALSE,5,3,2,3_2,d4907a1b-8b06-47c5-8bca-c781d9cddaf8,NA
6,67880845,67880845,1,snv_mnv,NA,NA,"broad,dkfz,muse,sanger",4,COSN7893796,NA,L1PA16,FALSE,0.4167,NA,40,56,NA,NA,NA,IGR,FALSE,FALSE,FALSE,FALSE,5,3,2,3_2,d4907a1b-8b06-47c5-8bca-c781d9cddaf8,NA
6,68123610,68123610,1,snv_mnv,NA,NA,"broad,dkfz,muse,sanger",4,COSN7894024,NA,L1MCa,FALSE,0.1636,NA,18,92,NA,NA,NA,IGR,FALSE,FALSE,FALSE,FALSE,5,3,2,3_2,d4907a1b-8b06-47c5-8bca-c781d9cddaf8,NA
6,68339148,68339148,1,snv_mnv,NA,NA,"broad,dkfz,muse,sanger",4,COSN7894201,NA,NA,FALSE,0.2442,NA,21,65,NA,NA,NA,IGR,FALSE,FALSE,FALSE,FALSE,5,3,2,3_2,d4907a1b-8b06-47c5-8bca-c781d9cddaf8,RF00019
6,68449340,68449340,1,snv_mnv,NA,NA,"broad,dkfz,muse,sanger",4,COSN7894315,NA,FLAM_C,FALSE,0.1935,NA,12,50,NA,NA,NA,IGR,FALSE,FALSE,FALSE,FALSE,5,3,2,3_2,d4907a1b-8b06-47c5-8bca-c781d9cddaf8,NA
6,68594137,68594137,1,snv_mnv,NA,NA,"broad,dkfz,muse,sanger",4,COSN7894452,rs374035569,HERVH-int,FALSE,0.2877,NA,21,52,NA,NA,NA,IGR,FALSE,FALSE,FALSE,FALSE,5,3,2,3_2,d4907a1b-8b06-47c5-8bca-c781d9cddaf8,AL713998.1
6,68732508,68732508,1,snv_mnv,NA,NA,"broad,dkfz,muse,sanger",4,COSN7894591,NA,L1MB1,FALSE,0.3146,NA,28,61,NA,NA,NA,IGR,FALSE,FALSE,FALSE,FALSE,5,3,2,3_2,d4907a1b-8b06-47c5-8bca-c781d9cddaf8,NA
6,68865731,68865731,1,snv_mnv,NA,NA,"broad,dkfz,muse,sanger",4,COSN7894729,NA,NA,FALSE,0.2273,NA,25,85,NA,NA,NA,IGR,FALSE,FALSE,FALSE,FALSE,5,3,2,3_2,d4907a1b-8b06-47c5-8bca-c781d9cddaf8,NA
6,68892507,68892507,1,snv_mnv,NA,NA,"broad,dkfz,muse,sanger",4,COSN7894753,NA,NA,FALSE,0.1731,NA,18,86,NA,NA,NA,IGR,FALSE,FALSE,TRUE,FALSE,5,3,2,3_2,d4907a1b-8b06-47c5-8bca-c781d9cddaf8,NA
6,68920782,68920782,1,snv_mnv,NA,NA,"broad,dkfz,muse,sanger",4,COSN7894774,NA,MER58D,FALSE,0.3617,NA,34,60,NA,NA,NA,IGR,FALSE,FALSE,FALSE,FALSE,5,3,2,3_2,d4907a1b-8b06-47c5-8bca-c781d9cddaf8,NA
6,69120911,69120911,1,snv_mnv,NA,NA,"broad,dkfz,muse,sanger",4,COSN7894934,NA,NA,FALSE,0.1101,NA,12,97,NA,NA,NA,IGR,FALSE,FALSE,FALSE,FALSE,5,3,2,3_2,d4907a1b-8b06-47c5-8bca-c781d9cddaf8,NA
6,69397002,69397002,1,snv_mnv,NA,NA,"broad,dkfz,muse",3,COSN7895156,NA,(TA)n,FALSE,0.1327,NA,15,98,NA,NA,NA,Intron,FALSE,FALSE,FALSE,FALSE,5,3,2,3_2,d4907a1b-8b06-47c5-8bca-c781d9cddaf8,NA
6,69626058,69626058,1,snv_mnv,NA,NA,"broad,dkfz,muse,sanger",4,COSN7895314,NA,NA,FALSE,0.2065,NA,19,73,NA,NA,NA,Intron,FALSE,FALSE,TRUE,FALSE,5,3,2,3_2,d4907a1b-8b06-47c5-8bca-c781d9cddaf8,NA
6,69630231,69630231,1,snv_mnv,NA,NA,"broad,dkfz,muse,sanger",4,COSN7895318,NA,AluY,FALSE,0.1111,NA,8,64,NA,NA,NA,Intron,FALSE,FALSE,FALSE,FALSE,5,3,2,3_2,d4907a1b-8b06-47c5-8bca-c781d9cddaf8,NA
6,70006305,70006305,1,snv_mnv,NA,NA,"broad,dkfz,muse,sanger",4,COSN7895565,NA,NA,FALSE,0.4,NA,46,69,NA,NA,NA,Intron,FALSE,FALSE,FALSE,FALSE,5,3,2,3_2,d4907a1b-8b06-47c5-8bca-c781d9cddaf8,NA
6,70212461,70212461,1,snv_mnv,NA,NA,"broad,dkfz,muse,sanger",4,COSN7895704,NA,L1M3f,FALSE,0.287,NA,31,77,NA,NA,NA,IGR,FALSE,FALSE,FALSE,FALSE,5,3,2,3_2,d4907a1b-8b06-47c5-8bca-c781d9cddaf8,NA
6,70531490,70531490,1,snv_mnv,3.9936e-4,rs184332088,"broad,dkfz,muse,sanger",4,COSN7895838,rs184332088,AluSx1,FALSE,0.2667,NA,20,55,NA,NA,NA,IGR,FALSE,FALSE,FALSE,FALSE,5,3,2,3_2,d4907a1b-8b06-47c5-8bca-c781d9cddaf8,NA
6,72395954,72395954,1,snv_mnv,NA,NA,"broad,dkfz,muse,sanger",4,COSN7896376,NA,LTR12C,FALSE,0.1846,NA,12,53,NA,NA,NA,IGR,FALSE,FALSE,FALSE,FALSE,5,3,2,3_2,d4907a1b-8b06-47c5-8bca-c781d9cddaf8,NA
6,72827398,72827398,1,snv_mnv,NA,NA,"broad,dkfz,muse,sanger",4,COSN7896612,NA,L1PB,FALSE,0.1333,NA,14,91,NA,NA,NA,Intron,FALSE,FALSE,FALSE,FALSE,5,3,2,3_2,d4907a1b-8b06-47c5-8bca-c781d9cddaf8,NA
6,73645605,73645605,1,snv_mnv,NA,NA,"broad,dkfz,muse,sanger",4,COSN7897008,NA,L2a,FALSE,0.4538,NA,54,65,NA,NA,NA,Intron,FALSE,FALSE,FALSE,FALSE,5,3,2,3_2,d4907a1b-8b06-47c5-8bca-c781d9cddaf8,NA
6,74576261,74576261,1,snv_mnv,NA,NA,"broad,dkfz,muse,sanger",4,COSN7897228,NA,MSTB2,FALSE,0.2568,NA,19,55,NA,NA,NA,IGR,FALSE,FALSE,FALSE,FALSE,4,2,2,2_2,d4907a1b-8b06-47c5-8bca-c781d9cddaf8,NA
6,74834976,74834976,1,snv_mnv,1.9968e-4,rs544280795,"broad,dkfz,muse,sanger",4,COSN7897310,rs544280795,NA,FALSE,0.0947,NA,9,86,NA,NA,NA,lincRNA,FALSE,FALSE,FALSE,FALSE,4,2,2,2_2,d4907a1b-8b06-47c5-8bca-c781d9cddaf8,NA
6,75734139,75734139,1,snv_mnv,NA,NA,"broad,muse,sanger",3,COSN7897637,NA,AluSp,FALSE,0.2353,NA,12,39,NA,NA,NA,IGR,FALSE,FALSE,FALSE,FALSE,4,2,2,2_2,d4907a1b-8b06-47c5-8bca-c781d9cddaf8,NA
6,75908506,75908506,1,snv_mnv,NA,NA,"broad,dkfz,muse,sanger",4,COSN7897681,NA,NA,FALSE,0.28,NA,28,72,NA,NA,NA,Intron,FALSE,FALSE,FALSE,FALSE,4,2,2,2_2,d4907a1b-8b06-47c5-8bca-c781d9cddaf8,NA
6,76131434,76131434,1,snv_mnv,NA,NA,"broad,dkfz,muse,sanger",4,COSN7897752,NA,NA,FALSE,0.271,NA,29,78,NA,NA,NA,Intron,FALSE,FALSE,FALSE,FALSE,4,2,2,2_2,d4907a1b-8b06-47c5-8bca-c781d9cddaf8,NA
6,76378514,76378514,1,snv_mnv,NA,NA,"broad,dkfz,muse,sanger",4,COSN7897825,NA,L1M5,FALSE,0.3099,NA,22,49,NA,NA,NA,Intron,FALSE,FALSE,FALSE,FALSE,4,2,2,2_2,d4907a1b-8b06-47c5-8bca-c781d9cddaf8,NA
6,77158301,77158301,1,snv_mnv,NA,NA,"broad,dkfz,muse,sanger",4,COSN7898100,NA,NA,FALSE,0.1125,NA,9,71,NA,NA,NA,RNA,FALSE,FALSE,FALSE,FALSE,4,2,2,2_2,d4907a1b-8b06-47c5-8bca-c781d9cddaf8,RNU6-261P
6,77822287,77822287,1,snv_mnv,NA,NA,"broad,dkfz,muse,sanger",4,COSN7898376,NA,NA,FALSE,0.25,NA,29,87,NA,NA,NA,IGR,FALSE,FALSE,FALSE,FALSE,4,2,2,2_2,d4907a1b-8b06-47c5-8bca-c781d9cddaf8,NA
6,78285709,78285709,1,snv_mnv,NA,NA,"broad,dkfz,muse,sanger",4,COSN7898547,NA,L2b,FALSE,0.11,NA,11,89,NA,NA,NA,IGR,FALSE,FALSE,FALSE,FALSE,4,2,2,2_2,d4907a1b-8b06-47c5-8bca-c781d9cddaf8,NA
6,78789858,78789858,1,snv_mnv,NA,NA,"broad,dkfz,muse,sanger",4,COSN7898733,NA,L1MCb,FALSE,0.1414,NA,14,85,NA,NA,NA,IGR,FALSE,FALSE,FALSE,FALSE,4,2,2,2_2,d4907a1b-8b06-47c5-8bca-c781d9cddaf8,NA
6,79184019,79184019,1,snv_mnv,NA,NA,"broad,dkfz,muse,sanger",4,COSN7898882,NA,AluJr,FALSE,0.3034,NA,27,62,NA,NA,NA,IGR,FALSE,FALSE,FALSE,FALSE,4,2,2,2_2,d4907a1b-8b06-47c5-8bca-c781d9cddaf8,NA
6,79927523,79927523,1,snv_mnv,NA,NA,"broad,dkfz,muse,sanger",4,COSN7899112,NA,NA,FALSE,0.2235,NA,19,66,NA,NA,NA,Intron,FALSE,FALSE,FALSE,FALSE,4,2,2,2_2,d4907a1b-8b06-47c5-8bca-c781d9cddaf8,NA
6,80591229,80591229,1,snv_mnv,NA,NA,"broad,dkfz,muse,sanger",4,COSN7899261,rs768731505,L1MA2,FALSE,0.1744,NA,15,71,NA,NA,NA,IGR,FALSE,FALSE,FALSE,FALSE,4,2,2,2_2,d4907a1b-8b06-47c5-8bca-c781d9cddaf8,NA
6,80599295,80599295,1,snv_mnv,NA,NA,"broad,dkfz,muse,sanger",4,COSN7899264,NA,Arthur1B,FALSE,0.2473,NA,23,70,NA,NA,NA,IGR,FALSE,FALSE,FALSE,FALSE,4,2,2,2_2,d4907a1b-8b06-47c5-8bca-c781d9cddaf8,NA
6,83941015,83941015,1,snv_mnv,NA,NA,"broad,dkfz,muse,sanger",4,COSN7900237,NA,NA,FALSE,0.32,NA,32,68,NA,NA,NA,Intron,FALSE,FALSE,FALSE,FALSE,4,2,2,2_2,d4907a1b-8b06-47c5-8bca-c781d9cddaf8,NA
6,85945584,85945584,1,snv_mnv,NA,NA,"broad,dkfz,muse,sanger",4,COSN7900847,NA,MER58A,FALSE,0.2778,NA,25,65,NA,NA,NA,IGR,FALSE,FALSE,FALSE,FALSE,4,2,2,2_2,d4907a1b-8b06-47c5-8bca-c781d9cddaf8,NA
6,86959655,86959655,1,snv_mnv,NA,NA,"broad,dkfz,muse,sanger",4,COSN7901220,NA,MSTB,FALSE,0.2716,NA,22,59,NA,NA,NA,IGR,FALSE,FALSE,FALSE,FALSE,4,2,2,2_2,d4907a1b-8b06-47c5-8bca-c781d9cddaf8,NA
6,87166195,87166195,1,snv_mnv,NA,NA,"broad,dkfz,muse,sanger",4,COSN7901358,NA,L1ME3D,FALSE,0.2553,NA,24,70,NA,NA,NA,IGR,FALSE,FALSE,FALSE,FALSE,4,2,2,2_2,d4907a1b-8b06-47c5-8bca-c781d9cddaf8,NA
6,87359994,87359994,1,snv_mnv,NA,NA,"broad,dkfz,muse,sanger",4,COSN7901479,NA,THE1B,FALSE,0.2278,NA,18,61,NA,NA,NA,IGR,FALSE,FALSE,TRUE,FALSE,4,2,2,2_2,d4907a1b-8b06-47c5-8bca-c781d9cddaf8,NA
6,88593610,88593610,1,snv_mnv,1.9968e-4,rs76887748,"broad,dkfz,muse,sanger",4,COSN7901884,rs76887748,NA,FALSE,0.1757,NA,13,61,NA,NA,NA,IGR,FALSE,FALSE,FALSE,FALSE,4,2,2,2_2,d4907a1b-8b06-47c5-8bca-c781d9cddaf8,NA
6,90795013,90795013,1,snv_mnv,NA,NA,"broad,dkfz,muse,sanger",4,COSN7912550,NA,NA,FALSE,0.2209,NA,19,67,NA,NA,NA,Intron,FALSE,FALSE,FALSE,FALSE,4,2,2,2_2,d4907a1b-8b06-47c5-8bca-c781d9cddaf8,BACH2
6,91176557,91176557,1,snv_mnv,NA,NA,"broad,dkfz,muse,sanger",4,COSN7912688,NA,NA,FALSE,0.3373,NA,28,55,NA,NA,NA,IGR,FALSE,FALSE,FALSE,FALSE,4,2,2,2_2,d4907a1b-8b06-47c5-8bca-c781d9cddaf8,NA
6,91481994,91481994,1,snv_mnv,NA,NA,"broad,dkfz,muse,sanger",4,COSN7912798,NA,MIR3,FALSE,0.2088,NA,19,72,NA,NA,NA,IGR,FALSE,FALSE,FALSE,FALSE,4,2,2,2_2,d4907a1b-8b06-47c5-8bca-c781d9cddaf8,NA
6,91872297,91872297,1,snv_mnv,NA,NA,"broad,dkfz,muse,sanger",4,COSN7912984,NA,NA,FALSE,0.1319,NA,12,79,NA,NA,NA,IGR,FALSE,FALSE,FALSE,FALSE,4,2,2,2_2,d4907a1b-8b06-47c5-8bca-c781d9cddaf8,NA
6,91896473,91896473,1,snv_mnv,NA,NA,"broad,dkfz,muse,sanger",4,COSN7912997,NA,L1PA7,FALSE,0.2404,NA,25,79,NA,NA,NA,IGR,FALSE,FALSE,FALSE,FALSE,4,2,2,2_2,d4907a1b-8b06-47c5-8bca-c781d9cddaf8,NA
6,92544338,92544338,1,snv_mnv,NA,NA,"broad,dkfz,muse,sanger",4,COSN7913323,NA,MLT1C,FALSE,0.2619,NA,22,62,NA,NA,NA,IGR,FALSE,FALSE,FALSE,FALSE,4,2,2,2_2,d4907a1b-8b06-47c5-8bca-c781d9cddaf8,NA
6,92687462,92687462,1,snv_mnv,NA,NA,"broad,dkfz,muse,sanger",4,COSN7913432,NA,LTR16E1,FALSE,0.3243,NA,24,50,NA,NA,NA,IGR,FALSE,FALSE,FALSE,FALSE,4,2,2,2_2,d4907a1b-8b06-47c5-8bca-c781d9cddaf8,NA
6,92687501,92687501,1,snv_mnv,NA,NA,"broad,dkfz,muse,sanger",4,COSN7913433,NA,LTR16E1,FALSE,0.3247,NA,25,52,NA,NA,NA,IGR,FALSE,FALSE,FALSE,FALSE,4,2,2,2_2,d4907a1b-8b06-47c5-8bca-c781d9cddaf8,NA
6,92823560,92823560,1,snv_mnv,NA,NA,"muse,sanger",2,COSN7913508,NA,NA,FALSE,0.1224,NA,12,86,NA,NA,NA,IGR,FALSE,FALSE,TRUE,FALSE,4,2,2,2_2,d4907a1b-8b06-47c5-8bca-c781d9cddaf8,NA
6,93377150,93377150,1,snv_mnv,NA,NA,"broad,dkfz,muse,sanger",4,COSN7913908,NA,NA,FALSE,0.1882,NA,16,69,NA,NA,NA,IGR,FALSE,FALSE,FALSE,FALSE,4,2,2,2_2,d4907a1b-8b06-47c5-8bca-c781d9cddaf8,NA
6,93703354,93703354,1,snv_mnv,NA,NA,"dkfz,muse,sanger",3,COSN7914116,NA,NA,FALSE,0.1429,NA,13,78,NA,NA,NA,IGR,FALSE,FALSE,FALSE,FALSE,4,2,2,2_2,d4907a1b-8b06-47c5-8bca-c781d9cddaf8,NA
6,93868097,93868097,1,snv_mnv,NA,NA,"broad,dkfz,muse,sanger",4,COSN7914205,NA,L1PA16,FALSE,0.1325,NA,11,72,NA,NA,NA,IGR,FALSE,FALSE,FALSE,FALSE,4,2,2,2_2,d4907a1b-8b06-47c5-8bca-c781d9cddaf8,NA
6,93997311,93997311,1,snv_mnv,NA,NA,"broad,dkfz,muse,sanger",4,COSN7914279,NA,L1PA13,FALSE,0.2727,NA,18,48,NA,NA,NA,Intron,FALSE,FALSE,FALSE,FALSE,4,2,2,2_2,d4907a1b-8b06-47c5-8bca-c781d9cddaf8,NA
6,94014653,94014653,1,snv_mnv,NA,NA,"broad,dkfz,muse,sanger",4,COSN7914289,NA,L2a,FALSE,0.2041,NA,20,78,NA,NA,NA,Intron,FALSE,FALSE,FALSE,FALSE,4,2,2,2_2,d4907a1b-8b06-47c5-8bca-c781d9cddaf8,NA
6,94041182,94041182,1,snv_mnv,NA,NA,"broad,dkfz,muse",3,COSN7914302,NA,NA,FALSE,0.1809,NA,17,77,NA,NA,NA,Intron,FALSE,FALSE,TRUE,FALSE,4,2,2,2_2,d4907a1b-8b06-47c5-8bca-c781d9cddaf8,NA
6,94058077,94058077,1,snv_mnv,NA,NA,"broad,dkfz,muse,sanger",4,COSN7914312,NA,AT_rich,FALSE,0.1837,NA,18,80,NA,NA,NA,Intron,FALSE,FALSE,FALSE,FALSE,4,2,2,2_2,d4907a1b-8b06-47c5-8bca-c781d9cddaf8,NA
6,94963192,94963192,1,snv_mnv,NA,NA,"broad,dkfz,muse,sanger",4,COSN7914664,NA,NA,FALSE,0.1809,NA,17,77,NA,NA,NA,IGR,FALSE,FALSE,TRUE,FALSE,4,2,2,2_2,d4907a1b-8b06-47c5-8bca-c781d9cddaf8,NA
6,95178950,95178950,1,snv_mnv,NA,NA,"broad,dkfz,muse,sanger",4,COSN7914800,NA,MER1B,FALSE,0.1414,NA,14,85,NA,NA,NA,IGR,FALSE,FALSE,TRUE,FALSE,4,2,2,2_2,d4907a1b-8b06-47c5-8bca-c781d9cddaf8,NA
6,95363505,95363505,1,snv_mnv,NA,NA,"broad,dkfz,muse,sanger",4,COSN7914915,NA,NA,FALSE,0.2368,NA,27,87,NA,NA,NA,IGR,FALSE,FALSE,FALSE,FALSE,4,2,2,2_2,d4907a1b-8b06-47c5-8bca-c781d9cddaf8,NA
6,95612716,95612716,1,snv_mnv,NA,NA,"broad,dkfz,muse,sanger",4,COSN7915038,NA,L1MA1,FALSE,0.0938,NA,6,58,NA,NA,NA,IGR,FALSE,FALSE,FALSE,FALSE,4,2,2,2_2,d4907a1b-8b06-47c5-8bca-c781d9cddaf8,NA
6,96805072,96805072,1,snv_mnv,1.9968e-4,rs570865538,"broad,dkfz,muse,sanger",4,COSN7915460,rs570865538,MIRb,FALSE,0.1461,NA,13,76,NA,NA,NA,RNA,FALSE,FALSE,FALSE,FALSE,4,2,2,2_2,d4907a1b-8b06-47c5-8bca-c781d9cddaf8,UFL1-AS1
6,98194033,98194033,1,snv_mnv,NA,NA,"broad,dkfz,muse,sanger",4,COSN7916083,NA,L1ME2,FALSE,0.3021,NA,29,67,NA,NA,NA,IGR,FALSE,FALSE,FALSE,FALSE,4,2,2,2_2,d4907a1b-8b06-47c5-8bca-c781d9cddaf8,NA
6,98239917,98239917,1,snv_mnv,NA,NA,"broad,dkfz,muse,sanger",4,COSN7916121,NA,NA,FALSE,0.1579,NA,18,96,NA,NA,NA,IGR,FALSE,FALSE,FALSE,FALSE,4,2,2,2_2,d4907a1b-8b06-47c5-8bca-c781d9cddaf8,NA
6,98280275,98280275,1,snv_mnv,NA,NA,"broad,dkfz,muse,sanger",4,COSN7916147,NA,NA,FALSE,0.1447,NA,11,65,NA,NA,NA,lincRNA,FALSE,FALSE,FALSE,FALSE,4,2,2,2_2,d4907a1b-8b06-47c5-8bca-c781d9cddaf8,AL589740.1
6,98382988,98382988,1,snv_mnv,NA,NA,"broad,dkfz,muse,sanger",4,COSN7916222,NA,NA,FALSE,0.1101,NA,12,97,NA,NA,NA,lincRNA,FALSE,FALSE,FALSE,FALSE,4,2,2,2_2,d4907a1b-8b06-47c5-8bca-c781d9cddaf8,AL589740.1
6,99871105,99871105,1,snv_mnv,NA,NA,"broad,dkfz,muse,sanger",4,COSN7917007,NA,L1MC3,FALSE,0.2571,NA,27,78,NA,NA,NA,Intron,FALSE,FALSE,FALSE,FALSE,4,2,2,2_2,d4907a1b-8b06-47c5-8bca-c781d9cddaf8,AL513550.1
6,99898152,99898152,1,snv_mnv,NA,NA,"broad,dkfz,muse,sanger",4,COSN7917016,NA,L1PA5,FALSE,0.3163,NA,31,67,NA,NA,NA,Intron,FALSE,FALSE,TRUE,FALSE,4,2,2,2_2,d4907a1b-8b06-47c5-8bca-c781d9cddaf8,NA
6,100623645,100623645,1,snv_mnv,NA,NA,"broad,dkfz,muse,sanger",4,COSN7589991,NA,NA,FALSE,0.2766,NA,26,68,NA,NA,NA,IGR,FALSE,FALSE,FALSE,FALSE,4,2,2,2_2,d4907a1b-8b06-47c5-8bca-c781d9cddaf8,AL080285.1
6,100736144,100736144,1,snv_mnv,NA,NA,"broad,dkfz,muse,sanger",4,COSN7590030,NA,NA,FALSE,0.1735,NA,17,81,NA,NA,NA,IGR,FALSE,FALSE,FALSE,FALSE,4,2,2,2_2,d4907a1b-8b06-47c5-8bca-c781d9cddaf8,NA
6,101732780,101732780,1,snv_mnv,NA,NA,"broad,dkfz,muse,sanger",4,COSN7590314,NA,AluSx,FALSE,0.2817,NA,20,51,NA,NA,NA,IGR,FALSE,FALSE,FALSE,FALSE,4,2,2,2_2,d4907a1b-8b06-47c5-8bca-c781d9cddaf8,NA
6,102098693,102098693,1,snv_mnv,NA,NA,"broad,dkfz,muse,sanger",4,COSN7590538,NA,NA,FALSE,0.2738,NA,23,61,NA,NA,NA,Intron,FALSE,FALSE,FALSE,FALSE,4,2,2,2_2,d4907a1b-8b06-47c5-8bca-c781d9cddaf8,NA
6,102136021,102136021,1,snv_mnv,NA,NA,"broad,dkfz,muse,sanger",4,COSN7590559,NA,NA,FALSE,0.2639,NA,19,53,NA,NA,NA,Intron,FALSE,FALSE,FALSE,FALSE,4,2,2,2_2,d4907a1b-8b06-47c5-8bca-c781d9cddaf8,NA
6,102542118,102542118,1,snv_mnv,NA,NA,"broad,dkfz,muse,sanger",4,COSN7590837,NA,NA,FALSE,0.0282,NA,2,69,NA,NA,NA,IGR,FALSE,FALSE,TRUE,FALSE,4,2,2,2_2,d4907a1b-8b06-47c5-8bca-c781d9cddaf8,NA
6,102542119,102542119,1,snv_mnv,NA,NA,"broad,dkfz,muse,sanger",4,COSN7590838,NA,NA,FALSE,0.0286,NA,2,68,NA,NA,NA,IGR,FALSE,FALSE,FALSE,FALSE,4,2,2,2_2,d4907a1b-8b06-47c5-8bca-c781d9cddaf8,NA
6,102542120,102542120,1,snv_mnv,NA,NA,"broad,dkfz,muse,sanger",4,COSN7590839,NA,NA,FALSE,0.0563,NA,4,67,NA,NA,NA,IGR,FALSE,FALSE,FALSE,FALSE,4,2,2,2_2,d4907a1b-8b06-47c5-8bca-c781d9cddaf8,NA
6,102672471,102672471,1,snv_mnv,5.9904e-4,rs114843231,"broad,dkfz,muse,sanger",4,COSN16171592,rs114843231,Tigger2b_Pri,FALSE,0.2796,NA,26,67,NA,NA,NA,IGR,FALSE,FALSE,FALSE,FALSE,4,2,2,2_2,d4907a1b-8b06-47c5-8bca-c781d9cddaf8,NA
6,102882289,102882289,1,snv_mnv,NA,NA,"broad,dkfz,muse,sanger",4,COSN7591099,NA,NA,FALSE,0.2414,NA,21,66,NA,NA,NA,IGR,FALSE,FALSE,FALSE,FALSE,4,2,2,2_2,d4907a1b-8b06-47c5-8bca-c781d9cddaf8,NA
6,103169655,103169655,1,snv_mnv,NA,NA,"broad,dkfz,muse,sanger",4,COSN7591322,NA,NA,FALSE,0.1474,NA,14,81,NA,NA,NA,IGR,FALSE,FALSE,FALSE,FALSE,4,2,2,2_2,d4907a1b-8b06-47c5-8bca-c781d9cddaf8,NA
6,103250227,103250227,1,snv_mnv,NA,NA,"broad,dkfz,muse,sanger",4,COSN7591388,NA,NA,FALSE,0.1899,NA,15,64,NA,NA,NA,IGR,FALSE,FALSE,FALSE,FALSE,4,2,2,2_2,d4907a1b-8b06-47c5-8bca-c781d9cddaf8,NA
6,103537891,103537891,1,snv_mnv,NA,NA,"broad,dkfz,muse,sanger",4,COSN7591603,NA,NA,FALSE,0.1415,NA,15,91,NA,NA,NA,IGR,FALSE,FALSE,FALSE,FALSE,4,2,2,2_2,d4907a1b-8b06-47c5-8bca-c781d9cddaf8,NA
6,103704955,103704955,1,snv_mnv,NA,NA,"broad,dkfz,muse,sanger",4,COSN7591722,NA,NA,FALSE,0.1932,NA,17,71,NA,NA,NA,IGR,FALSE,FALSE,FALSE,FALSE,4,2,2,2_2,d4907a1b-8b06-47c5-8bca-c781d9cddaf8,NA
6,103857513,103857513,1,snv_mnv,NA,NA,"broad,dkfz,muse,sanger",4,COSN7591802,NA,MLT1C,FALSE,0.3146,NA,28,61,NA,NA,NA,IGR,FALSE,FALSE,TRUE,FALSE,4,2,2,2_2,d4907a1b-8b06-47c5-8bca-c781d9cddaf8,NA
6,104597858,104597858,1,snv_mnv,NA,NA,"broad,dkfz,muse,sanger",4,COSN7592309,NA,L1PB2,FALSE,0.2621,NA,27,76,NA,NA,NA,IGR,FALSE,FALSE,FALSE,FALSE,4,2,2,2_2,d4907a1b-8b06-47c5-8bca-c781d9cddaf8,NA
6,104668283,104668283,1,snv_mnv,NA,NA,"broad,dkfz,muse,sanger",4,COSN7592350,NA,NA,FALSE,0.2857,NA,30,75,NA,NA,NA,IGR,FALSE,FALSE,FALSE,FALSE,4,2,2,2_2,d4907a1b-8b06-47c5-8bca-c781d9cddaf8,NA
6,105777942,105777942,1,snv_mnv,NA,NA,"broad,dkfz,muse,sanger",4,COSN7592738,NA,NA,FALSE,0.3171,NA,26,56,NA,NA,NA,Intron,FALSE,FALSE,FALSE,FALSE,4,2,2,2_2,d4907a1b-8b06-47c5-8bca-c781d9cddaf8,NA
6,106084706,106084706,1,snv_mnv,0.0033946,rs532039890,"broad,dkfz,muse,sanger",4,COSN7592817,rs532039890,AluSc8,FALSE,0.2637,NA,24,67,NA,NA,NA,IGR,FALSE,FALSE,FALSE,FALSE,4,2,2,2_2,d4907a1b-8b06-47c5-8bca-c781d9cddaf8,Z97206.2
6,106692019,106692019,1,snv_mnv,NA,NA,"broad,dkfz,muse,sanger",4,COSN7592972,NA,NA,FALSE,0.1939,NA,19,79,NA,NA,NA,Intron,FALSE,FALSE,FALSE,FALSE,4,2,2,2_2,d4907a1b-8b06-47c5-8bca-c781d9cddaf8,NA
6,106835587,106835587,1,snv_mnv,NA,NA,"broad,dkfz,muse,sanger",4,COSN7593008,NA,NA,FALSE,0.169,NA,12,59,NA,NA,NA,IGR,FALSE,FALSE,FALSE,FALSE,4,2,2,2_2,d4907a1b-8b06-47c5-8bca-c781d9cddaf8,NA
6,107184627,107184627,1,snv_mnv,NA,NA,"broad,dkfz,muse,sanger",4,COSN7593066,NA,NA,FALSE,0.1667,NA,13,65,NA,NA,NA,RNA,FALSE,FALSE,FALSE,FALSE,4,2,2,2_2,d4907a1b-8b06-47c5-8bca-c781d9cddaf8,RNU6-117P
6,107187242,107187242,1,snv_mnv,3.9936e-4,rs147203244,"broad,dkfz,muse,sanger",4,COSN7593067,rs147203244,MamGypLTR2c,FALSE,0.1951,NA,16,66,NA,NA,NA,RNA,FALSE,FALSE,FALSE,FALSE,4,2,2,2_2,d4907a1b-8b06-47c5-8bca-c781d9cddaf8,RNU6-117P
6,110457523,110457523,1,snv_mnv,NA,NA,"broad,dkfz,muse,sanger",4,COSN7593696,NA,L1ME3B,FALSE,0.1758,NA,16,75,NA,NA,NA,Intron,FALSE,FALSE,FALSE,FALSE,4,2,2,2_2,d4907a1b-8b06-47c5-8bca-c781d9cddaf8,NA
6,110651765,110651765,1,snv_mnv,NA,NA,"broad,dkfz,muse,sanger",4,COSN7593736,NA,L1MD2,FALSE,0.3289,NA,25,51,NA,NA,NA,Intron,FALSE,FALSE,FALSE,FALSE,4,2,2,2_2,d4907a1b-8b06-47c5-8bca-c781d9cddaf8,NA
6,111684045,111684045,1,snv_mnv,NA,NA,"broad,dkfz,muse,sanger",4,COSN7593946,NA,Charlie5,FALSE,0.1546,NA,15,82,NA,NA,NA,Intron,FALSE,FALSE,FALSE,FALSE,4,2,2,2_2,d4907a1b-8b06-47c5-8bca-c781d9cddaf8,"REV3L-IT1,REV3L"
6,112929410,112929410,1,snv_mnv,1.9968e-4,rs76407760,"broad,dkfz,muse,sanger",4,COSN7594259,rs76407760,THE1A,FALSE,0.2297,NA,17,57,NA,NA,NA,IGR,FALSE,FALSE,FALSE,FALSE,4,2,2,2_2,d4907a1b-8b06-47c5-8bca-c781d9cddaf8,NA
6,113201566,113201566,1,snv_mnv,NA,NA,"broad,dkfz,muse,sanger",4,COSN7594370,NA,MER52C,FALSE,0.3265,NA,16,33,NA,NA,NA,IGR,FALSE,FALSE,FALSE,FALSE,4,2,2,2_2,d4907a1b-8b06-47c5-8bca-c781d9cddaf8,NA
6,113301784,113301784,1,snv_mnv,NA,NA,"broad,dkfz,muse,sanger",4,COSN7594409,NA,Tigger3a,FALSE,0.1471,NA,15,87,NA,NA,NA,IGR,FALSE,FALSE,FALSE,FALSE,4,2,2,2_2,d4907a1b-8b06-47c5-8bca-c781d9cddaf8,NA
6,113463259,113463259,1,snv_mnv,NA,NA,"broad,dkfz,muse,sanger",4,COSN7594464,NA,NA,FALSE,0.3298,NA,31,63,NA,NA,NA,IGR,FALSE,FALSE,FALSE,FALSE,4,2,2,2_2,d4907a1b-8b06-47c5-8bca-c781d9cddaf8,NA
6,113693234,113693234,1,snv_mnv,NA,NA,"broad,dkfz,muse,sanger",4,COSN7594554,NA,AT_rich,FALSE,0.2262,NA,19,65,NA,NA,NA,IGR,FALSE,FALSE,FALSE,FALSE,4,2,2,2_2,d4907a1b-8b06-47c5-8bca-c781d9cddaf8,AL589684.1
6,114093120,114093120,1,snv_mnv,NA,NA,"broad,dkfz,muse,sanger",4,COSN7594631,NA,NA,FALSE,0.1111,NA,9,72,NA,NA,NA,IGR,FALSE,FALSE,FALSE,FALSE,4,2,2,2_2,d4907a1b-8b06-47c5-8bca-c781d9cddaf8,NA
6,114137539,114137539,1,snv_mnv,NA,NA,"broad,dkfz,muse,sanger",4,COSN7594640,NA,L1ME3,FALSE,0.1341,NA,11,71,NA,NA,NA,lincRNA,FALSE,FALSE,FALSE,FALSE,4,2,2,2_2,d4907a1b-8b06-47c5-8bca-c781d9cddaf8,NA
6,114845714,114845714,1,snv_mnv,NA,NA,"broad,dkfz,muse,sanger",4,COSN7594795,NA,NA,FALSE,0.26,NA,26,74,NA,NA,NA,lincRNA,FALSE,FALSE,FALSE,FALSE,4,2,2,2_2,d4907a1b-8b06-47c5-8bca-c781d9cddaf8,NA
6,115748376,115748376,1,snv_mnv,NA,NA,"broad,dkfz,muse,sanger",4,COSN7595114,NA,Tigger1,FALSE,0.2179,NA,17,61,NA,NA,NA,IGR,FALSE,FALSE,FALSE,FALSE,4,2,2,2_2,d4907a1b-8b06-47c5-8bca-c781d9cddaf8,NA
6,115984975,115984975,1,snv_mnv,NA,NA,"broad,dkfz,muse,sanger",4,COSN7595184,NA,NA,FALSE,0.2766,NA,26,68,NA,NA,NA,IGR,FALSE,FALSE,FALSE,FALSE,4,2,2,2_2,d4907a1b-8b06-47c5-8bca-c781d9cddaf8,NA
6,116100948,116100948,1,snv_mnv,NA,NA,"broad,dkfz,muse,sanger",4,COSN7595218,NA,Charlie10,FALSE,0.3796,NA,41,67,NA,NA,NA,IGR,FALSE,FALSE,FALSE,FALSE,4,2,2,2_2,d4907a1b-8b06-47c5-8bca-c781d9cddaf8,NA
6,116546968,116546968,1,snv_mnv,NA,NA,"broad,dkfz,muse,sanger",4,COSN7595315,NA,L2b,FALSE,0.1429,NA,14,84,NA,NA,NA,Intron,FALSE,FALSE,FALSE,FALSE,4,2,2,2_2,d4907a1b-8b06-47c5-8bca-c781d9cddaf8,NA
6,116834284,116834284,1,snv_mnv,NA,NA,"broad,dkfz,muse,sanger",4,COSN7595376,NA,NA,FALSE,0.2735,NA,32,85,NA,NA,NA,Intron,FALSE,FALSE,FALSE,FALSE,4,2,2,2_2,d4907a1b-8b06-47c5-8bca-c781d9cddaf8,TRAPPC3L
6,117059080,117059080,1,snv_mnv,NA,NA,"broad,dkfz,muse,sanger",4,COSN7595407,NA,L1M5,FALSE,0.1204,NA,13,95,NA,NA,NA,Intron,FALSE,FALSE,FALSE,FALSE,4,2,2,2_2,d4907a1b-8b06-47c5-8bca-c781d9cddaf8,NA
6,118636838,118636838,1,snv_mnv,1.9968e-4,rs573391830,"broad,dkfz,muse,sanger",4,COSN7595970,rs573391830,AluY,FALSE,0.1569,NA,8,43,NA,NA,NA,3'UTR,FALSE,FALSE,FALSE,FALSE,4,2,2,2_2,d4907a1b-8b06-47c5-8bca-c781d9cddaf8,NA
6,120066068,120066068,1,snv_mnv,NA,NA,"broad,dkfz,muse,sanger",4,COSN7596349,NA,NA,FALSE,0.1512,NA,13,73,NA,NA,NA,IGR,FALSE,FALSE,FALSE,FALSE,4,2,2,2_2,d4907a1b-8b06-47c5-8bca-c781d9cddaf8,NA
6,120123037,120123037,1,snv_mnv,NA,NA,"broad,dkfz,muse,sanger",4,COSN7596371,NA,NA,FALSE,0.1111,NA,9,72,NA,NA,NA,IGR,FALSE,FALSE,FALSE,FALSE,4,2,2,2_2,d4907a1b-8b06-47c5-8bca-c781d9cddaf8,NA
6,120132365,120132365,1,snv_mnv,NA,NA,"broad,dkfz,muse,sanger",4,COSN7596376,NA,NA,FALSE,0.3333,NA,27,54,NA,NA,NA,IGR,FALSE,FALSE,FALSE,FALSE,4,2,2,2_2,d4907a1b-8b06-47c5-8bca-c781d9cddaf8,NA
6,120190674,120190674,1,snv_mnv,NA,NA,"broad,dkfz,muse,sanger",4,COSN7596396,NA,NA,FALSE,0.2211,NA,21,74,NA,NA,NA,IGR,FALSE,FALSE,FALSE,FALSE,4,2,2,2_2,d4907a1b-8b06-47c5-8bca-c781d9cddaf8,NA
6,120265923,120265923,1,snv_mnv,3.9936e-4,rs564407123,"broad,dkfz,muse,sanger",4,COSN7596422,rs564407123,Charlie8,FALSE,0.3017,NA,35,81,NA,NA,NA,IGR,FALSE,FALSE,FALSE,FALSE,4,2,2,2_2,d4907a1b-8b06-47c5-8bca-c781d9cddaf8,NA
6,121793816,121793816,1,snv_mnv,NA,NA,"broad,dkfz,muse,sanger",4,COSN7596984,NA,AluSz,FALSE,0.1014,NA,7,62,NA,NA,NA,IGR,FALSE,FALSE,FALSE,FALSE,4,2,2,2_2,d4907a1b-8b06-47c5-8bca-c781d9cddaf8,NA
6,122298055,122298055,1,snv_mnv,NA,NA,"broad,dkfz,muse,sanger",4,COSN7597181,NA,NA,FALSE,0.2381,NA,20,64,NA,NA,NA,IGR,FALSE,FALSE,TRUE,FALSE,4,2,2,2_2,d4907a1b-8b06-47c5-8bca-c781d9cddaf8,NA
6,122380233,122380233,1,snv_mnv,3.9936e-4,rs542934886,"broad,dkfz,muse,sanger",4,COSN7597229,rs542934886,AluSc,FALSE,0.2308,NA,15,50,NA,NA,NA,IGR,FALSE,FALSE,FALSE,FALSE,4,2,2,2_2,d4907a1b-8b06-47c5-8bca-c781d9cddaf8,NA
6,122387854,122387854,1,snv_mnv,NA,NA,"broad,dkfz,muse,sanger",4,COSN7597236,NA,NA,FALSE,0.2051,NA,16,62,NA,NA,NA,IGR,FALSE,FALSE,FALSE,FALSE,4,2,2,2_2,d4907a1b-8b06-47c5-8bca-c781d9cddaf8,NA
6,122634519,122634519,1,snv_mnv,NA,NA,"broad,dkfz,muse,sanger",4,COSN7597352,NA,NA,FALSE,0.1111,NA,11,88,NA,NA,NA,IGR,FALSE,FALSE,FALSE,FALSE,4,2,2,2_2,d4907a1b-8b06-47c5-8bca-c781d9cddaf8,NA
6,123793444,123793444,1,snv_mnv,NA,NA,"broad,muse,sanger",3,COSN7597722,NA,L1PA3,FALSE,0.1429,NA,9,54,NA,NA,NA,Intron,FALSE,FALSE,FALSE,FALSE,4,2,2,2_2,d4907a1b-8b06-47c5-8bca-c781d9cddaf8,TRDN-AS1
6,124073949,124073949,1,snv_mnv,NA,NA,"broad,dkfz,muse,sanger",4,COSN7597863,NA,L2a,FALSE,0.2857,NA,26,65,NA,NA,NA,IGR,FALSE,FALSE,FALSE,FALSE,4,2,2,2_2,d4907a1b-8b06-47c5-8bca-c781d9cddaf8,NA
6,124393801,124393801,1,snv_mnv,NA,NA,"broad,dkfz,muse,sanger",4,COSN7598027,NA,NA,FALSE,0.1746,NA,11,52,NA,NA,NA,Intron,FALSE,FALSE,FALSE,FALSE,4,2,2,2_2,d4907a1b-8b06-47c5-8bca-c781d9cddaf8,NA
6,124519350,124519350,1,snv_mnv,1.9968e-4,rs182692897,"broad,dkfz,muse,sanger",4,COSN7598100,rs182692897,L1MCc,FALSE,0.283,NA,15,38,NA,NA,NA,Intron,FALSE,FALSE,FALSE,FALSE,4,2,2,2_2,d4907a1b-8b06-47c5-8bca-c781d9cddaf8,NA
6,124582963,124582963,1,snv_mnv,NA,NA,"broad,dkfz,muse,sanger",4,COSN7598161,NA,AluSz,FALSE,0.3462,NA,18,34,NA,NA,NA,Intron,FALSE,FALSE,FALSE,FALSE,4,2,2,2_2,d4907a1b-8b06-47c5-8bca-c781d9cddaf8,NA
6,124953999,124953999,1,snv_mnv,NA,NA,"broad,dkfz,muse,sanger",4,COSN7598400,NA,NA,FALSE,0.2821,NA,22,56,NA,NA,NA,Intron,FALSE,FALSE,FALSE,FALSE,4,2,2,2_2,d4907a1b-8b06-47c5-8bca-c781d9cddaf8,NA
6,125003968,125003968,1,snv_mnv,NA,NA,"broad,dkfz,muse,sanger",4,COSN7598423,NA,NA,FALSE,0.27,NA,27,73,NA,NA,NA,Intron,FALSE,FALSE,FALSE,FALSE,4,2,2,2_2,d4907a1b-8b06-47c5-8bca-c781d9cddaf8,NA
6,125007834,125007834,1,snv_mnv,NA,NA,"broad,dkfz,muse,sanger",4,COSN7598427,NA,NA,FALSE,0.25,NA,19,57,NA,NA,NA,Intron,FALSE,FALSE,TRUE,FALSE,4,2,2,2_2,d4907a1b-8b06-47c5-8bca-c781d9cddaf8,NA
6,125207335,125207335,1,snv_mnv,NA,NA,"broad,dkfz,muse,sanger",4,COSN7598516,NA,AluY,FALSE,0.1404,NA,8,49,NA,NA,NA,IGR,FALSE,FALSE,FALSE,FALSE,4,2,2,2_2,d4907a1b-8b06-47c5-8bca-c781d9cddaf8,NA
6,125724045,125724045,1,snv_mnv,NA,NA,"broad,dkfz,muse,sanger",4,COSN7598648,NA,L2a,FALSE,0.1707,NA,14,68,NA,NA,NA,IGR,FALSE,FALSE,FALSE,FALSE,4,2,2,2_2,d4907a1b-8b06-47c5-8bca-c781d9cddaf8,NA
6,126055194,126055194,1,snv_mnv,NA,NA,"broad,dkfz,muse,sanger",4,COSN7598765,NA,NA,FALSE,0.3519,NA,38,70,NA,NA,NA,RNA,FALSE,FALSE,FALSE,FALSE,4,2,2,2_2,d4907a1b-8b06-47c5-8bca-c781d9cddaf8,NA
6,127414220,127414220,1,snv_mnv,NA,NA,"broad,dkfz,muse,sanger",4,COSN7688376,NA,NA,FALSE,0.303,NA,20,46,NA,NA,NA,IGR,FALSE,FALSE,FALSE,FALSE,4,2,2,2_2,d4907a1b-8b06-47c5-8bca-c781d9cddaf8,NA
6,127484977,127484977,1,snv_mnv,NA,NA,"broad,dkfz,muse,sanger",4,COSN7688400,NA,NA,FALSE,0.1905,NA,16,68,NA,NA,NA,Intron,FALSE,FALSE,FALSE,FALSE,4,2,2,2_2,d4907a1b-8b06-47c5-8bca-c781d9cddaf8,NA
6,128223477,128223477,1,snv_mnv,NA,NA,"dkfz,muse",2,COSN7688607,NA,AluJo,FALSE,0.2879,NA,19,47,NA,NA,NA,5'Flank,FALSE,FALSE,TRUE,FALSE,4,2,2,2_2,d4907a1b-8b06-47c5-8bca-c781d9cddaf8,THEMIS
6,129123859,129123859,1,snv_mnv,NA,NA,"broad,dkfz,muse,sanger",4,COSN7688819,NA,L1MEc,FALSE,0.1789,NA,17,78,NA,NA,NA,IGR,FALSE,FALSE,FALSE,FALSE,4,2,2,2_2,d4907a1b-8b06-47c5-8bca-c781d9cddaf8,NA
6,130187795,130187795,1,snv_mnv,NA,NA,"broad,dkfz,muse,sanger",4,COSN7689126,NA,NA,FALSE,0.1064,NA,10,84,NA,NA,NA,IGR,FALSE,FALSE,FALSE,FALSE,4,2,2,2_2,d4907a1b-8b06-47c5-8bca-c781d9cddaf8,NA
6,130318979,130318979,1,snv_mnv,NA,NA,"broad,dkfz,muse",3,COSN7689175,NA,HAL1b,FALSE,0.1609,NA,14,73,NA,NA,NA,IGR,FALSE,FALSE,FALSE,FALSE,4,2,2,2_2,d4907a1b-8b06-47c5-8bca-c781d9cddaf8,NA
6,130829578,130829578,1,snv_mnv,NA,NA,"broad,dkfz,muse,sanger",4,COSN7689368,NA,NA,FALSE,0.3256,NA,28,58,NA,NA,NA,IGR,FALSE,FALSE,FALSE,FALSE,4,2,2,2_2,d4907a1b-8b06-47c5-8bca-c781d9cddaf8,NA
6,132669233,132669233,1,snv_mnv,NA,NA,"broad,dkfz,muse,sanger",4,COSN7689793,NA,NA,FALSE,0.1889,NA,17,73,NA,NA,NA,Intron,FALSE,FALSE,FALSE,FALSE,4,2,2,2_2,d4907a1b-8b06-47c5-8bca-c781d9cddaf8,NA
6,134284403,134284403,1,snv_mnv,NA,NA,"broad,dkfz,muse,sanger",4,COSN7690180,NA,NA,FALSE,0.1857,NA,13,57,NA,NA,NA,Intron,FALSE,FALSE,FALSE,FALSE,4,2,2,2_2,d4907a1b-8b06-47c5-8bca-c781d9cddaf8,NA
6,134390005,134390005,1,snv_mnv,NA,NA,"broad,muse,sanger",3,COSN7690197,NA,AluSp,FALSE,0.2603,NA,19,54,NA,NA,NA,IGR,FALSE,FALSE,FALSE,FALSE,4,2,2,2_2,d4907a1b-8b06-47c5-8bca-c781d9cddaf8,NA
6,134703246,134703246,1,snv_mnv,NA,NA,"broad,dkfz,muse,sanger",4,COSN7690279,NA,L2b,FALSE,0.2593,NA,21,60,NA,NA,NA,IGR,FALSE,FALSE,FALSE,FALSE,4,2,2,2_2,d4907a1b-8b06-47c5-8bca-c781d9cddaf8,NA
6,136156705,136156705,1,snv_mnv,NA,NA,"broad,dkfz,muse,sanger",4,COSN7690616,NA,AluYc,FALSE,0.1558,NA,12,65,NA,NA,NA,IGR,FALSE,FALSE,FALSE,FALSE,4,2,2,2_2,d4907a1b-8b06-47c5-8bca-c781d9cddaf8,NA
6,137105051,137105051,1,snv_mnv,NA,NA,"broad,dkfz,muse,sanger",4,COSN7690826,NA,NA,FALSE,0.2895,NA,22,54,NA,NA,NA,Intron,FALSE,FALSE,FALSE,FALSE,4,2,2,2_2,d4907a1b-8b06-47c5-8bca-c781d9cddaf8,NA
6,137269898,137269898,1,snv_mnv,NA,NA,"broad,dkfz,muse,sanger",4,COSN7690861,NA,AluSz,FALSE,0.3056,NA,22,50,NA,NA,NA,IGR,FALSE,FALSE,FALSE,FALSE,4,2,2,2_2,d4907a1b-8b06-47c5-8bca-c781d9cddaf8,NA
6,138021413,138021413,1,snv_mnv,NA,NA,"broad,dkfz,muse,sanger",4,COSN7691011,NA,NA,FALSE,0.2043,NA,19,74,NA,NA,NA,IGR,FALSE,FALSE,FALSE,FALSE,4,2,2,2_2,d4907a1b-8b06-47c5-8bca-c781d9cddaf8,NA
6,138894538,138894538,1,snv_mnv,NA,NA,"broad,dkfz,muse,sanger",4,COSN7691187,NA,NA,FALSE,0.2617,NA,28,79,NA,NA,NA,5'Flank,FALSE,FALSE,FALSE,FALSE,4,2,2,2_2,d4907a1b-8b06-47c5-8bca-c781d9cddaf8,NHSL1
6,139967243,139967243,1,snv_mnv,NA,NA,"broad,dkfz,muse,sanger",4,COSN7691439,NA,L2b,FALSE,0.2609,NA,18,51,NA,NA,NA,IGR,FALSE,FALSE,TRUE,FALSE,4,2,2,2_2,d4907a1b-8b06-47c5-8bca-c781d9cddaf8,NA
6,141048700,141048700,1,snv_mnv,NA,NA,"broad,dkfz,muse,sanger",4,COSN7691739,NA,L1MC3,FALSE,0.125,NA,12,84,NA,NA,NA,IGR,FALSE,FALSE,FALSE,FALSE,4,2,2,2_2,d4907a1b-8b06-47c5-8bca-c781d9cddaf8,NA
6,141256910,141256910,1,snv_mnv,0.0033946,rs78435379,"broad,dkfz,muse,sanger",4,COSN7691816,rs78435379,L1MEg,FALSE,0.2133,NA,16,59,NA,NA,NA,IGR,FALSE,FALSE,FALSE,FALSE,4,2,2,2_2,d4907a1b-8b06-47c5-8bca-c781d9cddaf8,NA
6,142521111,142521111,1,snv_mnv,NA,NA,"broad,dkfz,muse",3,COSN7692225,NA,NA,FALSE,0.115,NA,13,100,NA,NA,NA,Intron,FALSE,FALSE,FALSE,FALSE,4,2,2,2_2,d4907a1b-8b06-47c5-8bca-c781d9cddaf8,VTA1
6,143330216,143330216,1,snv_mnv,NA,NA,"broad,dkfz,muse",3,COSN7692396,NA,NA,FALSE,0.1667,NA,13,65,NA,NA,NA,RNA,FALSE,FALSE,FALSE,FALSE,4,2,2,2_2,d4907a1b-8b06-47c5-8bca-c781d9cddaf8,NA
6,144699112,144699112,1,snv_mnv,NA,NA,"broad,dkfz,muse,sanger",4,COSN7692646,NA,NA,FALSE,0.2234,NA,21,73,NA,NA,NA,Intron,FALSE,FALSE,TRUE,FALSE,4,2,2,2_2,d4907a1b-8b06-47c5-8bca-c781d9cddaf8,NA
6,147384395,147384395,1,snv_mnv,NA,NA,"broad,dkfz,muse,sanger",4,COSN7693422,NA,NA,FALSE,0.3452,NA,29,55,NA,NA,NA,RNA,FALSE,FALSE,FALSE,FALSE,4,2,2,2_2,d4907a1b-8b06-47c5-8bca-c781d9cddaf8,NA
6,148686324,148686324,1,snv_mnv,NA,NA,"broad,dkfz,muse,sanger",4,COSN7693771,NA,NA,FALSE,0.2135,NA,19,70,NA,NA,NA,Intron,FALSE,FALSE,FALSE,FALSE,4,2,2,2_2,d4907a1b-8b06-47c5-8bca-c781d9cddaf8,NA
6,149177255,149177255,1,snv_mnv,NA,NA,"broad,dkfz,muse,sanger",4,COSN7693895,NA,AluSg,FALSE,0.2632,NA,20,56,NA,NA,NA,Intron,FALSE,FALSE,FALSE,FALSE,4,2,2,2_2,d4907a1b-8b06-47c5-8bca-c781d9cddaf8,NA
6,149270286,149270286,1,snv_mnv,NA,NA,"broad,dkfz,muse,sanger",4,COSN7693910,NA,AluSx1,FALSE,0.1667,NA,8,40,NA,NA,NA,Intron,FALSE,FALSE,FALSE,FALSE,4,2,2,2_2,d4907a1b-8b06-47c5-8bca-c781d9cddaf8,UST
6,149360633,149360633,1,snv_mnv,NA,NA,"broad,dkfz,muse,sanger",4,COSN7693928,NA,AluSp,FALSE,0.1892,NA,14,60,NA,NA,NA,Intron,FALSE,FALSE,TRUE,FALSE,4,2,2,2_2,d4907a1b-8b06-47c5-8bca-c781d9cddaf8,NA
6,150288137,150288137,1,snv_mnv,NA,NA,"broad,muse,sanger",3,COSN7694117,NA,MER58B,FALSE,0.1733,NA,13,62,NA,NA,NA,Intron,FALSE,FALSE,TRUE,FALSE,4,2,2,2_2,d4907a1b-8b06-47c5-8bca-c781d9cddaf8,NA
6,151074599,151074599,1,snv_mnv,NA,NA,"broad,dkfz,muse,sanger",4,COSN7694298,NA,NA,FALSE,0.1807,NA,15,68,NA,NA,NA,Intron,FALSE,FALSE,FALSE,FALSE,4,2,2,2_2,d4907a1b-8b06-47c5-8bca-c781d9cddaf8,NA
6,151390662,151390662,1,snv_mnv,NA,NA,"broad,dkfz,muse,sanger",4,COSN7694379,NA,NA,FALSE,0.2,NA,16,64,NA,NA,NA,Intron,FALSE,FALSE,FALSE,FALSE,4,2,2,2_2,d4907a1b-8b06-47c5-8bca-c781d9cddaf8,NA
6,152387095,152387095,1,snv_mnv,NA,NA,"broad,dkfz,muse,sanger",4,COSN7694660,NA,NA,FALSE,0.1176,NA,12,90,NA,NA,NA,Intron,FALSE,FALSE,FALSE,FALSE,4,2,2,2_2,d4907a1b-8b06-47c5-8bca-c781d9cddaf8,ESR1
6,152410750,152410750,1,snv_mnv,NA,NA,"broad,dkfz,muse,sanger",4,COSN7694671,NA,AluSx1,FALSE,0.1905,NA,16,68,NA,NA,NA,Intron,FALSE,FALSE,FALSE,FALSE,4,2,2,2_2,d4907a1b-8b06-47c5-8bca-c781d9cddaf8,NA
6,152957203,152957203,1,snv_mnv,NA,NA,"broad,dkfz,muse,sanger",4,COSN7694879,NA,NA,FALSE,0.2468,NA,19,58,NA,NA,NA,Intron,FALSE,FALSE,FALSE,FALSE,4,2,2,2_2,d4907a1b-8b06-47c5-8bca-c781d9cddaf8,NA
6,153041507,153041507,1,snv_mnv,NA,NA,"broad,dkfz,muse,sanger",4,COSN7694917,NA,MLT1H,FALSE,0.191,NA,17,72,NA,NA,NA,Intron,FALSE,FALSE,FALSE,FALSE,4,2,2,2_2,d4907a1b-8b06-47c5-8bca-c781d9cddaf8,NA
6,153167243,153167243,1,snv_mnv,NA,NA,"broad,dkfz,muse,sanger",4,COSN7694986,NA,L1MA7,FALSE,0.2561,NA,21,61,NA,NA,NA,IGR,FALSE,FALSE,FALSE,FALSE,4,2,2,2_2,d4907a1b-8b06-47c5-8bca-c781d9cddaf8,NA
6,153257139,153257139,1,snv_mnv,NA,NA,"broad,dkfz,muse,sanger",4,COSN7695023,NA,AluSc,FALSE,0.2,NA,12,48,NA,NA,NA,IGR,FALSE,FALSE,FALSE,FALSE,4,2,2,2_2,d4907a1b-8b06-47c5-8bca-c781d9cddaf8,NA
6,154159060,154159060,1,snv_mnv,NA,NA,"broad,dkfz,muse,sanger",4,COSN7695354,NA,AluSc5,FALSE,0.2453,NA,13,40,NA,NA,NA,IGR,FALSE,FALSE,FALSE,FALSE,4,2,2,2_2,d4907a1b-8b06-47c5-8bca-c781d9cddaf8,NA
6,154542540,154542540,1,snv_mnv,NA,NA,"broad,dkfz,muse,sanger",4,COSN7695478,NA,NA,FALSE,0.1481,NA,16,92,NA,NA,NA,Intron,FALSE,FALSE,FALSE,FALSE,4,2,2,2_2,d4907a1b-8b06-47c5-8bca-c781d9cddaf8,"IPCEF1,AL445220.1"
6,154774895,154774895,1,snv_mnv,NA,NA,"broad,dkfz,muse,sanger",4,COSN7695531,NA,NA,FALSE,0.2055,NA,15,58,NA,NA,NA,Intron,FALSE,FALSE,FALSE,FALSE,4,2,2,2_2,d4907a1b-8b06-47c5-8bca-c781d9cddaf8,NA
6,155264795,155264795,1,snv_mnv,NA,NA,"broad,dkfz,muse,sanger",4,COSN7695623,NA,MIRb,FALSE,0.2921,NA,26,63,NA,NA,NA,Intron,FALSE,FALSE,FALSE,FALSE,4,2,2,2_2,d4907a1b-8b06-47c5-8bca-c781d9cddaf8,NA
6,156703052,156703052,1,snv_mnv,NA,NA,"broad,dkfz,muse,sanger",4,COSN7695973,NA,NA,FALSE,0.2593,NA,21,60,NA,NA,NA,IGR,FALSE,FALSE,FALSE,FALSE,4,2,2,2_2,d4907a1b-8b06-47c5-8bca-c781d9cddaf8,SNORD28B
6,156745403,156745403,1,snv_mnv,NA,NA,"broad,dkfz,muse,sanger",4,COSN7695985,NA,L2a,FALSE,0.3056,NA,22,50,NA,NA,NA,IGR,FALSE,FALSE,FALSE,FALSE,4,2,2,2_2,d4907a1b-8b06-47c5-8bca-c781d9cddaf8,NA
6,157712080,157712080,1,snv_mnv,NA,NA,"broad,dkfz,muse,sanger",4,COSN7696189,NA,NA,FALSE,0.3488,NA,30,56,NA,NA,NA,3'UTR,FALSE,FALSE,FALSE,FALSE,4,2,2,2_2,d4907a1b-8b06-47c5-8bca-c781d9cddaf8,NA
6,158045676,158045676,1,snv_mnv,NA,NA,"broad,dkfz,muse,sanger",4,COSN7696257,NA,MIRb,FALSE,0.1481,NA,12,69,NA,NA,NA,Intron,FALSE,FALSE,FALSE,FALSE,4,2,2,2_2,d4907a1b-8b06-47c5-8bca-c781d9cddaf8,ZDHHC14
6,158058718,158058718,1,snv_mnv,NA,NA,"broad,dkfz,muse,sanger",4,COSN7696260,rs753248236,NA,FALSE,0.2588,NA,22,63,NA,NA,NA,Intron,FALSE,FALSE,FALSE,FALSE,4,2,2,2_2,d4907a1b-8b06-47c5-8bca-c781d9cddaf8,NA
6,158633748,158633748,1,snv_mnv,NA,NA,"broad,dkfz,muse,sanger",4,COSN7696380,NA,AluJb,FALSE,0.1538,NA,12,66,NA,NA,NA,IGR,FALSE,FALSE,FALSE,FALSE,4,2,2,2_2,d4907a1b-8b06-47c5-8bca-c781d9cddaf8,NA
6,159050536,159050536,1,snv_mnv,NA,NA,"broad,dkfz,muse,sanger",4,COSN7696455,NA,NA,FALSE,0.1127,NA,8,63,NA,NA,NA,Intron,FALSE,FALSE,FALSE,FALSE,4,2,2,2_2,d4907a1b-8b06-47c5-8bca-c781d9cddaf8,NA
6,159653246,159653246,1,snv_mnv,NA,NA,"broad,dkfz,muse,sanger",4,COSM3781615,NA,NA,FALSE,0.1719,NA,11,53,NA,NA,NA,Missense_Mutation,FALSE,FALSE,FALSE,FALSE,4,2,2,2_2,d4907a1b-8b06-47c5-8bca-c781d9cddaf8,NA
6,160107996,160107996,1,snv_mnv,NA,NA,"broad,dkfz,muse,sanger",4,COSN7696686,NA,NA,FALSE,0.3239,NA,23,48,NA,NA,NA,Intron,FALSE,FALSE,FALSE,FALSE,4,2,2,2_2,d4907a1b-8b06-47c5-8bca-c781d9cddaf8,SOD2
6,160839543,160839543,1,snv_mnv,NA,NA,"broad,dkfz,muse,sanger",4,COSN7696865,NA,MLT2B3,FALSE,0.2471,NA,21,64,NA,NA,NA,Intron,FALSE,FALSE,FALSE,FALSE,4,2,2,2_2,d4907a1b-8b06-47c5-8bca-c781d9cddaf8,NA
6,162092521,162092521,1,snv_mnv,NA,NA,"broad,dkfz,muse,sanger",4,COSN7697343,NA,Eulor8,FALSE,0.2247,NA,20,69,NA,NA,NA,Intron,FALSE,FALSE,TRUE,FALSE,4,2,2,2_2,d4907a1b-8b06-47c5-8bca-c781d9cddaf8,NA
6,162127750,162127750,1,snv_mnv,NA,NA,"broad,dkfz,muse,sanger",4,COSN7697358,NA,AluSz6,FALSE,0.2754,NA,19,50,NA,NA,NA,Intron,FALSE,FALSE,FALSE,FALSE,4,2,2,2_2,d4907a1b-8b06-47c5-8bca-c781d9cddaf8,NA
6,162282864,162282864,1,snv_mnv,NA,NA,"broad,dkfz,muse,sanger",4,COSN7697405,NA,NA,FALSE,0.1728,NA,14,67,NA,NA,NA,Intron,FALSE,FALSE,FALSE,FALSE,4,2,2,2_2,d4907a1b-8b06-47c5-8bca-c781d9cddaf8,NA
6,162433148,162433148,1,snv_mnv,1.9968e-4,rs536175850,"broad,dkfz,muse,sanger",4,COSN7697465,rs536175850,NA,FALSE,0.2644,NA,23,64,NA,NA,NA,Intron,FALSE,FALSE,FALSE,FALSE,4,2,2,2_2,d4907a1b-8b06-47c5-8bca-c781d9cddaf8,NA
6,162913499,162913499,1,snv_mnv,NA,NA,"broad,dkfz,muse,sanger",4,COSN7697674,NA,NA,FALSE,0.2297,NA,17,57,NA,NA,NA,Intron,FALSE,FALSE,FALSE,FALSE,4,2,2,2_2,d4907a1b-8b06-47c5-8bca-c781d9cddaf8,NA
6,163477314,163477314,1,snv_mnv,NA,NA,"broad,dkfz,muse,sanger",4,COSN7697909,NA,L1MB4,FALSE,0.2959,NA,29,69,NA,NA,NA,Intron,FALSE,FALSE,FALSE,FALSE,4,2,2,2_2,d4907a1b-8b06-47c5-8bca-c781d9cddaf8,"PACRG-AS2,PACRG"
6,163515682,163515682,1,snv_mnv,NA,NA,"broad,dkfz,muse,sanger",4,COSN7697925,NA,NA,FALSE,0.2717,NA,25,67,NA,NA,NA,Intron,FALSE,FALSE,FALSE,FALSE,4,2,2,2_2,d4907a1b-8b06-47c5-8bca-c781d9cddaf8,PACRG
6,163768227,163768227,1,snv_mnv,NA,NA,"broad,dkfz,muse,sanger",4,COSN7698055,NA,NA,FALSE,0.2436,NA,19,59,NA,NA,NA,IGR,FALSE,FALSE,FALSE,FALSE,4,2,2,2_2,d4907a1b-8b06-47c5-8bca-c781d9cddaf8,NA
6,164203874,164203874,1,snv_mnv,NA,NA,"broad,dkfz,muse,sanger",4,COSN7862820,NA,NA,FALSE,0.1923,NA,10,42,NA,NA,NA,IGR,FALSE,FALSE,FALSE,FALSE,4,2,2,2_2,d4907a1b-8b06-47c5-8bca-c781d9cddaf8,NA
6,164389791,164389791,1,snv_mnv,NA,NA,"broad,dkfz,muse,sanger",4,COSN7862930,NA,NA,FALSE,0.2235,NA,19,66,NA,NA,NA,IGR,FALSE,FALSE,FALSE,FALSE,4,2,2,2_2,d4907a1b-8b06-47c5-8bca-c781d9cddaf8,NA
6,164603968,164603968,1,snv_mnv,NA,NA,"broad,dkfz,muse,sanger",4,COSN7863095,NA,L2b,FALSE,0.274,NA,20,53,NA,NA,NA,IGR,FALSE,FALSE,FALSE,FALSE,4,2,2,2_2,d4907a1b-8b06-47c5-8bca-c781d9cddaf8,NA
6,164666765,164666765,1,snv_mnv,NA,NA,"broad,dkfz,muse,sanger",4,COSN7863131,NA,THE1D,FALSE,0.2889,NA,26,64,NA,NA,NA,IGR,FALSE,FALSE,FALSE,FALSE,4,2,2,2_2,d4907a1b-8b06-47c5-8bca-c781d9cddaf8,NA
6,165220861,165220861,1,snv_mnv,NA,NA,"broad,dkfz,muse,sanger",4,COSN7863483,NA,THE1D-int,FALSE,0.253,NA,21,62,NA,NA,NA,IGR,FALSE,FALSE,FALSE,FALSE,4,2,2,2_2,d4907a1b-8b06-47c5-8bca-c781d9cddaf8,NA
6,165516299,165516299,1,snv_mnv,NA,NA,"broad,dkfz,muse,sanger",4,COSN7863691,NA,LTR27B,FALSE,0.131,NA,11,73,NA,NA,NA,IGR,FALSE,FALSE,FALSE,FALSE,4,2,2,2_2,d4907a1b-8b06-47c5-8bca-c781d9cddaf8,NA
6,165747957,165747957,1,snv_mnv,NA,NA,"broad,dkfz,muse,sanger",4,COSN7863859,NA,NA,FALSE,0.1163,NA,5,38,NA,NA,NA,Intron,FALSE,FALSE,FALSE,FALSE,4,2,2,2_2,d4907a1b-8b06-47c5-8bca-c781d9cddaf8,NA
6,165747976,165747976,1,snv_mnv,NA,NA,"broad,dkfz,muse,sanger",4,COSN7863860,NA,NA,FALSE,0.0612,NA,3,46,NA,NA,NA,Intron,FALSE,FALSE,FALSE,FALSE,4,2,2,2_2,d4907a1b-8b06-47c5-8bca-c781d9cddaf8,NA
6,165884519,165884519,1,snv_mnv,NA,NA,"broad,dkfz,muse,sanger",4,COSN7863930,NA,L2,FALSE,0.1923,NA,15,63,NA,NA,NA,Intron,FALSE,FALSE,FALSE,FALSE,4,2,2,2_2,d4907a1b-8b06-47c5-8bca-c781d9cddaf8,NA
6,165938619,165938619,1,snv_mnv,NA,NA,"broad,dkfz,muse,sanger",4,COSN7863959,NA,HERVL-int,FALSE,0.2933,NA,22,53,NA,NA,NA,Intron,FALSE,FALSE,FALSE,FALSE,4,2,2,2_2,d4907a1b-8b06-47c5-8bca-c781d9cddaf8,NA
6,166048994,166048994,1,snv_mnv,NA,NA,"broad,dkfz,muse,sanger",4,COSN7864013,rs182106845,NA,FALSE,0.2209,NA,19,67,NA,NA,NA,Intron,FALSE,FALSE,FALSE,FALSE,4,2,2,2_2,d4907a1b-8b06-47c5-8bca-c781d9cddaf8,NA
6,166310401,166310401,1,snv_mnv,NA,NA,"broad,muse,sanger",3,COSN7864173,NA,AluSx,FALSE,0.1765,NA,12,56,NA,NA,NA,5'Flank,FALSE,FALSE,FALSE,FALSE,4,2,2,2_2,d4907a1b-8b06-47c5-8bca-c781d9cddaf8,NA
6,166465574,166465574,1,snv_mnv,NA,NA,"broad,dkfz,muse,sanger",4,COSN7864249,NA,L1ME1,FALSE,0.3333,NA,34,68,NA,NA,NA,IGR,FALSE,FALSE,FALSE,FALSE,4,2,2,2_2,d4907a1b-8b06-47c5-8bca-c781d9cddaf8,NA
6,166785142,166785142,1,snv_mnv,NA,NA,"broad,dkfz,muse,sanger",4,COSN7864367,NA,MER44A,FALSE,0.2907,NA,25,61,NA,NA,NA,Intron,FALSE,FALSE,FALSE,FALSE,4,2,2,2_2,d4907a1b-8b06-47c5-8bca-c781d9cddaf8,MPC1
6,166965823,166965823,1,snv_mnv,3.9936e-4,rs3799629,"broad,dkfz,muse,sanger",4,COSN17312090,rs3799629,NA,FALSE,0.3636,NA,24,42,NA,NA,NA,Intron,FALSE,FALSE,FALSE,FALSE,4,2,2,2_2,d4907a1b-8b06-47c5-8bca-c781d9cddaf8,NA
6,167213722,167213722,1,snv_mnv,NA,NA,"broad,dkfz,muse,sanger",4,COSN7864479,NA,NA,FALSE,0.3056,NA,22,50,NA,NA,NA,Intron,FALSE,FALSE,FALSE,FALSE,4,2,2,2_2,d4907a1b-8b06-47c5-8bca-c781d9cddaf8,NA
6,168459641,168459641,1,snv_mnv,NA,NA,"broad,dkfz,muse,sanger",4,COSN7864743,NA,NA,FALSE,0.3281,NA,21,43,NA,NA,NA,Intron,FALSE,FALSE,FALSE,FALSE,4,2,2,2_2,d4907a1b-8b06-47c5-8bca-c781d9cddaf8,FRMD1
6,168500485,168500485,1,snv_mnv,NA,NA,"broad,dkfz,muse,sanger",4,COSN7864751,NA,NA,FALSE,0.3735,NA,31,52,NA,NA,NA,IGR,FALSE,FALSE,FALSE,FALSE,4,2,2,2_2,d4907a1b-8b06-47c5-8bca-c781d9cddaf8,NA
6,169087717,169087717,1,snv_mnv,NA,NA,"broad,dkfz,muse,sanger",4,COSN7864940,rs376177541,NA,FALSE,0.1781,NA,13,60,NA,NA,NA,IGR,FALSE,FALSE,FALSE,FALSE,4,2,2,2_2,d4907a1b-8b06-47c5-8bca-c781d9cddaf8,NA
6,170046127,170046127,1,snv_mnv,NA,NA,"broad,dkfz,muse,sanger",4,COSN7865281,NA,NA,FALSE,0.2828,NA,28,71,NA,NA,NA,Intron,FALSE,FALSE,FALSE,FALSE,4,2,2,2_2,d4907a1b-8b06-47c5-8bca-c781d9cddaf8,WDR27
6,170136670,170136670,1,snv_mnv,NA,NA,"broad,dkfz,muse,sanger",4,COSN7865302,NA,L1PA8A,FALSE,0.234,NA,22,72,NA,NA,NA,RNA,FALSE,FALSE,FALSE,FALSE,4,2,2,2_2,d4907a1b-8b06-47c5-8bca-c781d9cddaf8,TCTE3
6,170365588,170365588,1,snv_mnv,NA,NA,"broad,dkfz,muse,sanger",4,COSN7865363,NA,NA,FALSE,0.1587,NA,10,53,NA,NA,NA,IGR,FALSE,FALSE,FALSE,FALSE,4,2,2,2_2,d4907a1b-8b06-47c5-8bca-c781d9cddaf8,NA
6,170703971,170703971,1,snv_mnv,NA,NA,"broad,dkfz,muse,sanger",4,COSN7865469,NA,NA,FALSE,0.2667,NA,16,44,NA,NA,NA,Intron,FALSE,FALSE,FALSE,FALSE,4,2,2,2_2,d4907a1b-8b06-47c5-8bca-c781d9cddaf8,NA
6,170764618,170764618,1,snv_mnv,0.0015974,rs531810369,"broad,dkfz,muse,sanger",4,COSN7865478,rs531810369,NA,FALSE,0.2903,NA,18,44,NA,NA,NA,IGR,FALSE,FALSE,FALSE,FALSE,4,2,2,2_2,d4907a1b-8b06-47c5-8bca-c781d9cddaf8,NA
7,474615,474615,1,snv_mnv,NA,NA,"broad,muse,sanger",3,COSN8024445,NA,NA,FALSE,0.1719,NA,11,53,NA,NA,NA,IGR,FALSE,FALSE,TRUE,FALSE,4,2,2,2_2,d4907a1b-8b06-47c5-8bca-c781d9cddaf8,NA
7,1001478,1001478,1,snv_mnv,NA,NA,"broad,dkfz,muse,sanger",4,COSN7917109,NA,NA,FALSE,0.3478,NA,24,45,NA,NA,NA,IGR,FALSE,FALSE,FALSE,FALSE,4,2,2,2_2,d4907a1b-8b06-47c5-8bca-c781d9cddaf8,COX19
7,1181640,1181640,1,snv_mnv,NA,NA,"broad,dkfz,muse,sanger",4,COSN7954283,NA,NA,FALSE,0.1489,NA,14,80,NA,NA,NA,IGR,FALSE,FALSE,FALSE,FALSE,4,2,2,2_2,d4907a1b-8b06-47c5-8bca-c781d9cddaf8,C7orf50
7,1577734,1577734,1,snv_mnv,NA,NA,"broad,dkfz,muse,sanger",4,COSN7971685,NA,NA,FALSE,0.3529,NA,18,33,NA,NA,NA,Intron,FALSE,FALSE,FALSE,FALSE,4,2,2,2_2,d4907a1b-8b06-47c5-8bca-c781d9cddaf8,"TMEM184A,MAFK"
7,2931035,2931035,1,snv_mnv,NA,NA,"broad,dkfz,muse,sanger",4,COSN7976909,NA,AluJo,FALSE,0.3077,NA,20,45,NA,NA,NA,IGR,FALSE,FALSE,FALSE,FALSE,4,2,2,2_2,d4907a1b-8b06-47c5-8bca-c781d9cddaf8,NA
7,3269997,3269997,1,snv_mnv,NA,NA,"broad,dkfz,muse,sanger",4,COSN7977953,NA,MLT1C,FALSE,0.1935,NA,18,75,NA,NA,NA,IGR,FALSE,FALSE,FALSE,FALSE,4,2,2,2_2,d4907a1b-8b06-47c5-8bca-c781d9cddaf8,NA
7,3628927,3628927,1,snv_mnv,3.9936e-4,rs575305700,"broad,dkfz,muse,sanger",4,COSN7979207,rs575305700,NA,FALSE,0.3875,NA,31,49,NA,NA,NA,Intron,FALSE,FALSE,FALSE,FALSE,4,2,2,2_2,d4907a1b-8b06-47c5-8bca-c781d9cddaf8,NA
7,6754046,6754046,1,snv_mnv,NA,NA,"broad,dkfz,muse,sanger",4,COSN8034933,NA,NA,FALSE,0.2152,NA,17,62,NA,NA,NA,RNA,FALSE,FALSE,FALSE,FALSE,4,2,2,2_2,d4907a1b-8b06-47c5-8bca-c781d9cddaf8,SPDYE20P
7,7329544,7329544,1,snv_mnv,NA,NA,"broad,dkfz,muse,sanger",4,COSN8039035,NA,AluY,FALSE,0.2188,NA,14,50,NA,NA,NA,IGR,FALSE,FALSE,FALSE,FALSE,4,2,2,2_2,d4907a1b-8b06-47c5-8bca-c781d9cddaf8,AC079448.1
7,8464051,8464051,1,snv_mnv,NA,NA,"broad,dkfz,muse,sanger",4,COSN8042947,NA,L1MA7,FALSE,0.2754,NA,19,50,NA,NA,NA,IGR,FALSE,FALSE,FALSE,FALSE,4,2,2,2_2,d4907a1b-8b06-47c5-8bca-c781d9cddaf8,NA
7,8777020,8777020,1,snv_mnv,NA,NA,"broad,dkfz,muse,sanger",4,COSN8044875,NA,L1PA7,FALSE,0.299,NA,29,68,NA,NA,NA,Intron,FALSE,FALSE,FALSE,FALSE,4,2,2,2_2,d4907a1b-8b06-47c5-8bca-c781d9cddaf8,NA
7,8954736,8954736,1,snv_mnv,NA,NA,"broad,dkfz,muse,sanger",4,COSN8045875,NA,L1M4,FALSE,0.1447,NA,11,65,NA,NA,NA,IGR,FALSE,FALSE,FALSE,FALSE,4,2,2,2_2,d4907a1b-8b06-47c5-8bca-c781d9cddaf8,NA
7,8956296,8956296,1,snv_mnv,NA,NA,"broad,dkfz,muse,sanger",4,COSN8045883,NA,L1M4,FALSE,0.1287,NA,13,88,NA,NA,NA,IGR,FALSE,FALSE,FALSE,FALSE,4,2,2,2_2,d4907a1b-8b06-47c5-8bca-c781d9cddaf8,NA
7,9017761,9017761,1,snv_mnv,NA,NA,"broad,dkfz,muse,sanger",4,COSN8046112,NA,AluYc,FALSE,0.2206,NA,15,53,NA,NA,NA,IGR,FALSE,FALSE,FALSE,FALSE,4,2,2,2_2,d4907a1b-8b06-47c5-8bca-c781d9cddaf8,NA
7,9023490,9023490,1,snv_mnv,NA,NA,"broad,dkfz,muse,sanger",4,COSN8046139,NA,NA,FALSE,0.299,NA,29,68,NA,NA,NA,IGR,FALSE,FALSE,FALSE,FALSE,4,2,2,2_2,d4907a1b-8b06-47c5-8bca-c781d9cddaf8,NA
7,9500855,9500855,1,snv_mnv,NA,NA,"broad,dkfz,muse,sanger",4,COSN8048266,NA,HERVH-int,FALSE,0.1471,NA,10,58,NA,NA,NA,IGR,FALSE,FALSE,FALSE,FALSE,4,2,2,2_2,d4907a1b-8b06-47c5-8bca-c781d9cddaf8,NA
7,9831570,9831570,1,snv_mnv,NA,NA,"broad,dkfz,muse,sanger",4,COSN8049721,NA,MLT1C,FALSE,0.2308,NA,18,60,NA,NA,NA,IGR,FALSE,FALSE,FALSE,FALSE,4,2,2,2_2,d4907a1b-8b06-47c5-8bca-c781d9cddaf8,NA
7,9933371,9933371,1,snv_mnv,NA,NA,"broad,dkfz,muse,sanger",4,COSN8050126,NA,L1MA2,FALSE,0.1619,NA,17,88,NA,NA,NA,IGR,FALSE,FALSE,FALSE,FALSE,4,2,2,2_2,d4907a1b-8b06-47c5-8bca-c781d9cddaf8,NA
7,10057052,10057052,1,snv_mnv,NA,NA,"broad,dkfz,muse,sanger",4,COSN7917250,NA,NA,FALSE,0.2404,NA,25,79,NA,NA,NA,IGR,FALSE,FALSE,TRUE,FALSE,4,2,2,2_2,d4907a1b-8b06-47c5-8bca-c781d9cddaf8,NA
7,10229844,10229844,1,snv_mnv,NA,NA,"broad,dkfz,muse,sanger",4,COSN7917797,NA,NA,FALSE,0.2889,NA,26,64,NA,NA,NA,IGR,FALSE,FALSE,FALSE,FALSE,4,2,2,2_2,d4907a1b-8b06-47c5-8bca-c781d9cddaf8,NA
7,10280111,10280111,1,snv_mnv,NA,NA,"broad,dkfz,muse,sanger",4,COSN7917961,NA,NA,FALSE,0.2315,NA,25,83,NA,NA,NA,IGR,FALSE,FALSE,FALSE,FALSE,4,2,2,2_2,d4907a1b-8b06-47c5-8bca-c781d9cddaf8,NA
7,10509421,10509421,1,snv_mnv,NA,NA,"broad,dkfz,muse,sanger",4,COSN16611591,rs759969319,NA,FALSE,0.3133,NA,26,57,NA,NA,NA,IGR,FALSE,FALSE,FALSE,FALSE,4,2,2,2_2,d4907a1b-8b06-47c5-8bca-c781d9cddaf8,NA
7,10648593,10648593,1,snv_mnv,9.984e-4,rs188229287,"broad,dkfz,muse,sanger",4,COSN7919326,rs188229287,L2,FALSE,0.2845,NA,33,83,NA,NA,NA,IGR,FALSE,FALSE,FALSE,FALSE,4,2,2,2_2,d4907a1b-8b06-47c5-8bca-c781d9cddaf8,NA
7,10679565,10679565,1,snv_mnv,NA,NA,"broad,dkfz,muse,sanger",4,COSN7919458,NA,NA,FALSE,0.3131,NA,31,68,NA,NA,NA,IGR,FALSE,FALSE,FALSE,FALSE,4,2,2,2_2,d4907a1b-8b06-47c5-8bca-c781d9cddaf8,NA
7,10795787,10795787,1,snv_mnv,1.9968e-4,rs140517526,"broad,dkfz,muse,sanger",4,COSN7919845,rs140517526,NA,FALSE,0.3108,NA,23,51,NA,NA,NA,IGR,FALSE,FALSE,FALSE,FALSE,4,2,2,2_2,d4907a1b-8b06-47c5-8bca-c781d9cddaf8,NA
7,10951995,10951995,1,snv_mnv,NA,NA,"broad,dkfz,muse,sanger",4,COSN7920860,NA,L2c,FALSE,0.1928,NA,16,67,NA,NA,NA,IGR,FALSE,FALSE,FALSE,FALSE,4,2,2,2_2,d4907a1b-8b06-47c5-8bca-c781d9cddaf8,NA
7,11632590,11632590,1,snv_mnv,NA,NA,"broad,dkfz,muse,sanger",4,COSN7953651,NA,MER58A,FALSE,0.2644,NA,23,64,NA,NA,NA,Intron,FALSE,FALSE,FALSE,FALSE,4,2,2,2_2,d4907a1b-8b06-47c5-8bca-c781d9cddaf8,NA
7,12135148,12135148,1,snv_mnv,NA,NA,"broad,dkfz,muse,sanger",4,COSN7956278,NA,NA,FALSE,0.0926,NA,10,98,NA,NA,NA,IGR,FALSE,FALSE,FALSE,FALSE,4,2,2,2_2,d4907a1b-8b06-47c5-8bca-c781d9cddaf8,NA
7,13021828,13021828,1,snv_mnv,NA,NA,"broad,dkfz,muse,sanger",4,COSN7959971,NA,MER57F,FALSE,0.3011,NA,28,65,NA,NA,NA,IGR,FALSE,FALSE,FALSE,FALSE,4,2,2,2_2,d4907a1b-8b06-47c5-8bca-c781d9cddaf8,NA
7,13425156,13425156,1,snv_mnv,NA,NA,"broad,dkfz,muse,sanger",4,COSN7961365,NA,NA,FALSE,0.2647,NA,27,75,NA,NA,NA,IGR,FALSE,FALSE,TRUE,FALSE,4,2,2,2_2,d4907a1b-8b06-47c5-8bca-c781d9cddaf8,NA
7,13767113,13767113,1,snv_mnv,NA,NA,"broad,dkfz,muse,sanger",4,COSN7963230,NA,NA,FALSE,0.3243,NA,24,50,NA,NA,NA,IGR,FALSE,FALSE,FALSE,FALSE,4,2,2,2_2,d4907a1b-8b06-47c5-8bca-c781d9cddaf8,NA
7,14162664,14162664,1,snv_mnv,NA,NA,"broad,dkfz,muse,sanger",4,COSN7964445,NA,NA,FALSE,0.1429,NA,13,78,NA,NA,NA,IGR,FALSE,FALSE,FALSE,FALSE,4,2,2,2_2,d4907a1b-8b06-47c5-8bca-c781d9cddaf8,NA
7,14164455,14164455,1,snv_mnv,NA,NA,"broad,dkfz,muse,sanger",4,COSN7964453,NA,NA,FALSE,0.2407,NA,26,82,NA,NA,NA,IGR,FALSE,FALSE,FALSE,FALSE,4,2,2,2_2,d4907a1b-8b06-47c5-8bca-c781d9cddaf8,NA
7,14286543,14286543,1,snv_mnv,NA,NA,"broad,dkfz,muse,sanger",4,COSN7964841,NA,L1MA9,FALSE,0.1304,NA,12,80,NA,NA,NA,Intron,FALSE,FALSE,FALSE,FALSE,4,2,2,2_2,d4907a1b-8b06-47c5-8bca-c781d9cddaf8,NA
7,14369011,14369011,1,snv_mnv,NA,NA,"broad,dkfz,muse,sanger",4,COSN7965009,NA,NA,FALSE,0.1111,NA,11,88,NA,NA,NA,Intron,FALSE,FALSE,FALSE,FALSE,4,2,2,2_2,d4907a1b-8b06-47c5-8bca-c781d9cddaf8,NA
7,14739466,14739466,1,snv_mnv,NA,NA,"broad,dkfz,muse,sanger",4,COSN7967446,NA,NA,FALSE,0.119,NA,10,74,NA,NA,NA,Intron,FALSE,FALSE,FALSE,FALSE,4,2,2,2_2,d4907a1b-8b06-47c5-8bca-c781d9cddaf8,NA
7,16277158,16277158,1,snv_mnv,NA,NA,"broad,dkfz,muse,sanger",4,COSN7972353,NA,MLT1A0,FALSE,0.3371,NA,30,59,NA,NA,NA,Intron,FALSE,FALSE,FALSE,FALSE,4,2,2,2_2,d4907a1b-8b06-47c5-8bca-c781d9cddaf8,ISPD-AS1
7,17103511,17103511,1,snv_mnv,NA,NA,"broad,dkfz,muse,sanger",4,COSN7972572,NA,MIR,FALSE,0.2935,NA,27,65,NA,NA,NA,IGR,FALSE,FALSE,FALSE,FALSE,4,2,2,2_2,d4907a1b-8b06-47c5-8bca-c781d9cddaf8,NA
7,18414831,18414831,1,snv_mnv,NA,NA,"broad,dkfz,muse,sanger",4,COSN7972947,NA,AluSx,FALSE,0.3494,NA,29,54,NA,NA,NA,Intron,FALSE,FALSE,FALSE,FALSE,4,2,2,2_2,d4907a1b-8b06-47c5-8bca-c781d9cddaf8,NA
7,19359314,19359314,1,snv_mnv,NA,NA,"broad,dkfz,muse,sanger",4,COSN7973511,rs768122857,Tigger4,FALSE,0.2979,NA,28,66,NA,NA,NA,IGR,FALSE,FALSE,FALSE,FALSE,4,2,2,2_2,d4907a1b-8b06-47c5-8bca-c781d9cddaf8,NA
7,21021199,21021199,1,snv_mnv,3.9936e-4,rs565740626,"broad,dkfz,muse,sanger",4,COSN15831691,rs565740626,NA,FALSE,0.1864,NA,11,48,NA,NA,NA,lincRNA,FALSE,FALSE,FALSE,FALSE,4,2,2,2_2,d4907a1b-8b06-47c5-8bca-c781d9cddaf8,NA
7,21672422,21672422,1,snv_mnv,NA,NA,"broad,dkfz,muse,sanger",4,COSN7974497,NA,THE1B-int,FALSE,0.2857,NA,24,60,NA,NA,NA,Intron,FALSE,FALSE,FALSE,FALSE,4,2,2,2_2,d4907a1b-8b06-47c5-8bca-c781d9cddaf8,NA
7,22884254,22884254,1,snv_mnv,NA,NA,"broad,dkfz,muse,sanger",4,COSN7974930,NA,MLT1B,FALSE,0.1618,NA,11,57,NA,NA,NA,IGR,FALSE,FALSE,FALSE,FALSE,4,2,2,2_2,d4907a1b-8b06-47c5-8bca-c781d9cddaf8,NA
7,23947861,23947861,1,snv_mnv,NA,NA,"broad,dkfz,muse,sanger",4,COSN7975269,NA,NA,FALSE,0.25,NA,23,69,NA,NA,NA,IGR,FALSE,FALSE,FALSE,FALSE,4,2,2,2_2,d4907a1b-8b06-47c5-8bca-c781d9cddaf8,NA
7,24412058,24412058,1,snv_mnv,NA,NA,"broad,dkfz,muse,sanger",4,COSN7975429,NA,NA,FALSE,0.1619,NA,17,88,NA,NA,NA,IGR,FALSE,FALSE,FALSE,FALSE,4,2,2,2_2,d4907a1b-8b06-47c5-8bca-c781d9cddaf8,NA
7,24511508,24511508,1,snv_mnv,NA,NA,"broad,dkfz,muse,sanger",4,COSN7975454,NA,L2a,FALSE,0.1081,NA,12,99,NA,NA,NA,IGR,FALSE,FALSE,FALSE,FALSE,4,2,2,2_2,d4907a1b-8b06-47c5-8bca-c781d9cddaf8,NA
7,25005249,25005249,1,snv_mnv,NA,NA,"broad,dkfz,muse,sanger",4,COSN7975585,NA,MER5A,FALSE,0.2375,NA,19,61,NA,NA,NA,Intron,FALSE,FALSE,FALSE,FALSE,4,2,2,2_2,d4907a1b-8b06-47c5-8bca-c781d9cddaf8,NA
7,25676884,25676884,1,snv_mnv,1.9968e-4,rs530998419,"broad,dkfz,muse,sanger",4,COSN9983634,rs530998419,NA,FALSE,0.1642,NA,11,56,NA,NA,NA,lincRNA,FALSE,FALSE,FALSE,FALSE,4,2,2,2_2,d4907a1b-8b06-47c5-8bca-c781d9cddaf8,NA
7,26484949,26484949,1,snv_mnv,NA,NA,"broad,dkfz,muse,sanger",4,COSN7976113,NA,NA,FALSE,0.3385,NA,22,43,NA,NA,NA,lincRNA,FALSE,FALSE,FALSE,FALSE,4,2,2,2_2,d4907a1b-8b06-47c5-8bca-c781d9cddaf8,NA
7,27018211,27018211,1,snv_mnv,0.0025959,rs190867761,"broad,dkfz,muse,sanger",4,COSN7976288,rs190867761,AluJb,FALSE,0.2097,NA,13,49,NA,NA,NA,IGR,FALSE,FALSE,FALSE,FALSE,4,2,2,2_2,d4907a1b-8b06-47c5-8bca-c781d9cddaf8,HMGB3P20
7,27180937,27180937,1,snv_mnv,NA,NA,"broad,dkfz,muse,sanger",4,COSN7976343,NA,NA,FALSE,0.3333,NA,36,72,NA,NA,NA,3'UTR,FALSE,FALSE,FALSE,FALSE,4,2,2,2_2,d4907a1b-8b06-47c5-8bca-c781d9cddaf8,"HOXA3,HOXA6,HOXA5"
7,27696235,27696235,1,snv_mnv,NA,NA,"broad,dkfz,muse,sanger",4,COSN7976471,NA,NA,FALSE,0.3293,NA,27,55,NA,NA,NA,Intron,FALSE,FALSE,FALSE,FALSE,4,2,2,2_2,d4907a1b-8b06-47c5-8bca-c781d9cddaf8,NA
7,27948306,27948306,1,snv_mnv,NA,NA,"broad,dkfz,muse,sanger",4,COSN7976532,NA,LTR54,FALSE,0.2824,NA,24,61,NA,NA,NA,Intron,FALSE,FALSE,FALSE,FALSE,4,2,2,2_2,d4907a1b-8b06-47c5-8bca-c781d9cddaf8,NA
7,28039504,28039504,1,snv_mnv,NA,NA,"broad,dkfz,muse,sanger",4,COSN7976557,NA,NA,FALSE,0.1429,NA,14,84,NA,NA,NA,Intron,FALSE,FALSE,FALSE,FALSE,4,2,2,2_2,d4907a1b-8b06-47c5-8bca-c781d9cddaf8,NA
7,30704637,30704637,1,snv_mnv,NA,NA,"broad,dkfz,muse,sanger",4,COSN7977247,rs746826366,NA,FALSE,0.2885,NA,15,37,NA,NA,NA,Intron,FALSE,FALSE,FALSE,FALSE,4,2,2,2_2,d4907a1b-8b06-47c5-8bca-c781d9cddaf8,NA
7,31180221,31180221,1,snv_mnv,NA,NA,"broad,dkfz,muse,sanger",4,COSN7977383,NA,L1MA2,FALSE,0.1205,NA,10,73,NA,NA,NA,IGR,FALSE,FALSE,FALSE,FALSE,4,2,2,2_2,d4907a1b-8b06-47c5-8bca-c781d9cddaf8,NA
7,31324252,31324252,1,snv_mnv,NA,NA,"broad,dkfz,muse,sanger",4,COSN7977453,NA,NA,FALSE,0.2755,NA,27,71,NA,NA,NA,IGR,FALSE,FALSE,FALSE,FALSE,4,2,2,2_2,d4907a1b-8b06-47c5-8bca-c781d9cddaf8,NA
7,32080503,32080503,1,snv_mnv,NA,NA,"broad,dkfz,muse,sanger",4,COSN7977709,NA,NA,FALSE,0.3086,NA,25,56,NA,NA,NA,Intron,FALSE,FALSE,FALSE,FALSE,4,2,2,2_2,d4907a1b-8b06-47c5-8bca-c781d9cddaf8,NA
7,33513124,33513124,1,snv_mnv,NA,NA,"broad,dkfz,muse,sanger",4,COSN7978170,NA,AluSx1,FALSE,0.3265,NA,16,33,NA,NA,NA,Intron,FALSE,FALSE,FALSE,FALSE,4,2,2,2_2,d4907a1b-8b06-47c5-8bca-c781d9cddaf8,NA
7,33629014,33629014,1,snv_mnv,NA,NA,"broad,dkfz,muse,sanger",4,COSN7978206,NA,MER44B,FALSE,0.1771,NA,17,79,NA,NA,NA,Intron,FALSE,FALSE,FALSE,FALSE,4,2,2,2_2,d4907a1b-8b06-47c5-8bca-c781d9cddaf8,NA
7,34121516,34121516,1,snv_mnv,NA,NA,"broad,dkfz,muse,sanger",4,COSN7978393,NA,NA,FALSE,0.2917,NA,28,68,NA,NA,NA,Intron,FALSE,FALSE,FALSE,FALSE,4,2,2,2_2,d4907a1b-8b06-47c5-8bca-c781d9cddaf8,NA
7,35537733,35537733,1,snv_mnv,NA,NA,"broad,dkfz,muse,sanger",4,COSN7979009,rs578192287,AluJr4,FALSE,0.1183,NA,11,82,NA,NA,NA,lincRNA,FALSE,FALSE,FALSE,FALSE,4,2,2,2_2,d4907a1b-8b06-47c5-8bca-c781d9cddaf8,NA
7,36577042,36577042,1,snv_mnv,NA,NA,"broad,dkfz,muse,sanger",4,COSN7979280,NA,MER20,FALSE,0.2464,NA,17,52,NA,NA,NA,Intron,FALSE,FALSE,FALSE,FALSE,4,2,2,2_2,d4907a1b-8b06-47c5-8bca-c781d9cddaf8,AOAH
7,36632250,36632250,1,snv_mnv,NA,NA,"broad,dkfz,muse,sanger",4,COSN7979293,NA,MIRb,FALSE,0.2895,NA,22,54,NA,NA,NA,Intron,FALSE,FALSE,FALSE,FALSE,4,2,2,2_2,d4907a1b-8b06-47c5-8bca-c781d9cddaf8,NA
7,37201777,37201777,1,snv_mnv,NA,NA,"broad,dkfz,muse,sanger",4,COSN7979509,NA,NA,FALSE,0.2892,NA,24,59,NA,NA,NA,Intron,FALSE,FALSE,FALSE,FALSE,4,2,2,2_2,d4907a1b-8b06-47c5-8bca-c781d9cddaf8,NA
7,37935024,37935024,1,snv_mnv,NA,NA,"broad,dkfz,muse,sanger",4,COSN7980001,NA,MIRb,FALSE,0.1143,NA,12,93,NA,NA,NA,Intron,FALSE,FALSE,FALSE,FALSE,4,2,2,2_2,d4907a1b-8b06-47c5-8bca-c781d9cddaf8,NME8
7,38366896,38366896,1,snv_mnv,NA,NA,"broad,dkfz,muse,sanger",4,COSN7980196,rs781176819,NA,FALSE,0.2208,NA,17,60,NA,NA,NA,lincRNA,FALSE,FALSE,FALSE,FALSE,4,2,2,2_2,d4907a1b-8b06-47c5-8bca-c781d9cddaf8,"TRGVA,TRGV8"
7,39110638,39110638,1,snv_mnv,NA,NA,"broad,dkfz,muse,sanger",4,COSN7980593,NA,MER1A,FALSE,0.1034,NA,9,78,NA,NA,NA,Intron,FALSE,FALSE,FALSE,FALSE,4,2,2,2_2,d4907a1b-8b06-47c5-8bca-c781d9cddaf8,NA
7,39174448,39174448,1,snv_mnv,1.9968e-4,rs568024347,"broad,dkfz,muse,sanger",4,COSN7980623,rs568024347,MER5B,FALSE,0.2796,NA,26,67,NA,NA,NA,Intron,FALSE,FALSE,FALSE,FALSE,4,2,2,2_2,d4907a1b-8b06-47c5-8bca-c781d9cddaf8,POU6F2
7,39234617,39234617,1,snv_mnv,NA,NA,"broad,dkfz,muse,sanger",4,COSN7980654,rs376807615,LTR12_,FALSE,0.1429,NA,10,60,NA,NA,NA,Intron,FALSE,FALSE,FALSE,FALSE,4,2,2,2_2,d4907a1b-8b06-47c5-8bca-c781d9cddaf8,NA
7,40223548,40223548,1,snv_mnv,NA,NA,"broad,dkfz,muse,sanger",4,COSN7980999,NA,AluSq2,FALSE,0.1343,NA,9,58,NA,NA,NA,Intron,FALSE,FALSE,FALSE,FALSE,4,2,2,2_2,d4907a1b-8b06-47c5-8bca-c781d9cddaf8,NA
7,40576808,40576808,1,snv_mnv,NA,NA,"broad,dkfz,muse,sanger",4,COSN7981244,NA,NA,FALSE,0.3099,NA,22,49,NA,NA,NA,Intron,FALSE,FALSE,FALSE,FALSE,4,2,2,2_2,d4907a1b-8b06-47c5-8bca-c781d9cddaf8,AC004988.1
7,40601602,40601602,1,snv_mnv,NA,NA,"broad,dkfz,muse,sanger",4,COSN7981268,NA,NA,FALSE,0.2069,NA,6,23,NA,NA,NA,Intron,FALSE,FALSE,FALSE,FALSE,4,2,2,2_2,d4907a1b-8b06-47c5-8bca-c781d9cddaf8,NA
7,40948121,40948121,1,snv_mnv,5.9904e-4,rs181695808,"broad,dkfz,muse,sanger",4,COSN7981523,rs181695808,L1M5,FALSE,0.2209,NA,19,67,NA,NA,NA,IGR,FALSE,FALSE,FALSE,FALSE,4,2,2,2_2,d4907a1b-8b06-47c5-8bca-c781d9cddaf8,NA
7,41362332,41362332,1,snv_mnv,NA,NA,"broad,dkfz,muse,sanger",4,COSN7981889,NA,NA,FALSE,0.3038,NA,24,55,NA,NA,NA,IGR,FALSE,FALSE,FALSE,FALSE,4,2,2,2_2,d4907a1b-8b06-47c5-8bca-c781d9cddaf8,NA
7,41851841,41851841,1,snv_mnv,NA,NA,"broad,dkfz,muse,sanger",4,COSN8021716,NA,NA,FALSE,0.1193,NA,13,96,NA,NA,NA,IGR,FALSE,FALSE,FALSE,FALSE,4,2,2,2_2,d4907a1b-8b06-47c5-8bca-c781d9cddaf8,NA
7,42002382,42002382,1,snv_mnv,NA,NA,"broad,dkfz,muse,sanger",4,COSN8021860,NA,NA,FALSE,0.2892,NA,24,59,NA,NA,NA,3'UTR,FALSE,FALSE,FALSE,FALSE,4,2,2,2_2,d4907a1b-8b06-47c5-8bca-c781d9cddaf8,GLI3
7,42026463,42026463,1,snv_mnv,NA,NA,"broad,dkfz,muse,sanger",4,COSN8021877,NA,NA,FALSE,0.2963,NA,24,57,NA,NA,NA,Intron,FALSE,FALSE,FALSE,FALSE,4,2,2,2_2,d4907a1b-8b06-47c5-8bca-c781d9cddaf8,NA
7,42062266,42062266,1,snv_mnv,NA,NA,"broad,dkfz,muse,sanger",4,COSN8021908,NA,NA,FALSE,0.322,NA,19,40,NA,NA,NA,Intron,FALSE,FALSE,FALSE,FALSE,4,2,2,2_2,d4907a1b-8b06-47c5-8bca-c781d9cddaf8,NA
7,42507836,42507836,1,snv_mnv,NA,NA,"broad,dkfz,muse,sanger",4,COSN8022337,NA,NA,FALSE,0.3608,NA,35,62,NA,NA,NA,IGR,FALSE,FALSE,FALSE,FALSE,4,2,2,2_2,d4907a1b-8b06-47c5-8bca-c781d9cddaf8,NA
7,42552038,42552038,1,snv_mnv,NA,NA,"broad,dkfz,muse,sanger",4,COSN8022380,NA,NA,FALSE,0.268,NA,26,71,NA,NA,NA,IGR,FALSE,FALSE,FALSE,FALSE,4,2,2,2_2,d4907a1b-8b06-47c5-8bca-c781d9cddaf8,NA
7,42638045,42638045,1,snv_mnv,NA,NA,"broad,dkfz,muse,sanger",4,COSN8022466,NA,L2c,FALSE,0.2887,NA,28,69,NA,NA,NA,IGR,FALSE,FALSE,TRUE,FALSE,4,2,2,2_2,d4907a1b-8b06-47c5-8bca-c781d9cddaf8,NA
7,43008055,43008055,1,snv_mnv,NA,NA,"broad,dkfz,muse,sanger",4,COSN8022744,NA,AluSx,FALSE,0.1375,NA,11,69,NA,NA,NA,IGR,FALSE,FALSE,FALSE,FALSE,4,2,2,2_2,d4907a1b-8b06-47c5-8bca-c781d9cddaf8,AC005537.1
7,43256710,43256710,1,snv_mnv,NA,NA,"broad,dkfz,muse,sanger",4,COSN8022896,NA,NA,FALSE,0.1099,NA,10,81,NA,NA,NA,Intron,FALSE,FALSE,FALSE,FALSE,4,2,2,2_2,d4907a1b-8b06-47c5-8bca-c781d9cddaf8,NA
7,43335282,43335282,1,snv_mnv,NA,NA,"broad,dkfz,muse,sanger",4,COSN8022954,NA,NA,FALSE,0.1304,NA,9,60,NA,NA,NA,Intron,FALSE,FALSE,FALSE,FALSE,4,2,2,2_2,d4907a1b-8b06-47c5-8bca-c781d9cddaf8,NA
7,43542892,43542892,1,snv_mnv,NA,NA,"broad,dkfz,muse,sanger",4,COSN8023052,NA,NA,FALSE,0.3367,NA,33,65,NA,NA,NA,Intron,FALSE,FALSE,FALSE,FALSE,4,2,2,2_2,d4907a1b-8b06-47c5-8bca-c781d9cddaf8,NA
7,43781697,43781697,1,snv_mnv,NA,NA,"broad,dkfz,muse,sanger",4,COSN8023131,NA,AluSx3,FALSE,0.2,NA,14,56,NA,NA,NA,IGR,FALSE,FALSE,FALSE,FALSE,4,2,2,2_2,d4907a1b-8b06-47c5-8bca-c781d9cddaf8,NA
7,44834275,44834275,1,snv_mnv,NA,NA,"broad,dkfz,muse,sanger",4,COSN8023411,NA,MIRb,FALSE,0.2857,NA,20,50,NA,NA,NA,5'Flank,FALSE,FALSE,FALSE,FALSE,4,2,2,2_2,d4907a1b-8b06-47c5-8bca-c781d9cddaf8,PPIA
7,44834276,44834276,1,snv_mnv,NA,NA,"broad,dkfz,muse,sanger",4,COSN8023412,NA,MIRb,FALSE,0.2857,NA,20,50,NA,NA,NA,5'Flank,FALSE,FALSE,FALSE,FALSE,4,2,2,2_2,d4907a1b-8b06-47c5-8bca-c781d9cddaf8,PPIA
7,46102587,46102587,1,snv_mnv,NA,NA,"broad,dkfz,muse,sanger",4,COSN8023940,NA,NA,FALSE,0.3467,NA,26,49,NA,NA,NA,IGR,FALSE,FALSE,FALSE,FALSE,4,2,2,2_2,d4907a1b-8b06-47c5-8bca-c781d9cddaf8,NA
7,47076802,47076802,1,snv_mnv,NA,NA,"broad,dkfz,muse,sanger",4,COSN8024315,NA,NA,FALSE,0.3448,NA,30,57,NA,NA,NA,RNA,FALSE,FALSE,FALSE,FALSE,4,2,2,2_2,d4907a1b-8b06-47c5-8bca-c781d9cddaf8,NA
7,48664098,48664098,1,snv_mnv,NA,NA,"broad,dkfz,muse,sanger",4,COSN8024882,NA,NA,FALSE,0.093,NA,8,78,NA,NA,NA,Intron,FALSE,FALSE,FALSE,FALSE,4,2,2,2_2,d4907a1b-8b06-47c5-8bca-c781d9cddaf8,NA
7,48843659,48843659,1,snv_mnv,NA,NA,"broad,dkfz,muse,sanger",4,COSN8024982,NA,L1MCb,FALSE,0.2079,NA,21,80,NA,NA,NA,IGR,FALSE,FALSE,FALSE,FALSE,4,2,2,2_2,d4907a1b-8b06-47c5-8bca-c781d9cddaf8,NA
7,48948133,48948133,1,snv_mnv,NA,NA,"broad,dkfz,muse,sanger",4,COSN8025081,NA,NA,FALSE,0.2247,NA,20,69,NA,NA,NA,IGR,FALSE,FALSE,FALSE,FALSE,4,2,2,2_2,d4907a1b-8b06-47c5-8bca-c781d9cddaf8,GDI2P1
7,49199235,49199235,1,snv_mnv,NA,NA,"broad,dkfz,muse,sanger",4,COSN8025291,NA,NA,FALSE,0.1562,NA,15,81,NA,NA,NA,IGR,FALSE,FALSE,FALSE,FALSE,4,2,2,2_2,d4907a1b-8b06-47c5-8bca-c781d9cddaf8,NA
7,49281640,49281640,1,snv_mnv,NA,NA,"broad,dkfz,muse,sanger",4,COSN8025358,rs541820099,L2a,FALSE,0.0488,NA,4,78,NA,NA,NA,lincRNA,FALSE,FALSE,FALSE,FALSE,4,2,2,2_2,d4907a1b-8b06-47c5-8bca-c781d9cddaf8,NA
7,49289041,49289041,1,snv_mnv,NA,NA,"broad,dkfz,muse,sanger",4,COSN8025365,NA,L1M5,FALSE,0.2736,NA,29,77,NA,NA,NA,lincRNA,FALSE,FALSE,FALSE,FALSE,4,2,2,2_2,d4907a1b-8b06-47c5-8bca-c781d9cddaf8,NA
7,49392489,49392489,1,snv_mnv,NA,NA,"broad,dkfz,muse,sanger",4,COSN8025454,rs759885947,MER66-int,FALSE,0.2568,NA,19,55,NA,NA,NA,IGR,FALSE,FALSE,FALSE,FALSE,4,2,2,2_2,d4907a1b-8b06-47c5-8bca-c781d9cddaf8,NA
7,49650501,49650501,1,snv_mnv,3.9936e-4,rs575447702,"broad,dkfz,muse,sanger",4,COSN8025636,rs575447702,L1MC3,FALSE,0.3143,NA,33,72,NA,NA,NA,IGR,FALSE,FALSE,FALSE,FALSE,4,2,2,2_2,d4907a1b-8b06-47c5-8bca-c781d9cddaf8,NA
7,49705685,49705685,1,snv_mnv,3.9936e-4,rs370308570,"broad,dkfz,muse,sanger",4,COSN8025682,rs370308570,L1P1,FALSE,0.3023,NA,26,60,NA,NA,NA,IGR,FALSE,FALSE,FALSE,FALSE,4,2,2,2_2,d4907a1b-8b06-47c5-8bca-c781d9cddaf8,NA
7,49779760,49779760,1,snv_mnv,NA,NA,"broad,dkfz,muse,sanger",4,COSN8025738,NA,L1MD2,FALSE,0.2558,NA,22,64,NA,NA,NA,IGR,FALSE,FALSE,FALSE,FALSE,4,2,2,2_2,d4907a1b-8b06-47c5-8bca-c781d9cddaf8,NA
7,49804640,49804640,1,snv_mnv,NA,NA,"broad,dkfz,muse",3,COSN8025760,NA,L1MCa,FALSE,0.1321,NA,14,92,NA,NA,NA,IGR,FALSE,FALSE,FALSE,FALSE,4,2,2,2_2,d4907a1b-8b06-47c5-8bca-c781d9cddaf8,AC093775.1
7,50121443,50121443,1,snv_mnv,NA,NA,"broad,dkfz,muse,sanger",4,COSM3785718,rs769864652,NA,FALSE,0.1398,NA,13,80,NA,NA,NA,Silent,FALSE,FALSE,FALSE,FALSE,4,2,2,2_2,d4907a1b-8b06-47c5-8bca-c781d9cddaf8,ZPBP
7,50198869,50198869,1,snv_mnv,NA,NA,"broad,dkfz,muse,sanger",4,COSN8025984,NA,NA,FALSE,0.1733,NA,13,62,NA,NA,NA,3'UTR,FALSE,FALSE,FALSE,FALSE,4,2,2,2_2,d4907a1b-8b06-47c5-8bca-c781d9cddaf8,NA
7,51425553,51425553,1,snv_mnv,1.9968e-4,rs570811764,"broad,dkfz,muse,sanger",4,COSN8026330,rs570811764,AluSx,FALSE,0.2143,NA,15,55,NA,NA,NA,IGR,FALSE,FALSE,FALSE,FALSE,4,2,2,2_2,d4907a1b-8b06-47c5-8bca-c781d9cddaf8,NA
7,51586901,51586901,1,snv_mnv,NA,NA,"broad,dkfz,muse,sanger",4,COSN8026399,NA,NA,FALSE,0.2371,NA,23,74,NA,NA,NA,IGR,FALSE,FALSE,FALSE,FALSE,4,2,2,2_2,d4907a1b-8b06-47c5-8bca-c781d9cddaf8,NA
7,52176674,52176674,1,snv_mnv,NA,NA,"broad,muse",2,COSN8026657,NA,(CA)n,FALSE,0.0476,NA,2,40,NA,NA,NA,IGR,FALSE,FALSE,FALSE,FALSE,4,2,2,2_2,d4907a1b-8b06-47c5-8bca-c781d9cddaf8,NA
7,52444012,52444012,1,snv_mnv,NA,NA,"broad,dkfz,muse,sanger",4,COSN8026794,NA,ERV3-16A3_I-int,FALSE,0.268,NA,26,71,NA,NA,NA,IGR,FALSE,FALSE,FALSE,FALSE,4,2,2,2_2,d4907a1b-8b06-47c5-8bca-c781d9cddaf8,NA
7,53230891,53230891,1,snv_mnv,NA,NA,"broad,dkfz,muse,sanger",4,COSN8027465,NA,NA,FALSE,0.2603,NA,19,54,NA,NA,NA,IGR,FALSE,FALSE,FALSE,FALSE,4,2,2,2_2,d4907a1b-8b06-47c5-8bca-c781d9cddaf8,NA
7,53394342,53394342,1,snv_mnv,1.9968e-4,rs554470197,"broad,dkfz,muse,sanger",4,COSN8027656,rs554470197,LTR49,FALSE,0.1313,NA,13,86,NA,NA,NA,IGR,FALSE,FALSE,FALSE,FALSE,4,2,2,2_2,d4907a1b-8b06-47c5-8bca-c781d9cddaf8,NA
7,53446313,53446313,1,snv_mnv,NA,NA,"broad,dkfz,muse,sanger",4,COSN8027718,NA,NA,FALSE,0.3043,NA,28,64,NA,NA,NA,IGR,FALSE,FALSE,FALSE,FALSE,4,2,2,2_2,d4907a1b-8b06-47c5-8bca-c781d9cddaf8,NA
7,53481193,53481193,1,snv_mnv,NA,NA,"broad,dkfz,muse,sanger",4,COSN8027765,NA,L2,FALSE,0.1717,NA,17,82,NA,NA,NA,IGR,FALSE,FALSE,FALSE,FALSE,4,2,2,2_2,d4907a1b-8b06-47c5-8bca-c781d9cddaf8,NA
7,53883509,53883509,1,snv_mnv,NA,NA,"broad,dkfz,muse,sanger",4,COSN8028234,NA,MLT1E1A,FALSE,0.3,NA,21,49,NA,NA,NA,IGR,FALSE,FALSE,FALSE,FALSE,4,2,2,2_2,d4907a1b-8b06-47c5-8bca-c781d9cddaf8,LINC01446
7,53955041,53955041,1,snv_mnv,NA,NA,"broad,dkfz,muse,sanger",4,COSN8028316,NA,NA,FALSE,0.1204,NA,13,95,NA,NA,NA,IGR,FALSE,FALSE,FALSE,FALSE,4,2,2,2_2,d4907a1b-8b06-47c5-8bca-c781d9cddaf8,NA
7,53985022,53985022,1,snv_mnv,NA,NA,"broad,dkfz,muse,sanger",4,COSN8028346,NA,NA,FALSE,0.287,NA,31,77,NA,NA,NA,IGR,FALSE,FALSE,FALSE,FALSE,4,2,2,2_2,d4907a1b-8b06-47c5-8bca-c781d9cddaf8,NA
7,54233828,54233828,1,snv_mnv,NA,NA,"broad,dkfz,muse,sanger",4,COSN8028565,NA,MER4B-int,FALSE,0.2376,NA,24,77,NA,NA,NA,IGR,FALSE,FALSE,FALSE,FALSE,4,2,2,2_2,d4907a1b-8b06-47c5-8bca-c781d9cddaf8,NA
7,54276409,54276409,1,snv_mnv,NA,NA,"broad,dkfz,muse,sanger",4,COSN8028599,NA,AluSc8,FALSE,0.25,NA,15,45,NA,NA,NA,IGR,FALSE,FALSE,FALSE,FALSE,4,2,2,2_2,d4907a1b-8b06-47c5-8bca-c781d9cddaf8,NA
7,54588544,54588544,1,snv_mnv,NA,NA,"broad,dkfz,muse,sanger",4,COSN8028821,NA,L1M1,FALSE,0.2897,NA,31,76,NA,NA,NA,IGR,FALSE,FALSE,FALSE,FALSE,4,2,2,2_2,d4907a1b-8b06-47c5-8bca-c781d9cddaf8,NA
7,55929151,55929151,1,snv_mnv,NA,NA,"broad,dkfz,muse,sanger",4,COSN8029309,NA,AluSx1,FALSE,0.2157,NA,11,40,NA,NA,NA,Intron,FALSE,FALSE,FALSE,FALSE,4,2,2,2_2,d4907a1b-8b06-47c5-8bca-c781d9cddaf8,NA
7,57200628,57200628,1,snv_mnv,NA,NA,"broad,muse,sanger",3,COSN8030083,NA,AluSx4,FALSE,0.2674,NA,23,63,NA,NA,NA,Intron,FALSE,FALSE,FALSE,FALSE,4,2,2,2_2,d4907a1b-8b06-47c5-8bca-c781d9cddaf8,ZNF479
7,57343487,57343487,1,snv_mnv,NA,NA,"broad,dkfz,muse,sanger",4,COSN8030263,NA,NA,FALSE,0.1553,NA,16,87,NA,NA,NA,IGR,FALSE,FALSE,FALSE,FALSE,4,2,2,2_2,d4907a1b-8b06-47c5-8bca-c781d9cddaf8,AC099654.4
7,57357512,57357512,1,snv_mnv,NA,NA,"broad,dkfz,muse,sanger",4,COSN8030280,NA,MIRb,FALSE,0.1282,NA,10,68,NA,NA,NA,IGR,FALSE,FALSE,FALSE,FALSE,4,2,2,2_2,d4907a1b-8b06-47c5-8bca-c781d9cddaf8,NA
7,57395673,57395673,1,snv_mnv,NA,NA,"broad,muse,sanger",3,COSN8030317,NA,MIR,FALSE,0.1899,NA,15,64,NA,NA,NA,IGR,FALSE,FALSE,FALSE,FALSE,4,2,2,2_2,d4907a1b-8b06-47c5-8bca-c781d9cddaf8,NA
7,57423864,57423864,1,snv_mnv,NA,NA,"broad,muse,sanger",3,COSN8030347,NA,L1MC,FALSE,0.1584,NA,16,85,NA,NA,NA,IGR,FALSE,FALSE,FALSE,FALSE,4,2,2,2_2,d4907a1b-8b06-47c5-8bca-c781d9cddaf8,NA
7,57440702,57440702,1,snv_mnv,NA,NA,"broad,dkfz,muse,sanger",4,COSN8030373,NA,NA,FALSE,0.1846,NA,12,53,NA,NA,NA,IGR,FALSE,FALSE,FALSE,FALSE,4,2,2,2_2,d4907a1b-8b06-47c5-8bca-c781d9cddaf8,NA
7,57466630,57466630,1,snv_mnv,NA,NA,"broad,dkfz,muse,sanger",4,COSN8030407,NA,NA,FALSE,0.2,NA,14,56,NA,NA,NA,IGR,FALSE,FALSE,FALSE,FALSE,4,2,2,2_2,d4907a1b-8b06-47c5-8bca-c781d9cddaf8,AC237221.2
7,57513541,57513541,1,snv_mnv,1.9968e-4,rs533385951,"broad,dkfz,muse,sanger",4,COSN8030479,rs533385951,NA,FALSE,0.1143,NA,8,62,NA,NA,NA,Intron,FALSE,FALSE,FALSE,FALSE,4,2,2,2_2,d4907a1b-8b06-47c5-8bca-c781d9cddaf8,NA
7,57561086,57561086,1,snv_mnv,NA,NA,"broad,muse,sanger",3,COSN8030553,NA,MLT1F1-int,FALSE,0.1275,NA,13,89,NA,NA,NA,IGR,FALSE,FALSE,FALSE,FALSE,4,2,2,2_2,d4907a1b-8b06-47c5-8bca-c781d9cddaf8,NA
7,57593089,57593089,1,snv_mnv,NA,NA,"broad,muse,sanger",3,COSN8030581,NA,L2,FALSE,0.2174,NA,20,72,NA,NA,NA,IGR,FALSE,FALSE,FALSE,FALSE,4,2,2,2_2,d4907a1b-8b06-47c5-8bca-c781d9cddaf8,NA
7,62334720,62334720,1,snv_mnv,NA,NA,"broad,muse",2,COSN8032088,NA,ALR/Alpha,FALSE,0.1687,NA,14,69,NA,NA,NA,IGR,FALSE,FALSE,FALSE,FALSE,4,2,2,2_2,d4907a1b-8b06-47c5-8bca-c781d9cddaf8,NA
7,62388791,62388791,1,snv_mnv,NA,NA,"broad,muse",2,COSN8032152,NA,ALR/Alpha,FALSE,0.3011,NA,28,65,NA,NA,NA,IGR,FALSE,FALSE,FALSE,FALSE,4,2,2,2_2,d4907a1b-8b06-47c5-8bca-c781d9cddaf8,NA
7,63031610,63031610,1,snv_mnv,1.9968e-4,rs537352554,"broad,muse,sanger",3,COSN8032681,rs537352554,MLT1K,FALSE,0.1037,NA,14,121,NA,NA,NA,IGR,FALSE,FALSE,FALSE,FALSE,4,2,2,2_2,d4907a1b-8b06-47c5-8bca-c781d9cddaf8,NA
7,63034557,63034557,1,snv_mnv,NA,NA,"broad,muse,sanger",3,COSN8032687,NA,NA,FALSE,0.161,NA,19,99,NA,NA,NA,IGR,FALSE,FALSE,FALSE,FALSE,4,2,2,2_2,d4907a1b-8b06-47c5-8bca-c781d9cddaf8,NA
7,63327262,63327262,1,snv_mnv,1.9968e-4,rs572330118,"broad,muse,sanger",3,COSN8032880,rs572330118,L1M3d,FALSE,0.3333,NA,28,56,NA,NA,NA,IGR,FALSE,FALSE,FALSE,FALSE,4,2,2,2_2,d4907a1b-8b06-47c5-8bca-c781d9cddaf8,NA
7,63374340,63374340,1,snv_mnv,NA,NA,"broad,dkfz,muse,sanger",4,COSN8032925,NA,NA,FALSE,0.2264,NA,24,82,NA,NA,NA,lincRNA,FALSE,FALSE,FALSE,FALSE,4,2,2,2_2,d4907a1b-8b06-47c5-8bca-c781d9cddaf8,NMD3P1
7,63851622,63851622,1,snv_mnv,NA,NA,"broad,dkfz,muse,sanger",4,COSN8033334,NA,NA,FALSE,0.2609,NA,24,68,NA,NA,NA,IGR,FALSE,FALSE,FALSE,FALSE,4,2,2,2_2,d4907a1b-8b06-47c5-8bca-c781d9cddaf8,NA
7,64414276,64414276,1,snv_mnv,NA,NA,"broad,dkfz,muse,sanger",4,COSN8033615,NA,NA,FALSE,0.1622,NA,18,93,NA,NA,NA,IGR,FALSE,FALSE,FALSE,FALSE,4,2,2,2_2,d4907a1b-8b06-47c5-8bca-c781d9cddaf8,NA
7,65640746,65640746,1,snv_mnv,NA,NA,"broad,dkfz,muse,sanger",4,COSN8033973,NA,AluJb,FALSE,0.2419,NA,15,47,NA,NA,NA,IGR,FALSE,FALSE,FALSE,FALSE,4,2,2,2_2,d4907a1b-8b06-47c5-8bca-c781d9cddaf8,NA
7,67258228,67258228,1,snv_mnv,NA,NA,"broad,dkfz,muse,sanger",4,COSN8034652,NA,L2b,FALSE,0.1087,NA,10,82,NA,NA,NA,IGR,FALSE,FALSE,FALSE,FALSE,4,2,2,2_2,d4907a1b-8b06-47c5-8bca-c781d9cddaf8,NA
7,67563345,67563345,1,snv_mnv,NA,NA,"broad,dkfz,muse,sanger",4,COSN8034959,NA,NA,FALSE,0.3108,NA,23,51,NA,NA,NA,lincRNA,FALSE,FALSE,FALSE,FALSE,4,2,2,2_2,d4907a1b-8b06-47c5-8bca-c781d9cddaf8,MTCO1P57
7,67727420,67727420,1,snv_mnv,NA,NA,"broad,dkfz,muse,sanger",4,COSN8035136,NA,NA,FALSE,0.3421,NA,26,50,NA,NA,NA,lincRNA,FALSE,FALSE,FALSE,FALSE,4,2,2,2_2,d4907a1b-8b06-47c5-8bca-c781d9cddaf8,MTND4P3
7,67751282,67751282,1,snv_mnv,NA,NA,"broad,dkfz,muse,sanger",4,COSN8035159,NA,L1MA6,FALSE,0.129,NA,12,81,NA,NA,NA,lincRNA,FALSE,FALSE,TRUE,FALSE,4,2,2,2_2,d4907a1b-8b06-47c5-8bca-c781d9cddaf8,NA
7,67820059,67820059,1,snv_mnv,NA,NA,"broad,muse,sanger",3,COSN8035230,NA,AluSx,FALSE,0.25,NA,16,48,NA,NA,NA,IGR,FALSE,FALSE,TRUE,FALSE,4,2,2,2_2,d4907a1b-8b06-47c5-8bca-c781d9cddaf8,NA
7,67820060,67820060,1,snv_mnv,NA,NA,"broad,muse,sanger",3,COSN8035231,NA,AluSx,FALSE,0.2462,NA,16,49,NA,NA,NA,IGR,FALSE,FALSE,FALSE,FALSE,4,2,2,2_2,d4907a1b-8b06-47c5-8bca-c781d9cddaf8,NA
7,67872934,67872934,1,snv_mnv,NA,NA,"broad,muse",2,COSN8035294,NA,(TA)n,FALSE,0.3,NA,15,35,NA,NA,NA,IGR,FALSE,FALSE,TRUE,FALSE,4,2,2,2_2,d4907a1b-8b06-47c5-8bca-c781d9cddaf8,NA
7,68000907,68000907,1,snv_mnv,NA,NA,"broad,dkfz,muse,sanger",4,COSN8035434,NA,NA,FALSE,0.1081,NA,8,66,NA,NA,NA,IGR,FALSE,FALSE,FALSE,FALSE,4,2,2,2_2,d4907a1b-8b06-47c5-8bca-c781d9cddaf8,NA
7,68515231,68515231,1,snv_mnv,NA,NA,"broad,dkfz,muse,sanger",4,COSN8035972,NA,NA,FALSE,0.2,NA,15,60,NA,NA,NA,IGR,FALSE,FALSE,FALSE,FALSE,4,2,2,2_2,d4907a1b-8b06-47c5-8bca-c781d9cddaf8,AC104688.1
7,68645511,68645511,1,snv_mnv,NA,NA,"broad,muse,sanger",3,COSN8036127,NA,THE1C,FALSE,0.3377,NA,26,51,NA,NA,NA,IGR,FALSE,FALSE,FALSE,FALSE,4,2,2,2_2,d4907a1b-8b06-47c5-8bca-c781d9cddaf8,NA
7,68875711,68875711,1,snv_mnv,NA,NA,"broad,dkfz,muse,sanger",4,COSN8036368,NA,L2a,FALSE,0.2222,NA,16,56,NA,NA,NA,lincRNA,FALSE,FALSE,FALSE,FALSE,4,2,2,2_2,d4907a1b-8b06-47c5-8bca-c781d9cddaf8,NA
7,68970875,68970875,1,snv_mnv,NA,NA,"broad,dkfz,muse,sanger",4,COSN8036446,rs772334049,AluSq,FALSE,0.2687,NA,18,49,NA,NA,NA,RNA,FALSE,FALSE,FALSE,FALSE,4,2,2,2_2,d4907a1b-8b06-47c5-8bca-c781d9cddaf8,RF00019
7,68984225,68984225,1,snv_mnv,NA,NA,"broad,dkfz,muse,sanger",4,COSN8036458,NA,AluJr,FALSE,0.1348,NA,12,77,NA,NA,NA,IGR,FALSE,FALSE,FALSE,FALSE,4,2,2,2_2,d4907a1b-8b06-47c5-8bca-c781d9cddaf8,NA
7,69092377,69092377,1,snv_mnv,NA,NA,"broad,dkfz,muse,sanger",4,COSN8036544,NA,AluSp,FALSE,0.1765,NA,12,56,NA,NA,NA,Intron,FALSE,FALSE,FALSE,FALSE,4,2,2,2_2,d4907a1b-8b06-47c5-8bca-c781d9cddaf8,NA
7,69430484,69430484,1,snv_mnv,NA,NA,"broad,dkfz,muse,sanger",4,COSN8036753,NA,L2c,FALSE,0.2169,NA,18,65,NA,NA,NA,Intron,FALSE,FALSE,FALSE,FALSE,4,2,2,2_2,d4907a1b-8b06-47c5-8bca-c781d9cddaf8,NA
7,69867866,69867866,1,snv_mnv,NA,NA,"broad,dkfz,muse,sanger",4,COSN8037044,rs372366407,NA,FALSE,0.2289,NA,19,64,NA,NA,NA,Intron,FALSE,FALSE,FALSE,FALSE,4,2,2,2_2,d4907a1b-8b06-47c5-8bca-c781d9cddaf8,NA
7,70062333,70062333,1,snv_mnv,NA,NA,"broad,dkfz,muse,sanger",4,COSN8037147,NA,NA,FALSE,0.1529,NA,13,72,NA,NA,NA,Intron,FALSE,FALSE,FALSE,FALSE,4,2,2,2_2,d4907a1b-8b06-47c5-8bca-c781d9cddaf8,NA
7,70171327,70171327,1,snv_mnv,NA,NA,"broad,dkfz,muse,sanger",4,COSN8037199,NA,MLT1I,FALSE,0.1176,NA,10,75,NA,NA,NA,Intron,FALSE,FALSE,FALSE,FALSE,4,2,2,2_2,d4907a1b-8b06-47c5-8bca-c781d9cddaf8,NA
7,70593302,70593302,1,snv_mnv,NA,NA,"broad,dkfz,muse,sanger",4,COSN8037475,NA,L1PA16,FALSE,0.1719,NA,11,53,NA,NA,NA,IGR,FALSE,FALSE,FALSE,FALSE,4,2,2,2_2,d4907a1b-8b06-47c5-8bca-c781d9cddaf8,GALNT17
7,70596589,70596589,1,snv_mnv,NA,NA,"broad,dkfz,muse,sanger",4,COSN8037477,NA,NA,FALSE,0.2615,NA,17,48,NA,NA,NA,5'Flank,FALSE,FALSE,FALSE,FALSE,4,2,2,2_2,d4907a1b-8b06-47c5-8bca-c781d9cddaf8,GALNT17
7,70696020,70696020,1,snv_mnv,NA,NA,"broad,dkfz,muse,sanger",4,COSN8037572,NA,NA,FALSE,0.1461,NA,13,76,NA,NA,NA,Intron,FALSE,FALSE,FALSE,FALSE,4,2,2,2_2,d4907a1b-8b06-47c5-8bca-c781d9cddaf8,NA
7,71160245,71160245,1,snv_mnv,1.9968e-4,rs562175206,"broad,dkfz,muse,sanger",4,COSN8038063,rs562175206,NA,FALSE,0.1899,NA,15,64,NA,NA,NA,Intron,FALSE,FALSE,FALSE,FALSE,4,2,2,2_2,d4907a1b-8b06-47c5-8bca-c781d9cddaf8,NA
7,71200741,71200741,1,snv_mnv,NA,NA,"broad,dkfz,muse,sanger",4,COSN8038104,NA,NA,FALSE,0.1928,NA,16,67,NA,NA,NA,IGR,FALSE,FALSE,FALSE,FALSE,4,2,2,2_2,d4907a1b-8b06-47c5-8bca-c781d9cddaf8,NA
7,71736686,71736686,1,snv_mnv,NA,NA,"broad,muse,sanger",3,COSN8038547,NA,NA,FALSE,0.1489,NA,7,40,NA,NA,NA,Intron,FALSE,FALSE,FALSE,FALSE,4,2,2,2_2,d4907a1b-8b06-47c5-8bca-c781d9cddaf8,NA
7,72247180,72247180,1,snv_mnv,NA,NA,"broad,muse,sanger",3,COSN8038765,NA,AluJo,FALSE,0.3175,NA,20,43,NA,NA,NA,RNA,FALSE,FALSE,FALSE,FALSE,4,2,2,2_2,d4907a1b-8b06-47c5-8bca-c781d9cddaf8,NA
7,72778124,72778124,1,snv_mnv,NA,NA,"broad,dkfz,muse,sanger",4,COSN8038880,NA,NA,FALSE,0.1892,NA,14,60,NA,NA,NA,IGR,FALSE,FALSE,FALSE,FALSE,4,2,2,2_2,d4907a1b-8b06-47c5-8bca-c781d9cddaf8,NA
7,74075433,74075433,1,snv_mnv,NA,NA,"broad,dkfz,muse,sanger",4,COSN8039253,NA,NA,FALSE,0.1667,NA,9,45,NA,NA,NA,Intron,FALSE,FALSE,FALSE,FALSE,4,2,2,2_2,d4907a1b-8b06-47c5-8bca-c781d9cddaf8,NA
7,77343515,77343515,1,snv_mnv,NA,NA,"broad,dkfz,muse,sanger",4,COSN8039874,NA,L1ME4a,FALSE,0.1702,NA,16,78,NA,NA,NA,Intron,FALSE,FALSE,FALSE,FALSE,4,2,2,2_2,d4907a1b-8b06-47c5-8bca-c781d9cddaf8,NA
7,78324337,78324337,1,snv_mnv,NA,NA,"broad,dkfz,muse,sanger",4,COSN8040298,NA,AluSc8,FALSE,0.0923,NA,6,59,NA,NA,NA,Intron,FALSE,FALSE,FALSE,FALSE,4,2,2,2_2,d4907a1b-8b06-47c5-8bca-c781d9cddaf8,NA
7,78327434,78327434,1,snv_mnv,0.0029952,rs142381488,"broad,dkfz,muse,sanger",4,COSN8040301,rs142381488,NA,FALSE,0.1558,NA,12,65,NA,NA,NA,Intron,FALSE,FALSE,FALSE,FALSE,4,2,2,2_2,d4907a1b-8b06-47c5-8bca-c781d9cddaf8,NA
7,79943769,79943769,1,snv_mnv,NA,NA,"broad,dkfz,muse,sanger",4,COSN8041024,NA,HAL1,FALSE,0.2468,NA,19,58,NA,NA,NA,lincRNA,FALSE,FALSE,FALSE,FALSE,4,2,2,2_2,d4907a1b-8b06-47c5-8bca-c781d9cddaf8,"AC003988.1,RN7SL35P"
7,81168466,81168466,1,snv_mnv,NA,NA,"broad,dkfz,muse,sanger",4,COSN8041396,NA,AluY,FALSE,0.3191,NA,15,32,NA,NA,NA,lincRNA,FALSE,FALSE,FALSE,FALSE,4,2,2,2_2,d4907a1b-8b06-47c5-8bca-c781d9cddaf8,NA
7,81417970,81417970,1,snv_mnv,NA,NA,"broad,dkfz,muse,sanger",4,COSN8041490,NA,MIRb,FALSE,0.1364,NA,12,76,NA,NA,NA,IGR,FALSE,FALSE,FALSE,FALSE,4,2,2,2_2,d4907a1b-8b06-47c5-8bca-c781d9cddaf8,NA
7,81855637,81855637,1,snv_mnv,NA,NA,"broad,dkfz,muse,sanger",4,COSN8041672,NA,MIRb,FALSE,0.1692,NA,11,54,NA,NA,NA,Intron,FALSE,FALSE,TRUE,FALSE,4,2,2,2_2,d4907a1b-8b06-47c5-8bca-c781d9cddaf8,NA
7,81857813,81857813,1,snv_mnv,NA,NA,"broad,dkfz,muse,sanger",4,COSN8041674,NA,NA,FALSE,0.2436,NA,19,59,NA,NA,NA,Intron,FALSE,FALSE,FALSE,FALSE,4,2,2,2_2,d4907a1b-8b06-47c5-8bca-c781d9cddaf8,NA
7,81944622,81944622,1,snv_mnv,NA,NA,"broad,dkfz,muse,sanger",4,COSN8041718,NA,NA,FALSE,0.1461,NA,13,76,NA,NA,NA,Intron,FALSE,FALSE,FALSE,FALSE,4,2,2,2_2,d4907a1b-8b06-47c5-8bca-c781d9cddaf8,NA
7,82247085,82247085,1,snv_mnv,NA,NA,"broad,dkfz,muse,sanger",4,COSN8041837,rs770578001,NA,FALSE,0.1319,NA,12,79,NA,NA,NA,IGR,FALSE,FALSE,FALSE,FALSE,4,2,2,2_2,d4907a1b-8b06-47c5-8bca-c781d9cddaf8,NA
7,82998550,82998550,1,snv_mnv,NA,NA,"broad,dkfz,muse,sanger",4,COSN8042139,NA,NA,FALSE,0.2338,NA,18,59,NA,NA,NA,Intron,FALSE,FALSE,FALSE,FALSE,4,2,2,2_2,d4907a1b-8b06-47c5-8bca-c781d9cddaf8,"SEMA3E,AC079799.2"
7,83113132,83113132,1,snv_mnv,NA,NA,"broad,dkfz,muse,sanger",4,COSN8042175,NA,NA,FALSE,0.1892,NA,14,60,NA,NA,NA,Intron,FALSE,FALSE,FALSE,FALSE,4,2,2,2_2,d4907a1b-8b06-47c5-8bca-c781d9cddaf8,NA
7,83175805,83175805,1,snv_mnv,NA,NA,"broad,dkfz,muse,sanger",4,COSN8042199,NA,NA,FALSE,0.1618,NA,11,57,NA,NA,NA,Intron,FALSE,FALSE,FALSE,FALSE,4,2,2,2_2,d4907a1b-8b06-47c5-8bca-c781d9cddaf8,NA
7,83384772,83384772,1,snv_mnv,1.9968e-4,rs140657750,"broad,dkfz,muse,sanger",4,COSN8042332,rs140657750,NA,FALSE,0.2414,NA,21,66,NA,NA,NA,IGR,FALSE,FALSE,FALSE,FALSE,4,2,2,2_2,d4907a1b-8b06-47c5-8bca-c781d9cddaf8,NA
7,84129007,84129007,1,snv_mnv,NA,NA,"broad,dkfz,muse,sanger",4,COSN8042655,NA,L1M3,FALSE,0.1364,NA,12,76,NA,NA,NA,IGR,FALSE,FALSE,TRUE,FALSE,4,2,2,2_2,d4907a1b-8b06-47c5-8bca-c781d9cddaf8,NA
7,84625878,84625878,1,snv_mnv,NA,NA,"broad,dkfz,muse,sanger",4,COSN8042939,NA,NA,FALSE,0.2609,NA,24,68,NA,NA,NA,3'UTR,FALSE,FALSE,FALSE,FALSE,4,2,2,2_2,d4907a1b-8b06-47c5-8bca-c781d9cddaf8,SEMA3D
7,85013752,85013752,1,snv_mnv,NA,NA,"broad,dkfz,muse,sanger",4,COSN8043200,NA,NA,FALSE,0.2941,NA,25,60,NA,NA,NA,IGR,FALSE,FALSE,FALSE,FALSE,4,2,2,2_2,d4907a1b-8b06-47c5-8bca-c781d9cddaf8,DYNLL1P7
7,85254725,85254725,1,snv_mnv,NA,NA,"broad,dkfz,muse,sanger",4,COSN8043379,NA,L1MA3,FALSE,0.3409,NA,30,58,NA,NA,NA,IGR,FALSE,FALSE,FALSE,FALSE,4,2,2,2_2,d4907a1b-8b06-47c5-8bca-c781d9cddaf8,NA
7,85314418,85314418,1,snv_mnv,NA,NA,"broad,dkfz,muse,sanger",4,COSN8043424,NA,NA,FALSE,0.3182,NA,28,60,NA,NA,NA,IGR,FALSE,FALSE,FALSE,FALSE,4,2,2,2_2,d4907a1b-8b06-47c5-8bca-c781d9cddaf8,NA
7,85582232,85582232,1,snv_mnv,NA,NA,"broad,dkfz,muse,sanger",4,COSN8043633,NA,NA,FALSE,0.2824,NA,24,61,NA,NA,NA,IGR,FALSE,FALSE,TRUE,FALSE,4,2,2,2_2,d4907a1b-8b06-47c5-8bca-c781d9cddaf8,NA
7,85708845,85708845,1,snv_mnv,NA,NA,"broad,dkfz,muse,sanger",4,COSN8043751,NA,NA,FALSE,0.2836,NA,19,48,NA,NA,NA,IGR,FALSE,FALSE,FALSE,FALSE,4,2,2,2_2,d4907a1b-8b06-47c5-8bca-c781d9cddaf8,NA
7,85793058,85793058,1,snv_mnv,NA,NA,"broad,dkfz,muse,sanger",4,COSN8043840,NA,L1ME2z,FALSE,0.1009,NA,11,98,NA,NA,NA,IGR,FALSE,FALSE,FALSE,FALSE,4,2,2,2_2,d4907a1b-8b06-47c5-8bca-c781d9cddaf8,NA
7,85991531,85991531,1,snv_mnv,NA,NA,"broad,dkfz,muse,sanger",4,COSN8044028,NA,AluSx1,FALSE,0.2241,NA,13,45,NA,NA,NA,IGR,FALSE,FALSE,FALSE,FALSE,4,2,2,2_2,d4907a1b-8b06-47c5-8bca-c781d9cddaf8,NA
7,87404328,87404328,1,snv_mnv,NA,NA,"broad,dkfz,muse,sanger",4,COSN8044730,rs531933761,Tigger3b,FALSE,0.2793,NA,31,80,NA,NA,NA,Intron,FALSE,FALSE,FALSE,FALSE,4,2,2,2_2,d4907a1b-8b06-47c5-8bca-c781d9cddaf8,RUNDC3B
7,87552413,87552413,1,snv_mnv,NA,NA,"dkfz,muse,sanger",3,COSN8044785,NA,AluSx,FALSE,0.1406,NA,9,55,NA,NA,NA,IGR,FALSE,FALSE,FALSE,FALSE,4,2,2,2_2,d4907a1b-8b06-47c5-8bca-c781d9cddaf8,NA
7,87612257,87612257,1,snv_mnv,NA,NA,"broad,dkfz,muse,sanger",4,COSN8044809,NA,AluSp,FALSE,0.1486,NA,11,63,NA,NA,NA,Intron,FALSE,FALSE,FALSE,FALSE,4,2,2,2_2,d4907a1b-8b06-47c5-8bca-c781d9cddaf8,NA
7,88125851,88125851,1,snv_mnv,NA,NA,"broad,dkfz,muse,sanger",4,COSN8045024,NA,NA,FALSE,0.1786,NA,15,69,NA,NA,NA,IGR,FALSE,FALSE,FALSE,FALSE,4,2,2,2_2,d4907a1b-8b06-47c5-8bca-c781d9cddaf8,NA
7,88153002,88153002,1,snv_mnv,NA,NA,"broad,dkfz,muse,sanger",4,COSN8045042,NA,NA,FALSE,0.2553,NA,24,70,NA,NA,NA,IGR,FALSE,FALSE,TRUE,FALSE,4,2,2,2_2,d4907a1b-8b06-47c5-8bca-c781d9cddaf8,NA
7,88153007,88153007,1,snv_mnv,NA,NA,"broad,dkfz,muse,sanger",4,COSN8045043,NA,NA,FALSE,0.2637,NA,24,67,NA,NA,NA,IGR,FALSE,FALSE,FALSE,FALSE,4,2,2,2_2,d4907a1b-8b06-47c5-8bca-c781d9cddaf8,NA
7,88609379,88609379,1,snv_mnv,NA,NA,"broad,dkfz,muse,sanger",4,COSN8045314,NA,L1MA3,FALSE,0.2674,NA,23,63,NA,NA,NA,Intron,FALSE,FALSE,FALSE,FALSE,4,2,2,2_2,d4907a1b-8b06-47c5-8bca-c781d9cddaf8,NA
7,88674735,88674735,1,snv_mnv,NA,NA,"broad,dkfz,muse,sanger",4,COSN8045362,NA,THE1C-int,FALSE,0.2667,NA,20,55,NA,NA,NA,Intron,FALSE,FALSE,FALSE,FALSE,4,2,2,2_2,d4907a1b-8b06-47c5-8bca-c781d9cddaf8,NA
7,90079865,90079865,1,snv_mnv,NA,NA,"broad,dkfz,muse,sanger",4,COSN8046066,NA,L1MA8,FALSE,0.3034,NA,27,62,NA,NA,NA,RNA,FALSE,FALSE,FALSE,FALSE,4,2,2,2_2,d4907a1b-8b06-47c5-8bca-c781d9cddaf8,NA
7,90542445,90542445,1,snv_mnv,NA,NA,"broad,dkfz,muse,sanger",4,COSN8046256,NA,NA,FALSE,0.1216,NA,9,65,NA,NA,NA,Intron,FALSE,FALSE,FALSE,FALSE,4,2,2,2_2,d4907a1b-8b06-47c5-8bca-c781d9cddaf8,NA
7,90755946,90755946,1,snv_mnv,NA,NA,"broad,dkfz,muse,sanger",4,COSN8046366,NA,NA,FALSE,0.1848,NA,17,75,NA,NA,NA,Intron,FALSE,FALSE,FALSE,FALSE,4,2,2,2_2,d4907a1b-8b06-47c5-8bca-c781d9cddaf8,NA
7,90783194,90783194,1,snv_mnv,NA,NA,"broad,dkfz,muse,sanger",4,COSN8046377,NA,L1PA13,FALSE,0.1957,NA,18,74,NA,NA,NA,Intron,FALSE,FALSE,FALSE,FALSE,4,2,2,2_2,d4907a1b-8b06-47c5-8bca-c781d9cddaf8,NA
7,91068328,91068328,1,snv_mnv,NA,NA,"broad,dkfz,muse,sanger",4,COSN8046531,NA,NA,FALSE,0.1266,NA,10,69,NA,NA,NA,lincRNA,FALSE,FALSE,FALSE,FALSE,4,2,2,2_2,d4907a1b-8b06-47c5-8bca-c781d9cddaf8,NA
7,91113462,91113462,1,snv_mnv,NA,NA,"broad,dkfz,muse,sanger",4,COSN8046553,NA,NA,FALSE,0.2424,NA,24,75,NA,NA,NA,lincRNA,FALSE,FALSE,FALSE,FALSE,4,2,2,2_2,d4907a1b-8b06-47c5-8bca-c781d9cddaf8,NA
7,91114898,91114898,1,snv_mnv,NA,NA,"broad,dkfz,muse,sanger",4,COSN8046554,NA,NA,FALSE,0.2396,NA,23,73,NA,NA,NA,lincRNA,FALSE,FALSE,FALSE,FALSE,4,2,2,2_2,d4907a1b-8b06-47c5-8bca-c781d9cddaf8,NA
7,91166665,91166665,1,snv_mnv,NA,NA,"broad,dkfz,muse,sanger",4,COSN8046584,NA,NA,FALSE,0.2553,NA,24,70,NA,NA,NA,lincRNA,FALSE,FALSE,FALSE,FALSE,4,2,2,2_2,d4907a1b-8b06-47c5-8bca-c781d9cddaf8,NA
7,91344380,91344380,1,snv_mnv,NA,NA,"broad,dkfz,muse,sanger",4,COSN8046663,NA,L2c,FALSE,0.1196,NA,11,81,NA,NA,NA,IGR,FALSE,FALSE,FALSE,FALSE,4,2,2,2_2,d4907a1b-8b06-47c5-8bca-c781d9cddaf8,NA
7,93011589,93011589,1,snv_mnv,NA,NA,"broad,dkfz,muse,sanger",4,COSN8047230,NA,PABL_B,FALSE,0.321,NA,26,55,NA,NA,NA,IGR,FALSE,FALSE,FALSE,FALSE,4,2,2,2_2,d4907a1b-8b06-47c5-8bca-c781d9cddaf8,NA
7,93011604,93011604,1,snv_mnv,NA,NA,"broad,dkfz,muse,sanger",4,COSN8047231,NA,PABL_B,FALSE,0.3544,NA,28,51,NA,NA,NA,IGR,FALSE,FALSE,FALSE,FALSE,4,2,2,2_2,d4907a1b-8b06-47c5-8bca-c781d9cddaf8,NA
7,93025763,93025763,1,snv_mnv,NA,NA,"broad,dkfz,muse,sanger",4,COSN8047239,NA,HERVH-int,FALSE,0.3125,NA,20,44,NA,NA,NA,IGR,FALSE,FALSE,FALSE,FALSE,4,2,2,2_2,d4907a1b-8b06-47c5-8bca-c781d9cddaf8,NA
7,93342387,93342387,1,snv_mnv,NA,NA,"broad,dkfz,muse,sanger",4,COSN8047415,NA,Tigger1,FALSE,0.3023,NA,26,60,NA,NA,NA,Intron,FALSE,FALSE,FALSE,FALSE,4,2,2,2_2,d4907a1b-8b06-47c5-8bca-c781d9cddaf8,MIR4652
7,93831439,93831439,1,snv_mnv,NA,NA,"broad,dkfz,muse,sanger",4,COSN8047731,NA,L1M4,FALSE,0.3038,NA,24,55,NA,NA,NA,IGR,FALSE,FALSE,FALSE,FALSE,4,2,2,2_2,d4907a1b-8b06-47c5-8bca-c781d9cddaf8,NA
7,94917474,94917474,1,snv_mnv,NA,NA,"broad,dkfz,muse,sanger",4,COSN8048233,NA,NA,FALSE,0.1395,NA,12,74,NA,NA,NA,Intron,FALSE,FALSE,FALSE,FALSE,4,2,2,2_2,d4907a1b-8b06-47c5-8bca-c781d9cddaf8,NA
7,95524786,95524786,1,snv_mnv,NA,NA,"broad,dkfz,muse,sanger",4,COSN8048439,NA,HSMAR1,FALSE,0.3789,NA,36,59,NA,NA,NA,Intron,FALSE,FALSE,FALSE,FALSE,4,2,2,2_2,d4907a1b-8b06-47c5-8bca-c781d9cddaf8,NA
7,96871224,96871224,1,snv_mnv,NA,NA,"broad,dkfz,muse,sanger",4,COSN8049007,NA,L1PA7,FALSE,0.2553,NA,24,70,NA,NA,NA,IGR,FALSE,FALSE,FALSE,FALSE,4,2,2,2_2,d4907a1b-8b06-47c5-8bca-c781d9cddaf8,NA
7,97138914,97138914,1,snv_mnv,NA,NA,"broad,dkfz,muse,sanger",4,COSN8049164,NA,NA,FALSE,0.1333,NA,12,78,NA,NA,NA,IGR,FALSE,FALSE,FALSE,FALSE,4,2,2,2_2,d4907a1b-8b06-47c5-8bca-c781d9cddaf8,NA
7,97885797,97885797,1,snv_mnv,NA,NA,"broad,dkfz,muse,sanger",4,COSN8049506,NA,NA,FALSE,0.2159,NA,19,69,NA,NA,NA,IGR,FALSE,FALSE,FALSE,FALSE,4,2,2,2_2,d4907a1b-8b06-47c5-8bca-c781d9cddaf8,TECPR1
7,98259653,98259653,1,snv_mnv,NA,NA,"broad,dkfz,muse,sanger",4,COSN8049684,NA,MIRb,FALSE,0.371,NA,23,39,NA,NA,NA,IGR,FALSE,FALSE,FALSE,FALSE,4,2,2,2_2,d4907a1b-8b06-47c5-8bca-c781d9cddaf8,NPTX2
7,98483718,98483718,1,snv_mnv,NA,NA,"broad,dkfz,muse,sanger",4,COSN8049821,NA,AluSz,FALSE,0.1127,NA,8,63,NA,NA,NA,Intron,FALSE,FALSE,FALSE,FALSE,4,2,2,2_2,d4907a1b-8b06-47c5-8bca-c781d9cddaf8,MIR3609
7,98808671,98808671,1,snv_mnv,NA,NA,"broad,dkfz,muse,sanger",4,COSN8049934,NA,NA,FALSE,0.3333,NA,23,46,NA,NA,NA,IGR,FALSE,FALSE,FALSE,FALSE,4,2,2,2_2,d4907a1b-8b06-47c5-8bca-c781d9cddaf8,KPNA7
7,99600227,99600227,1,snv_mnv,5.9904e-4,rs543265284,"broad,dkfz,muse",3,COSN8050209,rs543265284,(TATG)n,FALSE,0.2179,NA,17,61,NA,NA,NA,IGR,FALSE,FALSE,FALSE,FALSE,4,2,2,2_2,d4907a1b-8b06-47c5-8bca-c781d9cddaf8,NA
7,99774840,99774840,1,snv_mnv,NA,NA,"broad,dkfz,muse,sanger",4,COSN8050266,NA,NA,FALSE,0.3514,NA,26,48,NA,NA,NA,5'UTR,FALSE,FALSE,FALSE,FALSE,4,2,2,2_2,d4907a1b-8b06-47c5-8bca-c781d9cddaf8,"STAG3,GPC2"
7,100171131,100171131,1,snv_mnv,NA,NA,"broad,dkfz,muse,sanger",4,COSN7917116,NA,NA,FALSE,0.25,NA,21,63,NA,NA,NA,Intron,FALSE,FALSE,FALSE,FALSE,4,2,2,2_2,d4907a1b-8b06-47c5-8bca-c781d9cddaf8,"LRCH4,SAP25,IRS3P"
7,100887375,100887375,1,snv_mnv,NA,NA,"broad,dkfz,muse,sanger",4,COSM3784782,NA,NA,FALSE,0.3158,NA,24,52,NA,NA,NA,Missense_Mutation,FALSE,FALSE,FALSE,FALSE,4,2,2,2_2,d4907a1b-8b06-47c5-8bca-c781d9cddaf8,FIS1
7,102870563,102870563,1,snv_mnv,NA,NA,"broad,muse,sanger",3,COSN7917992,NA,NA,FALSE,0.1596,NA,15,79,NA,NA,NA,RNA,FALSE,FALSE,FALSE,FALSE,4,2,2,2_2,d4907a1b-8b06-47c5-8bca-c781d9cddaf8,NA
7,103490913,103490913,1,snv_mnv,NA,NA,"broad,dkfz,muse,sanger",4,COSN7918242,NA,L1PBa1,FALSE,0.1935,NA,12,50,NA,NA,NA,Intron,FALSE,FALSE,FALSE,FALSE,4,2,2,2_2,d4907a1b-8b06-47c5-8bca-c781d9cddaf8,NA
7,103555950,103555950,1,snv_mnv,NA,NA,"broad,dkfz,muse,sanger",4,COSN7918276,NA,MER5A,FALSE,0.3373,NA,28,55,NA,NA,NA,Intron,FALSE,FALSE,FALSE,FALSE,4,2,2,2_2,d4907a1b-8b06-47c5-8bca-c781d9cddaf8,NA
7,104010462,104010462,1,snv_mnv,NA,NA,"broad,dkfz,muse,sanger",4,COSN7918466,NA,LTR50,FALSE,0.1233,NA,9,64,NA,NA,NA,Intron,FALSE,FALSE,FALSE,FALSE,4,2,2,2_2,d4907a1b-8b06-47c5-8bca-c781d9cddaf8,NA
7,104064273,104064273,1,snv_mnv,NA,NA,"broad,muse,sanger",3,COSN7918501,NA,AluJb,FALSE,0.2632,NA,20,56,NA,NA,NA,Intron,FALSE,FALSE,FALSE,FALSE,4,2,2,2_2,d4907a1b-8b06-47c5-8bca-c781d9cddaf8,NA
7,104308404,104308404,1,snv_mnv,NA,NA,"broad,muse,sanger",3,COSN7918613,NA,NA,FALSE,0.4324,NA,32,42,NA,NA,NA,Intron,FALSE,FALSE,FALSE,FALSE,4,2,2,2_2,d4907a1b-8b06-47c5-8bca-c781d9cddaf8,NA
7,104976486,104976486,1,snv_mnv,NA,NA,"broad,dkfz,muse,sanger",4,COSN7918853,NA,NA,FALSE,0.2333,NA,21,69,NA,NA,NA,Intron,FALSE,FALSE,FALSE,FALSE,4,2,2,2_2,d4907a1b-8b06-47c5-8bca-c781d9cddaf8,RNU6-1322P
7,105948731,105948731,1,snv_mnv,NA,NA,"broad,dkfz,muse,sanger",4,COSN7919151,NA,NA,FALSE,0.2283,NA,21,71,NA,NA,NA,IGR,FALSE,FALSE,FALSE,FALSE,4,2,2,2_2,d4907a1b-8b06-47c5-8bca-c781d9cddaf8,NA
7,108599624,108599624,1,snv_mnv,NA,NA,"broad,dkfz,muse,sanger",4,COSN7920141,NA,L1ME3A,FALSE,0.1839,NA,16,71,NA,NA,NA,IGR,FALSE,FALSE,FALSE,FALSE,4,2,2,2_2,d4907a1b-8b06-47c5-8bca-c781d9cddaf8,NA
7,108820222,108820222,1,snv_mnv,NA,NA,"broad,muse,sanger",3,COSN7920324,NA,LTR16E2,FALSE,0.3286,NA,23,47,NA,NA,NA,IGR,FALSE,FALSE,TRUE,FALSE,4,2,2,2_2,d4907a1b-8b06-47c5-8bca-c781d9cddaf8,NA
7,108867299,108867299,1,snv_mnv,NA,NA,"broad,dkfz,muse,sanger",4,COSN7920362,NA,NA,FALSE,0.2447,NA,23,71,NA,NA,NA,IGR,FALSE,FALSE,TRUE,FALSE,4,2,2,2_2,d4907a1b-8b06-47c5-8bca-c781d9cddaf8,NA
7,109719710,109719710,1,snv_mnv,NA,NA,"broad,dkfz,muse,sanger",4,COSN7920985,NA,L1MA2,FALSE,0.1538,NA,14,77,NA,NA,NA,IGR,FALSE,FALSE,FALSE,FALSE,4,2,2,2_2,d4907a1b-8b06-47c5-8bca-c781d9cddaf8,NA
7,110392861,110392861,1,snv_mnv,NA,NA,"broad,dkfz,muse,sanger",4,COSN7921288,NA,NA,FALSE,0.2297,NA,17,57,NA,NA,NA,Intron,FALSE,FALSE,FALSE,FALSE,4,2,2,2_2,d4907a1b-8b06-47c5-8bca-c781d9cddaf8,NA
7,110445070,110445070,1,snv_mnv,NA,NA,"broad,dkfz,muse,sanger",4,COSN7921302,NA,NA,FALSE,0.3514,NA,26,48,NA,NA,NA,Intron,FALSE,FALSE,FALSE,FALSE,4,2,2,2_2,d4907a1b-8b06-47c5-8bca-c781d9cddaf8,NA
7,110497943,110497943,1,snv_mnv,NA,NA,"broad,dkfz,muse,sanger",4,COSN7921317,NA,NA,FALSE,0.2222,NA,20,70,NA,NA,NA,Intron,FALSE,FALSE,FALSE,FALSE,4,2,2,2_2,d4907a1b-8b06-47c5-8bca-c781d9cddaf8,NA
7,110561717,110561717,1,snv_mnv,NA,NA,"broad,dkfz,muse,sanger",4,COSN7921338,NA,NA,FALSE,0.1515,NA,10,56,NA,NA,NA,Intron,FALSE,FALSE,FALSE,FALSE,4,2,2,2_2,d4907a1b-8b06-47c5-8bca-c781d9cddaf8,NA
7,110577060,110577060,1,snv_mnv,NA,NA,"broad,dkfz,muse,sanger",4,COSN7921352,NA,L1PA7,FALSE,0.1765,NA,15,70,NA,NA,NA,Intron,FALSE,FALSE,FALSE,FALSE,4,2,2,2_2,d4907a1b-8b06-47c5-8bca-c781d9cddaf8,NA
7,110577061,110577061,1,snv_mnv,NA,NA,"broad,dkfz,muse,sanger",4,COSN7921353,NA,L1PA7,FALSE,0.1765,NA,15,70,NA,NA,NA,Intron,FALSE,FALSE,FALSE,FALSE,4,2,2,2_2,d4907a1b-8b06-47c5-8bca-c781d9cddaf8,NA
7,110907958,110907958,1,snv_mnv,NA,NA,"broad,dkfz,muse,sanger",4,COSN7921534,NA,NA,FALSE,0.1237,NA,12,85,NA,NA,NA,Intron,FALSE,FALSE,FALSE,FALSE,4,2,2,2_2,d4907a1b-8b06-47c5-8bca-c781d9cddaf8,NA
7,112360143,112360143,1,snv_mnv,NA,NA,"broad,dkfz,muse,sanger",4,COSN7921996,NA,NA,FALSE,0.1978,NA,18,73,NA,NA,NA,IGR,FALSE,FALSE,FALSE,FALSE,4,2,2,2_2,d4907a1b-8b06-47c5-8bca-c781d9cddaf8,NA
7,113250914,113250914,1,snv_mnv,NA,NA,"broad,dkfz,muse,sanger",4,COSN7922400,NA,NA,FALSE,0.1905,NA,12,51,NA,NA,NA,IGR,FALSE,FALSE,FALSE,FALSE,4,2,2,2_2,d4907a1b-8b06-47c5-8bca-c781d9cddaf8,NA
7,113335967,113335967,1,snv_mnv,NA,NA,"broad,dkfz,muse,sanger",4,COSN7922453,NA,L1MC5,FALSE,0.2804,NA,30,77,NA,NA,NA,IGR,FALSE,FALSE,FALSE,FALSE,4,2,2,2_2,d4907a1b-8b06-47c5-8bca-c781d9cddaf8,NA
7,113406257,113406257,1,snv_mnv,NA,NA,"broad,dkfz,muse,sanger",4,COSN7952403,NA,L1MA9,FALSE,0.1146,NA,11,85,NA,NA,NA,IGR,FALSE,FALSE,FALSE,FALSE,4,2,2,2_2,d4907a1b-8b06-47c5-8bca-c781d9cddaf8,NA
7,113505230,113505230,1,snv_mnv,NA,NA,"broad,dkfz,muse,sanger",4,COSN7952462,NA,AluY,FALSE,0.193,NA,11,46,NA,NA,NA,IGR,FALSE,FALSE,FALSE,FALSE,4,2,2,2_2,d4907a1b-8b06-47c5-8bca-c781d9cddaf8,NA
7,113601475,113601475,1,snv_mnv,NA,NA,"broad,dkfz,muse,sanger",4,COSN7952532,NA,NA,FALSE,0.2784,NA,27,70,NA,NA,NA,IGR,FALSE,FALSE,FALSE,FALSE,4,2,2,2_2,d4907a1b-8b06-47c5-8bca-c781d9cddaf8,NA
7,113785855,113785855,1,snv_mnv,1.9968e-4,rs538363851,"broad,dkfz,muse,sanger",4,COSN7952634,rs538363851,NA,FALSE,0.1786,NA,15,69,NA,NA,NA,Intron,FALSE,FALSE,FALSE,FALSE,4,2,2,2_2,d4907a1b-8b06-47c5-8bca-c781d9cddaf8,NA
7,114088458,114088458,1,snv_mnv,1.9968e-4,rs541562439,"broad,dkfz,muse,sanger",4,COSN7952775,rs541562439,NA,FALSE,0.3483,NA,31,58,NA,NA,NA,Intron,FALSE,FALSE,FALSE,FALSE,4,2,2,2_2,d4907a1b-8b06-47c5-8bca-c781d9cddaf8,NA
7,114117991,114117991,1,snv_mnv,NA,NA,"broad,dkfz,muse,sanger",4,COSN7952791,NA,NA,FALSE,0.1928,NA,16,67,NA,NA,NA,Intron,FALSE,FALSE,FALSE,FALSE,4,2,2,2_2,d4907a1b-8b06-47c5-8bca-c781d9cddaf8,NA
7,114385008,114385008,1,snv_mnv,NA,NA,"broad,dkfz,muse,sanger",4,COSN7952920,NA,NA,FALSE,0.2706,NA,23,62,NA,NA,NA,IGR,FALSE,FALSE,TRUE,FALSE,4,2,2,2_2,d4907a1b-8b06-47c5-8bca-c781d9cddaf8,NA
7,115066602,115066602,1,snv_mnv,NA,NA,"broad,dkfz,muse,sanger",4,COSN7953217,NA,NA,FALSE,0.3034,NA,27,62,NA,NA,NA,IGR,FALSE,FALSE,FALSE,FALSE,4,2,2,2_2,d4907a1b-8b06-47c5-8bca-c781d9cddaf8,NA
7,115323191,115323191,1,snv_mnv,NA,NA,"broad,dkfz,muse,sanger",4,COSN7953339,NA,NA,FALSE,0.2449,NA,24,74,NA,NA,NA,lincRNA,FALSE,FALSE,FALSE,FALSE,4,2,2,2_2,d4907a1b-8b06-47c5-8bca-c781d9cddaf8,AC093714.1
7,115366715,115366715,1,snv_mnv,NA,NA,"broad,dkfz,muse,sanger",4,COSN7953359,NA,L3b,FALSE,0.2917,NA,21,51,NA,NA,NA,IGR,FALSE,FALSE,FALSE,FALSE,4,2,2,2_2,d4907a1b-8b06-47c5-8bca-c781d9cddaf8,NA
7,115526582,115526582,1,snv_mnv,NA,NA,"broad,dkfz,muse,sanger",4,COSN7953419,NA,AluSc8,FALSE,0.1892,NA,14,60,NA,NA,NA,IGR,FALSE,FALSE,FALSE,FALSE,4,2,2,2_2,d4907a1b-8b06-47c5-8bca-c781d9cddaf8,NA
7,115849991,115849991,1,snv_mnv,NA,NA,"broad,dkfz,muse,sanger",4,COSN7953534,NA,NA,FALSE,0.3143,NA,22,48,NA,NA,NA,5'Flank,FALSE,FALSE,FALSE,FALSE,4,2,2,2_2,d4907a1b-8b06-47c5-8bca-c781d9cddaf8,TES
7,116546312,116546312,1,snv_mnv,NA,NA,"broad,dkfz,muse,sanger",4,COSM3784950,NA,NA,FALSE,0.2597,NA,20,57,NA,NA,NA,Intron,FALSE,FALSE,FALSE,FALSE,4,2,2,2_2,d4907a1b-8b06-47c5-8bca-c781d9cddaf8,"CAPZA2,RF00019"
7,117386147,117386147,1,snv_mnv,NA,NA,"broad,dkfz,muse,sanger",4,COSM3784951,NA,NA,FALSE,0.3196,NA,31,66,NA,NA,NA,Missense_Mutation,FALSE,FALSE,FALSE,FALSE,4,2,2,2_2,d4907a1b-8b06-47c5-8bca-c781d9cddaf8,NA
7,117590783,117590783,1,snv_mnv,NA,NA,"broad,dkfz,muse,sanger",4,COSN7953981,NA,NA,FALSE,0.1286,NA,9,61,NA,NA,NA,IGR,FALSE,FALSE,FALSE,FALSE,4,2,2,2_2,d4907a1b-8b06-47c5-8bca-c781d9cddaf8,NA
7,118006392,118006392,1,snv_mnv,NA,NA,"broad,dkfz,muse,sanger",4,COSN7954191,NA,NA,FALSE,0.2588,NA,22,63,NA,NA,NA,IGR,FALSE,FALSE,FALSE,FALSE,4,2,2,2_2,d4907a1b-8b06-47c5-8bca-c781d9cddaf8,NA
7,118501261,118501261,1,snv_mnv,NA,NA,"broad,dkfz,muse,sanger",4,COSN7954537,NA,MLT1A0,FALSE,0.1573,NA,14,75,NA,NA,NA,IGR,FALSE,FALSE,FALSE,FALSE,4,2,2,2_2,d4907a1b-8b06-47c5-8bca-c781d9cddaf8,NA
7,118572128,118572128,1,snv_mnv,NA,NA,"broad,dkfz,muse,sanger",4,COSN7954597,NA,LTR37A,FALSE,0.2048,NA,17,66,NA,NA,NA,IGR,FALSE,FALSE,FALSE,FALSE,4,2,2,2_2,d4907a1b-8b06-47c5-8bca-c781d9cddaf8,NA
7,118941430,118941430,1,snv_mnv,NA,NA,"broad,dkfz,muse,sanger",4,COSN7954902,NA,NA,FALSE,0.1053,NA,10,85,NA,NA,NA,IGR,FALSE,FALSE,FALSE,FALSE,4,2,2,2_2,d4907a1b-8b06-47c5-8bca-c781d9cddaf8,NA
7,119022080,119022080,1,snv_mnv,NA,NA,"broad,dkfz,muse,sanger",4,COSN7954993,NA,NA,FALSE,0.125,NA,10,70,NA,NA,NA,IGR,FALSE,FALSE,FALSE,FALSE,4,2,2,2_2,d4907a1b-8b06-47c5-8bca-c781d9cddaf8,NA
7,119034655,119034655,1,snv_mnv,NA,NA,"broad,dkfz,muse,sanger",4,COSN7955004,NA,L1M2,FALSE,0.2889,NA,26,64,NA,NA,NA,IGR,FALSE,FALSE,FALSE,FALSE,4,2,2,2_2,d4907a1b-8b06-47c5-8bca-c781d9cddaf8,NA
7,119258663,119258663,1,snv_mnv,0.0011981,rs531584781,"broad,dkfz,muse,sanger",4,COSN7955190,rs531584781,L1PREC2,FALSE,0.3069,NA,31,70,NA,NA,NA,IGR,FALSE,FALSE,FALSE,FALSE,4,2,2,2_2,d4907a1b-8b06-47c5-8bca-c781d9cddaf8,NA
7,119450644,119450644,1,snv_mnv,NA,NA,"broad,dkfz,muse,sanger",4,COSN7955353,NA,Tigger1,FALSE,0.1386,NA,14,87,NA,NA,NA,lincRNA,FALSE,FALSE,FALSE,FALSE,4,2,2,2_2,d4907a1b-8b06-47c5-8bca-c781d9cddaf8,NA
7,119764063,119764063,1,snv_mnv,NA,NA,"broad,dkfz,muse,sanger",4,COSN7955599,NA,NA,FALSE,0.25,NA,22,66,NA,NA,NA,IGR,FALSE,FALSE,FALSE,FALSE,4,2,2,2_2,d4907a1b-8b06-47c5-8bca-c781d9cddaf8,NA
7,119882478,119882478,1,snv_mnv,NA,NA,"broad,dkfz,muse,sanger",4,COSN7955678,NA,HAL1,FALSE,0.1889,NA,17,73,NA,NA,NA,IGR,FALSE,FALSE,FALSE,FALSE,4,2,2,2_2,d4907a1b-8b06-47c5-8bca-c781d9cddaf8,NA
7,120004159,120004159,1,snv_mnv,NA,NA,"broad,dkfz,muse,sanger",4,COSN7955752,NA,L2a,FALSE,0.2059,NA,21,81,NA,NA,NA,Intron,FALSE,FALSE,FALSE,FALSE,4,2,2,2_2,d4907a1b-8b06-47c5-8bca-c781d9cddaf8,NA
7,120647897,120647897,1,snv_mnv,NA,NA,"broad,dkfz,muse,sanger",4,COSN7956031,NA,NA,FALSE,0.1194,NA,8,59,NA,NA,NA,Intron,FALSE,FALSE,FALSE,FALSE,4,2,2,2_2,d4907a1b-8b06-47c5-8bca-c781d9cddaf8,NA
7,120688224,120688224,1,snv_mnv,NA,NA,"broad,dkfz,muse,sanger",4,COSN7956051,NA,L2c,FALSE,0.2429,NA,17,53,NA,NA,NA,Intron,FALSE,FALSE,FALSE,FALSE,4,2,2,2_2,d4907a1b-8b06-47c5-8bca-c781d9cddaf8,HMGN1P18
7,121414501,121414501,1,snv_mnv,NA,NA,"broad,dkfz,muse,sanger",4,COSN7956300,NA,NA,FALSE,0.1184,NA,9,67,NA,NA,NA,IGR,FALSE,FALSE,FALSE,FALSE,4,2,2,2_2,d4907a1b-8b06-47c5-8bca-c781d9cddaf8,NA
7,121623033,121623033,1,snv_mnv,NA,NA,"broad,dkfz,muse,sanger",4,COSN7956370,NA,AluSc8,FALSE,0.1341,NA,11,71,NA,NA,NA,Intron,FALSE,FALSE,FALSE,FALSE,4,2,2,2_2,d4907a1b-8b06-47c5-8bca-c781d9cddaf8,NA
7,122402382,122402382,1,snv_mnv,NA,NA,"broad,dkfz,muse,sanger",4,COSN7956604,NA,HAL1,FALSE,0.4231,NA,33,45,NA,NA,NA,Intron,FALSE,FALSE,FALSE,FALSE,4,2,2,2_2,d4907a1b-8b06-47c5-8bca-c781d9cddaf8,NA
7,124037841,124037841,1,snv_mnv,NA,NA,"broad,dkfz,muse,sanger",4,COSN7957185,NA,L2a,FALSE,0.1184,NA,9,67,NA,NA,NA,RNA,FALSE,FALSE,FALSE,FALSE,4,2,2,2_2,d4907a1b-8b06-47c5-8bca-c781d9cddaf8,AC006148.1
7,124761908,124761908,1,snv_mnv,NA,NA,"broad,dkfz,muse,sanger",4,COSN7957511,NA,NA,FALSE,0.3077,NA,24,54,NA,NA,NA,RNA,FALSE,FALSE,FALSE,FALSE,4,2,2,2_2,d4907a1b-8b06-47c5-8bca-c781d9cddaf8,NA
7,124960078,124960078,1,snv_mnv,1.9968e-4,rs560599542,"broad,dkfz,muse,sanger",4,COSN7957624,rs560599542,MSTA-int,FALSE,0.2676,NA,19,52,NA,NA,NA,lincRNA,FALSE,FALSE,FALSE,FALSE,4,2,2,2_2,d4907a1b-8b06-47c5-8bca-c781d9cddaf8,NA
7,125964561,125964561,1,snv_mnv,NA,NA,"broad,dkfz,muse,sanger",4,COSN7958475,NA,NA,FALSE,0.1771,NA,17,79,NA,NA,NA,IGR,FALSE,FALSE,TRUE,FALSE,4,2,2,2_2,d4907a1b-8b06-47c5-8bca-c781d9cddaf8,NA
7,126305681,126305681,1,snv_mnv,NA,NA,"broad,dkfz,muse,sanger",4,COSN7958766,rs527807992,L1PA16,FALSE,0.1077,NA,7,58,NA,NA,NA,Intron,FALSE,FALSE,FALSE,FALSE,4,2,2,2_2,d4907a1b-8b06-47c5-8bca-c781d9cddaf8,NA
7,126308094,126308094,1,snv_mnv,NA,NA,"broad,dkfz,muse,sanger",4,COSN7958770,NA,MER61A,FALSE,0.3284,NA,22,45,NA,NA,NA,Intron,FALSE,FALSE,FALSE,FALSE,4,2,2,2_2,d4907a1b-8b06-47c5-8bca-c781d9cddaf8,NA
7,127629786,127629786,1,snv_mnv,1.9968e-4,rs139178229,"broad,dkfz,muse,sanger",4,COSN7959333,rs139178229,NA,FALSE,0.0964,NA,8,75,NA,NA,NA,Intron,FALSE,FALSE,FALSE,FALSE,4,2,2,2_2,d4907a1b-8b06-47c5-8bca-c781d9cddaf8,SND1
7,130346925,130346925,1,snv_mnv,NA,NA,"broad,dkfz,muse,sanger",4,COSN7959991,NA,ERVL-E-int,FALSE,0.2019,NA,21,83,NA,NA,NA,Intron,FALSE,FALSE,FALSE,FALSE,4,2,2,2_2,d4907a1b-8b06-47c5-8bca-c781d9cddaf8,NA
7,131394449,131394449,1,snv_mnv,NA,NA,"broad,dkfz,muse,sanger",4,COSN7960300,NA,NA,FALSE,0.1573,NA,14,75,NA,NA,NA,IGR,FALSE,FALSE,FALSE,FALSE,4,2,2,2_2,d4907a1b-8b06-47c5-8bca-c781d9cddaf8,NA
7,131641292,131641292,1,snv_mnv,3.9936e-4,rs577724475,"broad,dkfz,muse,sanger",4,COSN7960408,rs577724475,THE1B,FALSE,0.1974,NA,15,61,NA,NA,NA,IGR,FALSE,FALSE,FALSE,FALSE,4,2,2,2_2,d4907a1b-8b06-47c5-8bca-c781d9cddaf8,NA
7,132353957,132353957,1,snv_mnv,NA,NA,"broad,dkfz,muse,sanger",4,COSN7960733,NA,NA,FALSE,0.1974,NA,15,61,NA,NA,NA,Intron,FALSE,FALSE,FALSE,FALSE,4,2,2,2_2,d4907a1b-8b06-47c5-8bca-c781d9cddaf8,NA
7,133298603,133298603,1,snv_mnv,NA,NA,"broad,dkfz,muse,sanger",4,COSN7961047,NA,Tigger2,FALSE,0.1224,NA,12,86,NA,NA,NA,Intron,FALSE,FALSE,FALSE,FALSE,4,2,2,2_2,d4907a1b-8b06-47c5-8bca-c781d9cddaf8,NA
7,134046247,134046247,1,snv_mnv,NA,NA,"broad,dkfz,muse,sanger",4,COSN7961301,NA,MER1A,FALSE,0.1447,NA,11,65,NA,NA,NA,IGR,FALSE,FALSE,FALSE,FALSE,4,2,2,2_2,d4907a1b-8b06-47c5-8bca-c781d9cddaf8,NA
7,135115234,135115234,1,snv_mnv,1.9968e-4,rs563895465,"broad,dkfz,muse,sanger",4,COSN7961642,rs563895465,AluJr,FALSE,0.2833,NA,17,43,NA,NA,NA,Intron,FALSE,FALSE,TRUE,FALSE,4,2,2,2_2,d4907a1b-8b06-47c5-8bca-c781d9cddaf8,NA
7,135305554,135305554,1,snv_mnv,NA,NA,"broad,dkfz,muse,sanger",4,COSN7961676,NA,L1MC,FALSE,0.2584,NA,23,66,NA,NA,NA,Intron,FALSE,FALSE,FALSE,FALSE,4,2,2,2_2,d4907a1b-8b06-47c5-8bca-c781d9cddaf8,NUP205
7,135678833,135678833,1,snv_mnv,NA,NA,"broad,dkfz,muse",3,COSN7961800,rs776786140,(CAAAC)n,FALSE,0.3077,NA,20,45,NA,NA,NA,IGR,FALSE,FALSE,FALSE,FALSE,4,2,2,2_2,d4907a1b-8b06-47c5-8bca-c781d9cddaf8,NA
7,135740429,135740429,1,snv_mnv,NA,NA,"broad,dkfz,muse,sanger",4,COSN7961825,NA,NA,FALSE,0.2113,NA,15,56,NA,NA,NA,lincRNA,FALSE,FALSE,FALSE,FALSE,4,2,2,2_2,d4907a1b-8b06-47c5-8bca-c781d9cddaf8,NA
7,136112091,136112091,1,snv_mnv,NA,NA,"broad,dkfz,muse,sanger",4,COSN7962066,NA,NA,FALSE,0.1881,NA,19,82,NA,NA,NA,lincRNA,FALSE,FALSE,FALSE,FALSE,4,2,2,2_2,d4907a1b-8b06-47c5-8bca-c781d9cddaf8,AC078845.1
7,136313087,136313087,1,snv_mnv,NA,NA,"broad,dkfz,muse,sanger",4,COSN7962226,NA,L1MA6,FALSE,0.2353,NA,20,65,NA,NA,NA,IGR,FALSE,FALSE,FALSE,FALSE,4,2,2,2_2,d4907a1b-8b06-47c5-8bca-c781d9cddaf8,NA
7,136328813,136328813,1,snv_mnv,NA,NA,"broad,dkfz,muse,sanger",4,COSN7962245,NA,NA,FALSE,0.1209,NA,11,80,NA,NA,NA,IGR,FALSE,FALSE,FALSE,FALSE,4,2,2,2_2,d4907a1b-8b06-47c5-8bca-c781d9cddaf8,NA
7,136356096,136356096,1,snv_mnv,NA,NA,"broad,dkfz,muse,sanger",4,COSN7962271,NA,AluJr4,FALSE,0.3152,NA,29,63,NA,NA,NA,IGR,FALSE,FALSE,FALSE,FALSE,4,2,2,2_2,d4907a1b-8b06-47c5-8bca-c781d9cddaf8,NA
7,136583347,136583347,1,snv_mnv,NA,NA,"broad,dkfz,muse,sanger",4,COSN7962468,NA,NA,FALSE,0.1194,NA,8,59,NA,NA,NA,Intron,FALSE,FALSE,FALSE,FALSE,4,2,2,2_2,d4907a1b-8b06-47c5-8bca-c781d9cddaf8,"AC009264.1,MIR490"
7,136777563,136777563,1,snv_mnv,NA,NA,"broad,dkfz,muse,sanger",4,COSN7962650,NA,L1ME1,FALSE,0.2816,NA,29,74,NA,NA,NA,RNA,FALSE,FALSE,FALSE,FALSE,4,2,2,2_2,d4907a1b-8b06-47c5-8bca-c781d9cddaf8,NA
7,136904431,136904431,1,snv_mnv,NA,NA,"broad,dkfz,muse,sanger",4,COSN7962773,NA,NA,FALSE,0.175,NA,14,66,NA,NA,NA,IGR,FALSE,FALSE,FALSE,FALSE,4,2,2,2_2,d4907a1b-8b06-47c5-8bca-c781d9cddaf8,NA
7,137346502,137346502,1,snv_mnv,NA,NA,"broad,dkfz,muse,sanger",4,COSN7963082,NA,NA,FALSE,0.2985,NA,20,47,NA,NA,NA,Intron,FALSE,FALSE,FALSE,FALSE,4,2,2,2_2,d4907a1b-8b06-47c5-8bca-c781d9cddaf8,NA
7,137450462,137450462,1,snv_mnv,0.0017971,rs181052915,"broad,dkfz,muse,sanger",4,COSN7963141,rs181052915,NA,FALSE,0.3088,NA,21,47,NA,NA,NA,Intron,FALSE,FALSE,FALSE,FALSE,4,2,2,2_2,d4907a1b-8b06-47c5-8bca-c781d9cddaf8,NA
7,138162042,138162042,1,snv_mnv,NA,NA,"broad,dkfz,muse,sanger",4,COSN7963407,NA,AluSx,FALSE,0.2055,NA,15,58,NA,NA,NA,Intron,FALSE,FALSE,FALSE,FALSE,4,2,2,2_2,d4907a1b-8b06-47c5-8bca-c781d9cddaf8,NA
7,139020674,139020674,1,snv_mnv,NA,NA,"broad,dkfz,muse,sanger",4,COSN7963674,rs775900647,NA,FALSE,0.24,NA,24,76,NA,NA,NA,IGR,FALSE,FALSE,FALSE,FALSE,4,2,2,2_2,d4907a1b-8b06-47c5-8bca-c781d9cddaf8,"FMC1,LUC7L2"
7,142272839,142272839,1,snv_mnv,0.0027955,rs539890837,"broad,dkfz,muse,sanger",4,COSN7964674,rs539890837,NA,FALSE,0.1667,NA,15,75,NA,NA,NA,IGR,FALSE,FALSE,FALSE,FALSE,4,2,2,2_2,d4907a1b-8b06-47c5-8bca-c781d9cddaf8,TRBV8-1
7,144828080,144828080,1,snv_mnv,NA,NA,"broad,dkfz,muse,sanger",4,COSN7965396,NA,ERV3-16A3_LTR,FALSE,0.2697,NA,24,65,NA,NA,NA,IGR,FALSE,FALSE,FALSE,FALSE,4,2,2,2_2,d4907a1b-8b06-47c5-8bca-c781d9cddaf8,NA
7,145068471,145068471,1,snv_mnv,NA,NA,"broad,dkfz,muse,sanger",4,COSN7965620,NA,MER21C,FALSE,0.1795,NA,14,64,NA,NA,NA,IGR,FALSE,FALSE,FALSE,FALSE,4,2,2,2_2,d4907a1b-8b06-47c5-8bca-c781d9cddaf8,NA
7,145116478,145116478,1,snv_mnv,NA,NA,"broad,dkfz,muse,sanger",4,COSN7965657,NA,NA,FALSE,0.1932,NA,17,71,NA,NA,NA,IGR,FALSE,FALSE,FALSE,FALSE,4,2,2,2_2,d4907a1b-8b06-47c5-8bca-c781d9cddaf8,NA
7,145251087,145251087,1,snv_mnv,NA,NA,"broad,dkfz,muse,sanger",4,COSN7965779,NA,AluY,FALSE,0.125,NA,7,49,NA,NA,NA,IGR,FALSE,FALSE,FALSE,FALSE,4,2,2,2_2,d4907a1b-8b06-47c5-8bca-c781d9cddaf8,NA
7,145319184,145319184,1,snv_mnv,NA,NA,"broad,dkfz,muse,sanger",4,COSN7965861,NA,NA,FALSE,0.1333,NA,12,78,NA,NA,NA,IGR,FALSE,FALSE,TRUE,FALSE,4,2,2,2_2,d4907a1b-8b06-47c5-8bca-c781d9cddaf8,NA
7,145412609,145412609,1,snv_mnv,NA,NA,"broad,dkfz,muse,sanger",4,COSN7965965,NA,NA,FALSE,0.3067,NA,23,52,NA,NA,NA,IGR,FALSE,FALSE,FALSE,FALSE,4,2,2,2_2,d4907a1b-8b06-47c5-8bca-c781d9cddaf8,NA
7,145442273,145442273,1,snv_mnv,NA,NA,"broad,dkfz,muse,sanger",4,COSN7965991,NA,NA,FALSE,0.3368,NA,32,63,NA,NA,NA,IGR,FALSE,FALSE,FALSE,FALSE,4,2,2,2_2,d4907a1b-8b06-47c5-8bca-c781d9cddaf8,NA
7,145525847,145525847,1,snv_mnv,NA,NA,"broad,dkfz,muse,sanger",4,COSN7966083,NA,NA,FALSE,0.2632,NA,25,70,NA,NA,NA,IGR,FALSE,FALSE,FALSE,FALSE,4,2,2,2_2,d4907a1b-8b06-47c5-8bca-c781d9cddaf8,NA
7,145562476,145562476,1,snv_mnv,NA,NA,"broad,dkfz,muse,sanger",4,COSN7966113,NA,L1M2,FALSE,0.3012,NA,25,58,NA,NA,NA,IGR,FALSE,FALSE,FALSE,FALSE,4,2,2,2_2,d4907a1b-8b06-47c5-8bca-c781d9cddaf8,NA
7,145642509,145642509,1,snv_mnv,NA,NA,"broad,dkfz,muse,sanger",4,COSN7966211,NA,L1MA4A,FALSE,0.2184,NA,19,68,NA,NA,NA,IGR,FALSE,FALSE,FALSE,FALSE,4,2,2,2_2,d4907a1b-8b06-47c5-8bca-c781d9cddaf8,NA
7,145997117,145997117,1,snv_mnv,3.9936e-4,rs185039430,"broad,dkfz,muse,sanger",4,COSN7966508,rs185039430,NA,FALSE,0.1461,NA,13,76,NA,NA,NA,Intron,FALSE,FALSE,FALSE,FALSE,4,2,2,2_2,d4907a1b-8b06-47c5-8bca-c781d9cddaf8,NA
7,146002347,146002347,1,snv_mnv,0.0021965,rs141242999,"broad,dkfz,muse,sanger",4,COSN7966512,rs141242999,L1P2,FALSE,0.2778,NA,25,65,NA,NA,NA,Intron,FALSE,FALSE,FALSE,FALSE,4,2,2,2_2,d4907a1b-8b06-47c5-8bca-c781d9cddaf8,NA
7,146193418,146193418,1,snv_mnv,NA,NA,"broad,dkfz,muse,sanger",4,COSN7966647,rs766506765,NA,FALSE,0.1837,NA,18,80,NA,NA,NA,Intron,FALSE,FALSE,FALSE,FALSE,4,2,2,2_2,d4907a1b-8b06-47c5-8bca-c781d9cddaf8,NA
7,147078148,147078148,1,snv_mnv,NA,NA,"broad,dkfz,muse,sanger",4,COSN7967173,NA,NA,FALSE,0.1277,NA,12,82,NA,NA,NA,Intron,FALSE,FALSE,FALSE,FALSE,4,2,2,2_2,d4907a1b-8b06-47c5-8bca-c781d9cddaf8,MIR548F4
7,147172769,147172769,1,snv_mnv,NA,NA,"broad,dkfz,muse,sanger",4,COSN7967268,NA,NA,FALSE,0.19,NA,19,81,NA,NA,NA,Intron,FALSE,FALSE,FALSE,FALSE,4,2,2,2_2,d4907a1b-8b06-47c5-8bca-c781d9cddaf8,NA
7,147494062,147494062,1,snv_mnv,NA,NA,"broad,dkfz,muse,sanger",4,COSN7967519,NA,NA,FALSE,0.1724,NA,15,72,NA,NA,NA,Intron,FALSE,FALSE,FALSE,FALSE,4,2,2,2_2,d4907a1b-8b06-47c5-8bca-c781d9cddaf8,NA
7,148244005,148244005,1,snv_mnv,NA,NA,"broad,dkfz,muse",3,COSN7967930,NA,NA,FALSE,0.1375,NA,11,69,NA,NA,NA,IGR,FALSE,FALSE,FALSE,FALSE,4,2,2,2_2,d4907a1b-8b06-47c5-8bca-c781d9cddaf8,NA
7,149291214,149291214,1,snv_mnv,NA,NA,"dkfz,muse,sanger",3,COSN7968216,NA,NA,FALSE,0.1324,NA,9,59,NA,NA,NA,RNA,FALSE,FALSE,FALSE,FALSE,4,2,2,2_2,d4907a1b-8b06-47c5-8bca-c781d9cddaf8,NA
7,150499287,150499287,1,snv_mnv,NA,NA,"broad,dkfz,muse,sanger",4,COSN7968585,NA,NA,FALSE,0.2059,NA,14,54,NA,NA,NA,Intron,FALSE,FALSE,FALSE,FALSE,4,2,2,2_2,d4907a1b-8b06-47c5-8bca-c781d9cddaf8,"TMEM176B,TMEM176A"
7,150668240,150668240,1,snv_mnv,NA,NA,"broad,dkfz,muse,sanger",4,COSN7968634,NA,NA,FALSE,0.1711,NA,13,63,NA,NA,NA,Intron,FALSE,FALSE,FALSE,FALSE,4,2,2,2_2,d4907a1b-8b06-47c5-8bca-c781d9cddaf8,NA
7,151105835,151105835,1,snv_mnv,NA,NA,"broad,dkfz,muse,sanger",4,COSN7968770,NA,NA,FALSE,0.322,NA,19,40,NA,NA,NA,Intron,FALSE,FALSE,FALSE,FALSE,4,2,2,2_2,d4907a1b-8b06-47c5-8bca-c781d9cddaf8,"WDR86-AS1,WDR86"
7,151560084,151560084,1,snv_mnv,NA,NA,"broad,dkfz,muse,sanger",4,COSN7968895,NA,NA,FALSE,0.375,NA,18,30,NA,NA,NA,Intron,FALSE,FALSE,FALSE,FALSE,4,2,2,2_2,d4907a1b-8b06-47c5-8bca-c781d9cddaf8,NA
7,152855504,152855504,1,snv_mnv,NA,NA,"broad,dkfz,muse,sanger",4,COSN7969394,NA,NA,FALSE,0.2838,NA,21,53,NA,NA,NA,IGR,FALSE,FALSE,FALSE,FALSE,4,2,2,2_2,d4907a1b-8b06-47c5-8bca-c781d9cddaf8,NA
7,153130714,153130714,1,snv_mnv,NA,NA,"broad,dkfz,muse,sanger",4,COSN7969638,NA,NA,FALSE,0.3881,NA,26,41,NA,NA,NA,IGR,FALSE,FALSE,FALSE,FALSE,4,2,2,2_2,d4907a1b-8b06-47c5-8bca-c781d9cddaf8,NA
7,153303860,153303860,1,snv_mnv,1.9968e-4,rs577690851,"broad,dkfz,muse,sanger",4,COSN7969774,rs577690851,AluSx,FALSE,0.2698,NA,17,46,NA,NA,NA,IGR,FALSE,FALSE,FALSE,FALSE,4,2,2,2_2,d4907a1b-8b06-47c5-8bca-c781d9cddaf8,NA
7,153486268,153486268,1,snv_mnv,NA,NA,"broad,muse,sanger",3,COSN7969923,NA,Kanga1d,FALSE,0.3333,NA,27,54,NA,NA,NA,IGR,FALSE,FALSE,FALSE,FALSE,4,2,2,2_2,d4907a1b-8b06-47c5-8bca-c781d9cddaf8,NA
7,153604725,153604725,1,snv_mnv,NA,NA,"broad,dkfz,muse,sanger",4,COSN7970026,NA,MLT2D,FALSE,0.1884,NA,13,56,NA,NA,NA,Intron,FALSE,FALSE,FALSE,FALSE,4,2,2,2_2,d4907a1b-8b06-47c5-8bca-c781d9cddaf8,NA
7,153643178,153643178,1,snv_mnv,NA,NA,"broad,dkfz,muse,sanger",4,COSN7970059,NA,NA,FALSE,0.2877,NA,21,52,NA,NA,NA,Intron,FALSE,FALSE,FALSE,FALSE,4,2,2,2_2,d4907a1b-8b06-47c5-8bca-c781d9cddaf8,NA
7,153700849,153700849,1,snv_mnv,NA,NA,"broad,muse,sanger",3,COSN7970113,NA,MLT1H,FALSE,0.3396,NA,18,35,NA,NA,NA,Intron,FALSE,FALSE,FALSE,FALSE,4,2,2,2_2,d4907a1b-8b06-47c5-8bca-c781d9cddaf8,NA
7,153924884,153924884,1,snv_mnv,NA,NA,"broad,dkfz,muse,sanger",4,COSN7970281,NA,NA,FALSE,0.137,NA,10,63,NA,NA,NA,Intron,FALSE,FALSE,FALSE,FALSE,4,2,2,2_2,d4907a1b-8b06-47c5-8bca-c781d9cddaf8,NA
7,154133417,154133417,1,snv_mnv,NA,NA,"broad,dkfz,muse,sanger",4,COSN7970422,NA,NA,FALSE,0.3478,NA,24,45,NA,NA,NA,Intron,FALSE,FALSE,FALSE,FALSE,4,2,2,2_2,d4907a1b-8b06-47c5-8bca-c781d9cddaf8,NA
7,154864679,154864679,1,snv_mnv,1.9968e-4,rs568885757,"broad,dkfz,muse,sanger",4,COSN7970729,rs568885757,MER20,FALSE,0.1702,NA,8,39,NA,NA,NA,Intron,FALSE,FALSE,FALSE,FALSE,4,2,2,2_2,d4907a1b-8b06-47c5-8bca-c781d9cddaf8,"HTR5A,HTR5A-AS1,AC093726.3"
7,155131881,155131881,1,snv_mnv,NA,NA,"broad,dkfz,muse,sanger",4,COSN7970849,NA,NA,FALSE,0.1129,NA,7,55,NA,NA,NA,IGR,FALSE,FALSE,FALSE,FALSE,4,2,2,2_2,d4907a1b-8b06-47c5-8bca-c781d9cddaf8,NA
7,155995886,155995886,1,snv_mnv,NA,NA,"broad,dkfz,muse,sanger",4,COSN7971111,NA,NA,FALSE,0.2333,NA,14,46,NA,NA,NA,IGR,FALSE,FALSE,FALSE,FALSE,4,2,2,2_2,d4907a1b-8b06-47c5-8bca-c781d9cddaf8,NA
7,156177800,156177800,1,snv_mnv,1.9968e-4,rs571524640,"broad,dkfz,muse,sanger",4,COSN7971176,rs571524640,NA,FALSE,0.2073,NA,17,65,NA,NA,NA,IGR,FALSE,FALSE,FALSE,FALSE,4,2,2,2_2,d4907a1b-8b06-47c5-8bca-c781d9cddaf8,NA
7,156237983,156237983,1,snv_mnv,NA,NA,"broad,dkfz,muse,sanger",4,COSN7971191,NA,MLT1C,FALSE,0.3012,NA,25,58,NA,NA,NA,lincRNA,FALSE,FALSE,FALSE,FALSE,4,2,2,2_2,d4907a1b-8b06-47c5-8bca-c781d9cddaf8,NA
7,156792216,156792216,1,snv_mnv,NA,NA,"dkfz,sanger",2,COSN4868137,NA,AT_rich,FALSE,0.0323,NA,4,120,NA,NA,NA,Intron,FALSE,FALSE,TRUE,FALSE,4,2,2,2_2,d4907a1b-8b06-47c5-8bca-c781d9cddaf8,NA
7,157359449,157359449,1,snv_mnv,NA,NA,"broad,dkfz,muse,sanger",4,COSN7971490,NA,NA,FALSE,0.1507,NA,11,62,NA,NA,NA,Intron,FALSE,FALSE,FALSE,FALSE,4,2,2,2_2,d4907a1b-8b06-47c5-8bca-c781d9cddaf8,NA
7,158631299,158631299,1,snv_mnv,NA,NA,"broad,muse,sanger",3,COSN7971987,NA,NA,FALSE,0.2075,NA,22,84,NA,NA,NA,IGR,FALSE,FALSE,FALSE,FALSE,4,2,2,2_2,d4907a1b-8b06-47c5-8bca-c781d9cddaf8,NA
8,720271,720271,1,snv_mnv,NA,NA,"broad,dkfz,muse,sanger",4,COSN7676580,NA,NA,FALSE,0.3673,NA,18,31,NA,NA,NA,RNA,FALSE,FALSE,FALSE,FALSE,2,2,0,2_0,d4907a1b-8b06-47c5-8bca-c781d9cddaf8,NA
8,754116,754116,1,snv_mnv,NA,NA,"broad,dkfz,muse,sanger",4,COSN8100481,NA,NA,FALSE,0.1695,NA,10,49,NA,NA,NA,RNA,FALSE,FALSE,TRUE,FALSE,2,2,0,2_0,d4907a1b-8b06-47c5-8bca-c781d9cddaf8,NA
8,899418,899418,1,snv_mnv,NA,NA,"broad,dkfz,muse,sanger",4,COSN8109162,NA,NA,FALSE,0.1818,NA,8,36,NA,NA,NA,RNA,FALSE,FALSE,FALSE,FALSE,2,2,0,2_0,d4907a1b-8b06-47c5-8bca-c781d9cddaf8,NA
8,1499195,1499195,1,snv_mnv,NA,NA,"broad,dkfz,muse,sanger",4,COSN8074824,NA,NA,FALSE,0.2222,NA,10,35,NA,NA,NA,Intron,FALSE,FALSE,FALSE,FALSE,2,2,0,2_0,d4907a1b-8b06-47c5-8bca-c781d9cddaf8,NA
8,1502930,1502930,1,snv_mnv,NA,NA,"broad,dkfz,muse,sanger",4,COSN8074859,NA,NA,FALSE,0.2708,NA,13,35,NA,NA,NA,Intron,FALSE,FALSE,FALSE,FALSE,2,2,0,2_0,d4907a1b-8b06-47c5-8bca-c781d9cddaf8,NA
8,2147005,2147005,1,snv_mnv,NA,NA,"broad,dkfz,muse,sanger",4,COSN8077190,NA,NA,FALSE,0.1475,NA,9,52,NA,NA,NA,IGR,FALSE,FALSE,FALSE,FALSE,2,2,0,2_0,d4907a1b-8b06-47c5-8bca-c781d9cddaf8,NA
8,2763468,2763468,1,snv_mnv,NA,NA,"broad,dkfz,muse,sanger",4,COSN8078879,NA,L1MB7,FALSE,0.2192,NA,16,57,NA,NA,NA,IGR,FALSE,FALSE,FALSE,FALSE,2,2,0,2_0,d4907a1b-8b06-47c5-8bca-c781d9cddaf8,NA
8,4007262,4007262,1,snv_mnv,NA,NA,"broad,dkfz,muse",3,COSN8084139,NA,NA,FALSE,0.3265,NA,16,33,NA,NA,NA,Intron,FALSE,FALSE,FALSE,FALSE,2,2,0,2_0,d4907a1b-8b06-47c5-8bca-c781d9cddaf8,NA
8,4852249,4852249,1,snv_mnv,NA,NA,"broad,dkfz,muse,sanger",4,COSN8087297,NA,NA,FALSE,0.3889,NA,14,22,NA,NA,NA,5'UTR,FALSE,FALSE,FALSE,FALSE,2,2,0,2_0,d4907a1b-8b06-47c5-8bca-c781d9cddaf8,CSMD1
8,5758676,5758676,1,snv_mnv,NA,NA,"broad,dkfz,muse,sanger",4,COSN8092347,NA,NA,FALSE,0.1923,NA,15,63,NA,NA,NA,IGR,FALSE,FALSE,FALSE,FALSE,2,2,0,2_0,d4907a1b-8b06-47c5-8bca-c781d9cddaf8,NA
8,6219542,6219542,1,snv_mnv,1.9968e-4,rs550239182,"broad,dkfz,muse,sanger",4,COSN8094165,rs550239182,AluY,FALSE,0.1481,NA,8,46,NA,NA,NA,IGR,FALSE,FALSE,FALSE,FALSE,2,2,0,2_0,d4907a1b-8b06-47c5-8bca-c781d9cddaf8,NA
8,9380143,9380143,1,snv_mnv,NA,NA,"broad,dkfz,muse,sanger",4,COSN8111230,NA,NA,FALSE,0.3816,NA,29,47,NA,NA,NA,IGR,FALSE,FALSE,FALSE,FALSE,2,2,0,2_0,d4907a1b-8b06-47c5-8bca-c781d9cddaf8,NA
8,11014490,11014490,1,snv_mnv,NA,NA,"broad,dkfz,muse,sanger",4,COSN8054916,NA,L1MD3,FALSE,0.1471,NA,15,87,NA,NA,NA,Intron,FALSE,FALSE,FALSE,FALSE,6,4,2,4_2,d4907a1b-8b06-47c5-8bca-c781d9cddaf8,NA
8,11545452,11545452,1,snv_mnv,NA,NA,"broad,dkfz,muse,sanger",4,COSN8059471,NA,NA,FALSE,0.1811,NA,23,104,NA,NA,NA,Intron,FALSE,FALSE,FALSE,FALSE,6,4,2,4_2,d4907a1b-8b06-47c5-8bca-c781d9cddaf8,GATA4
8,12630351,12630351,1,snv_mnv,NA,NA,"broad,dkfz,muse,sanger",4,COSN8064027,NA,NA,FALSE,0.1594,NA,22,116,NA,NA,NA,lincRNA,FALSE,FALSE,TRUE,FALSE,7,5,2,5_2,d4907a1b-8b06-47c5-8bca-c781d9cddaf8,NA
8,13001420,13001420,1,snv_mnv,NA,NA,"broad,dkfz,muse,sanger",4,COSN8065433,rs777849602,MLT1G,FALSE,0.3797,NA,30,49,NA,NA,NA,Intron,FALSE,FALSE,FALSE,FALSE,5,3,2,3_2,d4907a1b-8b06-47c5-8bca-c781d9cddaf8,NA
8,13315043,13315043,1,snv_mnv,1.9968e-4,rs530133115,"broad,dkfz,muse,sanger",4,COSN8067271,rs530133115,AluY,FALSE,0.2471,NA,21,64,NA,NA,NA,Intron,FALSE,FALSE,FALSE,FALSE,5,3,2,3_2,d4907a1b-8b06-47c5-8bca-c781d9cddaf8,NA
8,13536316,13536316,1,snv_mnv,NA,NA,"broad,dkfz,muse,sanger",4,COSN8068346,NA,Charlie2b,FALSE,0.2598,NA,33,94,NA,NA,NA,IGR,FALSE,FALSE,FALSE,FALSE,7,5,2,5_2,d4907a1b-8b06-47c5-8bca-c781d9cddaf8,NA
8,13652824,13652824,1,snv_mnv,NA,NA,"broad,dkfz,muse,sanger",4,COSN8068944,NA,NA,FALSE,0.2419,NA,30,94,NA,NA,NA,IGR,FALSE,FALSE,FALSE,FALSE,7,5,2,5_2,d4907a1b-8b06-47c5-8bca-c781d9cddaf8,NA
8,13785867,13785867,1,snv_mnv,NA,NA,"broad,dkfz,muse,sanger",4,COSN8070002,NA,MER39,FALSE,0.5556,NA,65,52,NA,NA,NA,IGR,FALSE,FALSE,FALSE,FALSE,5,3,2,3_2,d4907a1b-8b06-47c5-8bca-c781d9cddaf8,NA
8,13797766,13797766,1,snv_mnv,NA,NA,"broad,dkfz,muse,sanger",4,COSN8070120,NA,NA,FALSE,0.075,NA,9,111,NA,NA,NA,IGR,FALSE,FALSE,FALSE,FALSE,5,3,2,3_2,d4907a1b-8b06-47c5-8bca-c781d9cddaf8,NA
8,13849267,13849267,1,snv_mnv,NA,NA,"broad,dkfz,muse,sanger",4,COSN8070651,NA,NA,FALSE,0.1397,NA,19,117,NA,NA,NA,IGR,FALSE,FALSE,FALSE,FALSE,5,3,2,3_2,d4907a1b-8b06-47c5-8bca-c781d9cddaf8,NA
8,13849357,13849357,1,snv_mnv,NA,NA,"broad,dkfz,muse,sanger",4,COSN8070653,NA,NA,FALSE,0.1597,NA,23,121,NA,NA,NA,IGR,FALSE,FALSE,FALSE,FALSE,5,3,2,3_2,d4907a1b-8b06-47c5-8bca-c781d9cddaf8,NA
8,13849497,13849497,1,snv_mnv,NA,NA,"broad,dkfz,muse,sanger",4,COSN8070654,NA,NA,FALSE,0.0556,NA,6,102,NA,NA,NA,IGR,FALSE,FALSE,FALSE,FALSE,5,3,2,3_2,d4907a1b-8b06-47c5-8bca-c781d9cddaf8,NA
8,13849526,13849526,1,snv_mnv,NA,NA,"broad,dkfz,muse,sanger",4,COSN8070656,NA,NA,FALSE,0.0598,NA,7,110,NA,NA,NA,IGR,FALSE,FALSE,FALSE,FALSE,5,3,2,3_2,d4907a1b-8b06-47c5-8bca-c781d9cddaf8,NA
8,13849556,13849556,1,snv_mnv,NA,NA,"broad,dkfz,muse,sanger",4,COSN8070657,NA,NA,FALSE,0.0458,NA,6,125,NA,NA,NA,IGR,FALSE,FALSE,FALSE,FALSE,5,3,2,3_2,d4907a1b-8b06-47c5-8bca-c781d9cddaf8,NA
8,13849713,13849713,1,snv_mnv,NA,NA,"broad,dkfz,muse,sanger",4,COSN8070658,NA,NA,FALSE,0.0917,NA,11,109,NA,NA,NA,IGR,FALSE,FALSE,FALSE,FALSE,5,3,2,3_2,d4907a1b-8b06-47c5-8bca-c781d9cddaf8,NA
8,13999223,13999223,1,snv_mnv,NA,NA,"broad,dkfz,muse,sanger",4,COSN8071936,NA,L1PA6,FALSE,0.1667,NA,15,75,NA,NA,NA,Intron,FALSE,FALSE,FALSE,FALSE,5,3,2,3_2,d4907a1b-8b06-47c5-8bca-c781d9cddaf8,NA
8,13999254,13999254,1,snv_mnv,NA,NA,"broad,dkfz,muse,sanger",4,COSN8071937,NA,L1PA6,FALSE,0.1333,NA,12,78,NA,NA,NA,Intron,FALSE,FALSE,FALSE,FALSE,5,3,2,3_2,d4907a1b-8b06-47c5-8bca-c781d9cddaf8,NA
8,14065292,14065292,1,snv_mnv,NA,NA,"broad,dkfz,muse,sanger",4,COSN8072336,NA,NA,FALSE,0.3158,NA,30,65,NA,NA,NA,Intron,FALSE,FALSE,TRUE,FALSE,4,2,2,2_2,d4907a1b-8b06-47c5-8bca-c781d9cddaf8,NA
8,14097729,14097729,1,snv_mnv,NA,NA,"broad,dkfz,muse,sanger",4,COSN8072475,NA,AluSx1,FALSE,0.1644,NA,12,61,NA,NA,NA,Intron,FALSE,FALSE,FALSE,FALSE,4,2,2,2_2,d4907a1b-8b06-47c5-8bca-c781d9cddaf8,NA
8,14137112,14137112,1,snv_mnv,NA,NA,"broad,dkfz,muse,sanger",4,COSN8072618,NA,NA,FALSE,0.3365,NA,35,69,NA,NA,NA,Intron,FALSE,FALSE,TRUE,FALSE,4,2,2,2_2,d4907a1b-8b06-47c5-8bca-c781d9cddaf8,NA
8,14255483,14255483,1,snv_mnv,1.9968e-4,rs538118377,"broad,dkfz,muse,sanger",4,COSN8073046,rs538118377,NA,FALSE,0.1682,NA,18,89,NA,NA,NA,Intron,FALSE,FALSE,FALSE,FALSE,4,2,2,2_2,d4907a1b-8b06-47c5-8bca-c781d9cddaf8,NA
8,14260803,14260803,1,snv_mnv,NA,NA,"broad,dkfz,muse,sanger",4,COSN8073067,NA,L1PA3,FALSE,0.2857,NA,22,55,NA,NA,NA,Intron,FALSE,FALSE,FALSE,FALSE,4,2,2,2_2,d4907a1b-8b06-47c5-8bca-c781d9cddaf8,NA
8,14280915,14280915,1,snv_mnv,NA,NA,"broad,dkfz,muse,sanger",4,COSN8073148,NA,NA,FALSE,0.37,NA,37,63,NA,NA,NA,Intron,FALSE,FALSE,FALSE,FALSE,4,2,2,2_2,d4907a1b-8b06-47c5-8bca-c781d9cddaf8,NA
8,14344092,14344092,1,snv_mnv,NA,NA,"broad,dkfz,muse,sanger",4,COSN8073504,NA,NA,FALSE,0.1548,NA,13,71,NA,NA,NA,Intron,FALSE,FALSE,FALSE,FALSE,4,2,2,2_2,d4907a1b-8b06-47c5-8bca-c781d9cddaf8,RNU6-397P
8,14361273,14361273,1,snv_mnv,NA,NA,"broad,dkfz,muse,sanger",4,COSN8073603,NA,AluSc,FALSE,0.2105,NA,20,75,NA,NA,NA,Intron,FALSE,FALSE,FALSE,FALSE,2,2,0,2_0,d4907a1b-8b06-47c5-8bca-c781d9cddaf8,NA
8,14361585,14361585,1,snv_mnv,NA,NA,"broad,dkfz,muse,sanger",4,COSN8073604,NA,NA,FALSE,0.2756,NA,35,92,NA,NA,NA,Intron,FALSE,FALSE,FALSE,FALSE,2,2,0,2_0,d4907a1b-8b06-47c5-8bca-c781d9cddaf8,NA
8,14361608,14361608,1,snv_mnv,NA,NA,"broad,dkfz,muse,sanger",4,COSN8073605,NA,NA,FALSE,0.3043,NA,42,96,NA,NA,NA,Intron,FALSE,FALSE,FALSE,FALSE,2,2,0,2_0,d4907a1b-8b06-47c5-8bca-c781d9cddaf8,NA
8,14361679,14361679,1,snv_mnv,NA,NA,"broad,dkfz,muse,sanger",4,COSN8073606,NA,NA,FALSE,0.3333,NA,38,76,NA,NA,NA,Intron,FALSE,FALSE,FALSE,FALSE,2,2,0,2_0,d4907a1b-8b06-47c5-8bca-c781d9cddaf8,NA
8,14362050,14362050,1,snv_mnv,NA,NA,"broad,dkfz,muse,sanger",4,COSN8073608,NA,NA,FALSE,0.299,NA,29,68,NA,NA,NA,Intron,FALSE,FALSE,FALSE,FALSE,2,2,0,2_0,d4907a1b-8b06-47c5-8bca-c781d9cddaf8,NA
8,14638889,14638889,1,snv_mnv,NA,NA,"broad,dkfz,muse,sanger",4,COSN8074537,NA,AluSz6,FALSE,0.2063,NA,13,50,NA,NA,NA,Intron,FALSE,FALSE,FALSE,FALSE,2,2,0,2_0,d4907a1b-8b06-47c5-8bca-c781d9cddaf8,NA
8,14641674,14641674,1,snv_mnv,NA,NA,"broad,dkfz,muse,sanger",4,COSN8074539,NA,AluJb,FALSE,0.2239,NA,15,52,NA,NA,NA,Intron,FALSE,FALSE,FALSE,FALSE,2,2,0,2_0,d4907a1b-8b06-47c5-8bca-c781d9cddaf8,NA
8,15215338,15215338,1,snv_mnv,NA,NA,"broad,dkfz,muse,sanger",4,COSN8074997,NA,NA,FALSE,0.1475,NA,9,52,NA,NA,NA,IGR,FALSE,FALSE,FALSE,FALSE,2,2,0,2_0,d4907a1b-8b06-47c5-8bca-c781d9cddaf8,NA
8,15510503,15510503,1,snv_mnv,NA,NA,"broad,dkfz,muse,sanger",4,COSN8075174,NA,Charlie8,FALSE,0.2588,NA,22,63,NA,NA,NA,Intron,FALSE,FALSE,FALSE,FALSE,3,2,1,2_1,d4907a1b-8b06-47c5-8bca-c781d9cddaf8,TUSC3
8,15822450,15822450,1,snv_mnv,NA,NA,"broad,dkfz,muse,sanger",4,COSN8075332,NA,NA,FALSE,0.3373,NA,28,55,NA,NA,NA,IGR,FALSE,FALSE,FALSE,FALSE,3,2,1,2_1,d4907a1b-8b06-47c5-8bca-c781d9cddaf8,NA
8,15916150,15916150,1,snv_mnv,NA,NA,"broad,dkfz,muse,sanger",4,COSN8075383,NA,NA,FALSE,0.2126,NA,27,100,NA,NA,NA,IGR,FALSE,FALSE,FALSE,FALSE,8,6,2,6_2,d4907a1b-8b06-47c5-8bca-c781d9cddaf8,NA
8,15951359,15951359,1,snv_mnv,NA,NA,"broad,muse",2,COSN8075403,NA,MLT1A0,FALSE,0.4069,NA,59,86,NA,NA,NA,IGR,FALSE,FALSE,FALSE,FALSE,8,6,2,6_2,d4907a1b-8b06-47c5-8bca-c781d9cddaf8,NA
8,16093187,16093187,1,snv_mnv,NA,NA,"broad,dkfz,muse,sanger",4,COSN8075475,NA,NA,FALSE,0.0417,NA,3,69,NA,NA,NA,IGR,FALSE,FALSE,FALSE,FALSE,3,2,1,2_1,d4907a1b-8b06-47c5-8bca-c781d9cddaf8,NA
8,16093198,16093198,1,snv_mnv,NA,NA,"broad,dkfz,muse,sanger",4,COSN8075476,NA,NA,FALSE,0.0533,NA,4,71,NA,NA,NA,IGR,FALSE,FALSE,FALSE,FALSE,3,2,1,2_1,d4907a1b-8b06-47c5-8bca-c781d9cddaf8,NA
8,16093246,16093246,1,snv_mnv,NA,NA,"broad,dkfz,muse,sanger",4,COSN8075477,NA,NA,FALSE,0.0897,NA,7,71,NA,NA,NA,IGR,FALSE,FALSE,FALSE,FALSE,3,2,1,2_1,d4907a1b-8b06-47c5-8bca-c781d9cddaf8,NA
8,16093323,16093323,1,snv_mnv,NA,NA,"broad,dkfz,muse,sanger",4,COSN8075478,NA,NA,FALSE,0.1667,NA,12,60,NA,NA,NA,IGR,FALSE,FALSE,FALSE,FALSE,3,2,1,2_1,d4907a1b-8b06-47c5-8bca-c781d9cddaf8,NA
8,16216917,16216917,1,snv_mnv,NA,NA,"broad,dkfz,muse,sanger",4,COSN8075549,NA,NA,FALSE,0.4265,NA,29,39,NA,NA,NA,Intron,FALSE,FALSE,FALSE,FALSE,2,2,0,2_0,d4907a1b-8b06-47c5-8bca-c781d9cddaf8,NA
8,19832088,19832088,1,snv_mnv,NA,NA,"broad,muse,sanger",3,COSN8076441,NA,AluYg6,FALSE,0.3714,NA,13,22,NA,NA,NA,IGR,FALSE,FALSE,FALSE,FALSE,2,2,0,2_0,d4907a1b-8b06-47c5-8bca-c781d9cddaf8,NA
8,22666820,22666820,1,snv_mnv,NA,NA,"broad,dkfz,muse,sanger",4,COSN8077485,NA,NA,FALSE,0.4167,NA,25,35,NA,NA,NA,Intron,FALSE,FALSE,FALSE,FALSE,2,2,0,2_0,d4907a1b-8b06-47c5-8bca-c781d9cddaf8,NA
8,23168643,23168643,1,snv_mnv,NA,NA,"broad,dkfz,muse,sanger",4,COSN8077601,NA,NA,FALSE,0.4603,NA,29,34,NA,NA,NA,Intron,FALSE,FALSE,FALSE,FALSE,2,2,0,2_0,d4907a1b-8b06-47c5-8bca-c781d9cddaf8,NA
8,23530258,23530258,1,snv_mnv,NA,NA,"broad,dkfz,muse,sanger",4,COSN8077675,NA,NA,FALSE,0.3803,NA,27,44,NA,NA,NA,IGR,FALSE,FALSE,FALSE,FALSE,2,2,0,2_0,d4907a1b-8b06-47c5-8bca-c781d9cddaf8,NA
8,24937813,24937813,1,snv_mnv,NA,NA,"broad,dkfz,muse,sanger",4,COSN8078075,NA,AluSz6,FALSE,0.4308,NA,28,37,NA,NA,NA,IGR,FALSE,FALSE,FALSE,FALSE,2,2,0,2_0,d4907a1b-8b06-47c5-8bca-c781d9cddaf8,NA
8,26410805,26410805,1,snv_mnv,NA,NA,"broad,dkfz,muse,sanger",4,COSN8078505,NA,L1PREC2,FALSE,0.3231,NA,21,44,NA,NA,NA,Intron,FALSE,FALSE,FALSE,FALSE,2,2,0,2_0,d4907a1b-8b06-47c5-8bca-c781d9cddaf8,AC015743.1
8,26846370,26846370,1,snv_mnv,NA,NA,"broad,dkfz,muse,sanger",4,COSN8078664,NA,HAL1,FALSE,0.4464,NA,25,31,NA,NA,NA,IGR,FALSE,FALSE,FALSE,FALSE,2,2,0,2_0,d4907a1b-8b06-47c5-8bca-c781d9cddaf8,NA
8,32171293,32171293,1,snv_mnv,NA,NA,"broad,dkfz,muse,sanger",4,COSN8080297,NA,NA,FALSE,0.3529,NA,18,33,NA,NA,NA,Intron,FALSE,FALSE,FALSE,FALSE,2,2,0,2_0,d4907a1b-8b06-47c5-8bca-c781d9cddaf8,NA
8,32563025,32563025,1,snv_mnv,NA,NA,"broad,dkfz,muse,sanger",4,COSN8080508,NA,NA,FALSE,0.2807,NA,16,41,NA,NA,NA,Intron,FALSE,FALSE,TRUE,FALSE,2,2,0,2_0,d4907a1b-8b06-47c5-8bca-c781d9cddaf8,NA
8,32695802,32695802,1,snv_mnv,NA,NA,"broad,dkfz,muse,sanger",4,COSN8080574,NA,NA,FALSE,0.24,NA,12,38,NA,NA,NA,IGR,FALSE,FALSE,TRUE,FALSE,2,2,0,2_0,d4907a1b-8b06-47c5-8bca-c781d9cddaf8,NA
8,33030084,33030084,1,snv_mnv,NA,NA,"broad,dkfz,muse,sanger",4,COSN8080720,NA,NA,FALSE,0.1746,NA,11,52,NA,NA,NA,IGR,FALSE,FALSE,TRUE,FALSE,2,2,0,2_0,d4907a1b-8b06-47c5-8bca-c781d9cddaf8,NA
8,34226428,34226428,1,snv_mnv,NA,NA,"broad,dkfz,muse,sanger",4,COSN8081286,NA,NA,FALSE,0.1842,NA,14,62,NA,NA,NA,IGR,FALSE,FALSE,FALSE,FALSE,2,2,0,2_0,d4907a1b-8b06-47c5-8bca-c781d9cddaf8,NA
8,34473933,34473933,1,snv_mnv,NA,NA,"broad,dkfz,muse,sanger",4,COSN8081429,NA,L1MA9,FALSE,0.3871,NA,24,38,NA,NA,NA,IGR,FALSE,FALSE,FALSE,FALSE,2,2,0,2_0,d4907a1b-8b06-47c5-8bca-c781d9cddaf8,NA
8,34774660,34774660,1,snv_mnv,NA,NA,"broad,dkfz,muse,sanger",4,COSN9632593,NA,AluSx,FALSE,0.3958,NA,19,29,NA,NA,NA,IGR,FALSE,FALSE,FALSE,FALSE,2,2,0,2_0,d4907a1b-8b06-47c5-8bca-c781d9cddaf8,NA
8,34890928,34890928,1,snv_mnv,NA,NA,"broad,dkfz,muse,sanger",4,COSN8081702,NA,AluJr4,FALSE,0.1757,NA,13,61,NA,NA,NA,IGR,FALSE,FALSE,FALSE,FALSE,2,2,0,2_0,d4907a1b-8b06-47c5-8bca-c781d9cddaf8,NA
8,35277736,35277736,1,snv_mnv,1.9968e-4,rs563041227,"broad,dkfz,muse,sanger",4,COSN8081938,rs563041227,NA,FALSE,0.4717,NA,25,28,NA,NA,NA,Intron,FALSE,FALSE,FALSE,FALSE,2,2,0,2_0,d4907a1b-8b06-47c5-8bca-c781d9cddaf8,NA
8,35579843,35579843,1,snv_mnv,3.9936e-4,rs577473098,"broad,dkfz,muse,sanger",4,COSM3785975,rs577473098,NA,FALSE,0.2381,NA,15,48,NA,NA,NA,Silent,FALSE,FALSE,FALSE,FALSE,2,2,0,2_0,d4907a1b-8b06-47c5-8bca-c781d9cddaf8,NA
8,36313817,36313817,1,snv_mnv,NA,NA,"broad,dkfz,muse,sanger",4,COSN8082658,NA,NA,FALSE,0.4462,NA,29,36,NA,NA,NA,IGR,FALSE,FALSE,FALSE,FALSE,2,2,0,2_0,d4907a1b-8b06-47c5-8bca-c781d9cddaf8,NA
8,36607658,36607658,1,snv_mnv,NA,NA,"broad,dkfz,muse,sanger",4,COSN8082856,NA,L1MB3,FALSE,0.4085,NA,29,42,NA,NA,NA,lincRNA,FALSE,FALSE,FALSE,FALSE,2,2,0,2_0,d4907a1b-8b06-47c5-8bca-c781d9cddaf8,NA
8,37565972,37565972,1,snv_mnv,NA,NA,"broad,muse",2,COSN8083245,NA,MLT2C1,FALSE,0.1042,NA,10,86,NA,NA,NA,IGR,FALSE,FALSE,FALSE,FALSE,3,2,1,2_1,d4907a1b-8b06-47c5-8bca-c781d9cddaf8,NA
8,37566291,37566291,1,snv_mnv,NA,NA,"broad,dkfz,muse,sanger",4,COSN8083246,NA,MLT2C1,FALSE,0.1209,NA,11,80,NA,NA,NA,IGR,FALSE,FALSE,FALSE,FALSE,3,2,1,2_1,d4907a1b-8b06-47c5-8bca-c781d9cddaf8,NA
8,37566868,37566868,1,snv_mnv,NA,NA,"broad,dkfz,muse,sanger",4,COSN8083247,NA,NA,FALSE,0.1414,NA,14,85,NA,NA,NA,IGR,FALSE,FALSE,FALSE,FALSE,3,2,1,2_1,d4907a1b-8b06-47c5-8bca-c781d9cddaf8,NA
8,37566974,37566974,1,snv_mnv,NA,NA,"broad,dkfz,muse,sanger",4,COSN8083248,NA,NA,FALSE,0.037,NA,3,78,NA,NA,NA,IGR,FALSE,FALSE,FALSE,FALSE,3,2,1,2_1,d4907a1b-8b06-47c5-8bca-c781d9cddaf8,NA
8,37566978,37566978,1,snv_mnv,NA,NA,"broad,dkfz,muse,sanger",4,COSN8083249,NA,NA,FALSE,0.0349,NA,3,83,NA,NA,NA,IGR,FALSE,FALSE,FALSE,FALSE,3,2,1,2_1,d4907a1b-8b06-47c5-8bca-c781d9cddaf8,NA
8,37566996,37566996,1,snv_mnv,NA,NA,"broad,dkfz,muse,sanger",4,COSN8083250,NA,NA,FALSE,0.0795,NA,7,81,NA,NA,NA,IGR,FALSE,FALSE,FALSE,FALSE,3,2,1,2_1,d4907a1b-8b06-47c5-8bca-c781d9cddaf8,NA
8,37567083,37567083,1,snv_mnv,NA,NA,"broad,dkfz,muse,sanger",4,COSN8083251,NA,NA,FALSE,0.1134,NA,11,86,NA,NA,NA,IGR,FALSE,FALSE,FALSE,FALSE,3,2,1,2_1,d4907a1b-8b06-47c5-8bca-c781d9cddaf8,NA
8,37570467,37570467,1,snv_mnv,NA,NA,"broad,dkfz,muse,sanger",4,COSN8083253,NA,AluJr,FALSE,0.1754,NA,10,47,NA,NA,NA,IGR,FALSE,FALSE,FALSE,FALSE,3,2,1,2_1,d4907a1b-8b06-47c5-8bca-c781d9cddaf8,AC138356.3
8,37570509,37570509,1,snv_mnv,NA,NA,"broad,dkfz,muse,sanger",4,COSN8083254,NA,AluJr,FALSE,0.2048,NA,17,66,NA,NA,NA,IGR,FALSE,FALSE,FALSE,FALSE,3,2,1,2_1,d4907a1b-8b06-47c5-8bca-c781d9cddaf8,AC138356.3
8,37570669,37570669,1,snv_mnv,NA,NA,"broad,dkfz,muse,sanger",4,COSN8083255,NA,AluJr,FALSE,0.1846,NA,12,53,NA,NA,NA,IGR,FALSE,FALSE,FALSE,FALSE,3,2,1,2_1,d4907a1b-8b06-47c5-8bca-c781d9cddaf8,AC138356.3
8,38416498,38416498,1,snv_mnv,3.9936e-4,rs540666193,"broad,dkfz,muse,sanger",4,COSN8083522,rs540666193,NA,FALSE,0.3962,NA,21,32,NA,NA,NA,lincRNA,FALSE,FALSE,FALSE,FALSE,3,2,1,2_1,d4907a1b-8b06-47c5-8bca-c781d9cddaf8,NA
8,38853493,38853493,1,snv_mnv,NA,NA,"dkfz,sanger",2,COSN8083680,NA,NA,FALSE,0.2051,NA,16,62,NA,NA,NA,Intron,FALSE,FALSE,FALSE,TRUE,3,2,1,2_1,d4907a1b-8b06-47c5-8bca-c781d9cddaf8,"ADAM9,TM2D2"
8,40268559,40268559,1,snv_mnv,NA,NA,"broad,dkfz,muse,sanger",4,COSN8084233,NA,NA,FALSE,0.1728,NA,28,134,NA,NA,NA,IGR,FALSE,FALSE,FALSE,FALSE,11,9,2,9_2,d4907a1b-8b06-47c5-8bca-c781d9cddaf8,NA
8,40349334,40349334,1,snv_mnv,NA,NA,"broad,dkfz,muse,sanger",4,COSN8084276,NA,MIRb,FALSE,0.1724,NA,35,168,NA,NA,NA,IGR,FALSE,FALSE,FALSE,FALSE,11,9,2,9_2,d4907a1b-8b06-47c5-8bca-c781d9cddaf8,NA
8,40630708,40630708,1,snv_mnv,NA,NA,"broad,dkfz,muse,sanger",4,COSN8084442,NA,NA,FALSE,0.1243,NA,23,162,NA,NA,NA,Intron,FALSE,FALSE,FALSE,FALSE,11,9,2,9_2,d4907a1b-8b06-47c5-8bca-c781d9cddaf8,NA
8,40943743,40943743,1,snv_mnv,NA,NA,"broad,dkfz,muse,sanger",4,COSN8084641,rs777744485,AluSx1,FALSE,0.3793,NA,22,36,NA,NA,NA,IGR,FALSE,FALSE,FALSE,FALSE,3,2,1,2_1,d4907a1b-8b06-47c5-8bca-c781d9cddaf8,NA
8,40988723,40988723,1,snv_mnv,NA,NA,"broad,dkfz,muse,sanger",4,COSN8084680,NA,L1PA11,FALSE,0.1905,NA,16,68,NA,NA,NA,IGR,FALSE,FALSE,FALSE,FALSE,3,2,1,2_1,d4907a1b-8b06-47c5-8bca-c781d9cddaf8,NA
8,41107609,41107609,1,snv_mnv,NA,NA,"broad,dkfz,muse,sanger",4,COSN8084760,NA,NA,FALSE,0.1549,NA,11,60,NA,NA,NA,IGR,FALSE,FALSE,FALSE,FALSE,3,2,1,2_1,d4907a1b-8b06-47c5-8bca-c781d9cddaf8,NA
8,42362966,42362966,1,snv_mnv,NA,NA,"broad,dkfz,muse,sanger",4,COSN8085156,NA,NA,FALSE,0.5398,NA,61,52,NA,NA,NA,Intron,FALSE,FALSE,FALSE,FALSE,7,5,2,5_2,d4907a1b-8b06-47c5-8bca-c781d9cddaf8,SLC20A2
8,42920809,42920809,1,snv_mnv,NA,NA,"broad,dkfz,muse,sanger",4,COSN8085323,rs533951489,NA,FALSE,0.5736,NA,74,55,NA,NA,NA,Intron,FALSE,FALSE,FALSE,FALSE,7,5,2,5_2,d4907a1b-8b06-47c5-8bca-c781d9cddaf8,NA
8,50073227,50073227,1,snv_mnv,NA,NA,"broad,dkfz,muse,sanger",4,COSN8087989,NA,NA,FALSE,0.1829,NA,15,67,NA,NA,NA,IGR,FALSE,FALSE,FALSE,FALSE,2,2,0,2_0,d4907a1b-8b06-47c5-8bca-c781d9cddaf8,NA
8,50314727,50314727,1,snv_mnv,NA,NA,"broad,dkfz,muse,sanger",4,COSN8088125,NA,AluSz,FALSE,0.2857,NA,12,30,NA,NA,NA,IGR,FALSE,FALSE,FALSE,FALSE,2,2,0,2_0,d4907a1b-8b06-47c5-8bca-c781d9cddaf8,NA
8,50678212,50678212,1,snv_mnv,NA,NA,"broad,dkfz,muse,sanger",4,COSN8088365,NA,MLT2B3,FALSE,0.3191,NA,15,32,NA,NA,NA,IGR,FALSE,FALSE,FALSE,FALSE,2,2,0,2_0,d4907a1b-8b06-47c5-8bca-c781d9cddaf8,NA
8,50841948,50841948,1,snv_mnv,NA,NA,"broad,dkfz,muse,sanger",4,COSN8088466,NA,LTR80A,FALSE,0.4,NA,28,42,NA,NA,NA,Intron,FALSE,FALSE,FALSE,FALSE,2,2,0,2_0,d4907a1b-8b06-47c5-8bca-c781d9cddaf8,NA
8,52405222,52405222,1,snv_mnv,NA,NA,"broad,dkfz,muse,sanger",4,COSN8089770,NA,L1PA4,FALSE,0.1591,NA,7,37,NA,NA,NA,Intron,FALSE,FALSE,FALSE,FALSE,2,2,0,2_0,d4907a1b-8b06-47c5-8bca-c781d9cddaf8,NA
8,53461418,53461418,1,snv_mnv,NA,NA,"broad,dkfz,muse,sanger",4,COSN8090196,NA,NA,FALSE,0.5,NA,42,42,NA,NA,NA,Intron,FALSE,FALSE,FALSE,FALSE,2,2,0,2_0,d4907a1b-8b06-47c5-8bca-c781d9cddaf8,NA
8,54000302,54000302,1,snv_mnv,NA,NA,"broad,dkfz,muse,sanger",4,COSN8090455,NA,AluSq2,FALSE,0.127,NA,8,55,NA,NA,NA,IGR,FALSE,FALSE,FALSE,FALSE,4,2,2,2_2,d4907a1b-8b06-47c5-8bca-c781d9cddaf8,NA
8,54116363,54116363,1,snv_mnv,NA,NA,"broad,dkfz,muse,sanger",4,COSN8090529,NA,MLT1J1,FALSE,0.1154,NA,9,69,NA,NA,NA,RNA,FALSE,FALSE,FALSE,FALSE,4,2,2,2_2,d4907a1b-8b06-47c5-8bca-c781d9cddaf8,NA
8,55682060,55682060,1,snv_mnv,NA,NA,"broad,dkfz,muse",3,COSN8091228,NA,NA,FALSE,0.3103,NA,27,60,NA,NA,NA,IGR,FALSE,FALSE,FALSE,FALSE,4,2,2,2_2,d4907a1b-8b06-47c5-8bca-c781d9cddaf8,NA
8,57549377,57549377,1,snv_mnv,NA,NA,"broad,dkfz,muse,sanger",4,COSN8092324,NA,L1PA7,FALSE,0.1944,NA,14,58,NA,NA,NA,IGR,FALSE,FALSE,FALSE,FALSE,4,2,2,2_2,d4907a1b-8b06-47c5-8bca-c781d9cddaf8,AC009597.1
8,58171794,58171794,1,snv_mnv,NA,NA,"broad,dkfz,muse,sanger",4,COSN8092631,NA,NA,FALSE,0.3143,NA,22,48,NA,NA,NA,lincRNA,FALSE,FALSE,FALSE,FALSE,4,2,2,2_2,d4907a1b-8b06-47c5-8bca-c781d9cddaf8,AC025674.2
8,58173094,58173094,1,snv_mnv,NA,NA,"broad,dkfz,muse,sanger",4,COSN8092633,NA,NA,FALSE,0.1579,NA,9,48,NA,NA,NA,lincRNA,FALSE,FALSE,FALSE,FALSE,4,2,2,2_2,d4907a1b-8b06-47c5-8bca-c781d9cddaf8,AC025674.2
8,58895437,58895437,1,snv_mnv,NA,NA,"broad,dkfz,muse,sanger",4,COSN8092952,NA,NA,FALSE,0.1905,NA,20,85,NA,NA,NA,lincRNA,FALSE,FALSE,FALSE,FALSE,4,2,2,2_2,d4907a1b-8b06-47c5-8bca-c781d9cddaf8,NA
8,58994926,58994926,1,snv_mnv,NA,NA,"broad,dkfz,muse,sanger",4,COSN8092988,NA,NA,FALSE,0.3173,NA,33,71,NA,NA,NA,Intron,FALSE,FALSE,FALSE,FALSE,4,2,2,2_2,d4907a1b-8b06-47c5-8bca-c781d9cddaf8,NA
8,59925965,59925965,1,snv_mnv,NA,NA,"broad,dkfz,muse,sanger",4,COSN8093323,NA,NA,FALSE,0.2429,NA,17,53,NA,NA,NA,Intron,FALSE,FALSE,FALSE,FALSE,4,2,2,2_2,d4907a1b-8b06-47c5-8bca-c781d9cddaf8,NA
8,60641426,60641426,1,snv_mnv,NA,NA,"broad,muse,sanger",3,COSN8093628,NA,Tigger2,FALSE,0.5778,NA,26,19,NA,NA,NA,IGR,FALSE,FALSE,FALSE,FALSE,4,2,2,2_2,d4907a1b-8b06-47c5-8bca-c781d9cddaf8,NA
8,60748119,60748119,1,snv_mnv,NA,NA,"broad,dkfz,muse,sanger",4,COSN8093689,NA,NA,FALSE,0.2874,NA,25,62,NA,NA,NA,IGR,FALSE,FALSE,FALSE,FALSE,4,2,2,2_2,d4907a1b-8b06-47c5-8bca-c781d9cddaf8,NA
8,60757752,60757752,1,snv_mnv,NA,NA,"broad,dkfz,muse,sanger",4,COSN8093693,NA,L1MC4,FALSE,0.2316,NA,22,73,NA,NA,NA,IGR,FALSE,FALSE,FALSE,FALSE,4,2,2,2_2,d4907a1b-8b06-47c5-8bca-c781d9cddaf8,NA
8,61351031,61351031,1,snv_mnv,NA,NA,"broad,dkfz,muse,sanger",4,COSN8093931,NA,FLAM_C,FALSE,0.2836,NA,19,48,NA,NA,NA,IGR,FALSE,FALSE,FALSE,FALSE,4,2,2,2_2,d4907a1b-8b06-47c5-8bca-c781d9cddaf8,NA
8,61628802,61628802,1,snv_mnv,NA,NA,"broad,dkfz,muse,sanger",4,COSN8094003,NA,L2a,FALSE,0.3289,NA,25,51,NA,NA,NA,Intron,FALSE,FALSE,FALSE,FALSE,4,2,2,2_2,d4907a1b-8b06-47c5-8bca-c781d9cddaf8,NA
8,61865171,61865171,1,snv_mnv,NA,NA,"broad,dkfz,muse",3,COSN8094064,NA,MER58B,FALSE,0.3548,NA,33,60,NA,NA,NA,lincRNA,FALSE,FALSE,FALSE,FALSE,4,2,2,2_2,d4907a1b-8b06-47c5-8bca-c781d9cddaf8,NA
8,64385731,64385731,1,snv_mnv,NA,NA,"broad,dkfz,muse,sanger",4,COSN8094953,NA,L1MEc,FALSE,0.2927,NA,24,58,NA,NA,NA,lincRNA,FALSE,FALSE,FALSE,FALSE,4,2,2,2_2,d4907a1b-8b06-47c5-8bca-c781d9cddaf8,"AC011124.2,AC011124.1"
8,65175169,65175169,1,snv_mnv,NA,NA,"broad,dkfz,muse,sanger",4,COSN8095657,NA,NA,FALSE,0.3168,NA,32,69,NA,NA,NA,RNA,FALSE,FALSE,TRUE,FALSE,4,2,2,2_2,d4907a1b-8b06-47c5-8bca-c781d9cddaf8,NA
8,65244532,65244532,1,snv_mnv,NA,NA,"broad,dkfz,muse,sanger",4,COSN8095725,NA,NA,FALSE,0.125,NA,10,70,NA,NA,NA,RNA,FALSE,FALSE,FALSE,FALSE,4,2,2,2_2,d4907a1b-8b06-47c5-8bca-c781d9cddaf8,NA
8,65549239,65549239,1,snv_mnv,NA,NA,"broad,dkfz,muse,sanger",4,COSN8095938,NA,NA,FALSE,0.2468,NA,19,58,NA,NA,NA,Intron,FALSE,FALSE,FALSE,FALSE,4,2,2,2_2,d4907a1b-8b06-47c5-8bca-c781d9cddaf8,NA
8,65652903,65652903,1,snv_mnv,NA,NA,"broad,dkfz,muse,sanger",4,COSN8095989,NA,L1MCb,FALSE,0.1489,NA,14,80,NA,NA,NA,Intron,FALSE,FALSE,FALSE,FALSE,4,2,2,2_2,d4907a1b-8b06-47c5-8bca-c781d9cddaf8,NA
8,66041787,66041787,1,snv_mnv,NA,NA,"broad,dkfz,muse",3,COSN8096199,rs750961473,AluY,FALSE,0.1688,NA,13,64,NA,NA,NA,IGR,FALSE,FALSE,FALSE,FALSE,4,2,2,2_2,d4907a1b-8b06-47c5-8bca-c781d9cddaf8,NA
8,67605489,67605489,1,snv_mnv,NA,NA,"broad,dkfz,muse,sanger",4,COSN8096799,NA,NA,FALSE,0.2828,NA,28,71,NA,NA,NA,Intron,FALSE,FALSE,FALSE,FALSE,4,2,2,2_2,d4907a1b-8b06-47c5-8bca-c781d9cddaf8,NA
8,69691802,69691802,1,snv_mnv,NA,NA,"broad,dkfz,muse,sanger",4,COSN8097906,NA,NA,FALSE,0.1474,NA,14,81,NA,NA,NA,Intron,FALSE,FALSE,FALSE,FALSE,4,2,2,2_2,d4907a1b-8b06-47c5-8bca-c781d9cddaf8,NA
8,70274637,70274637,1,snv_mnv,NA,NA,"broad,dkfz,muse,sanger",4,COSN8098382,NA,MER45B,FALSE,0.2059,NA,21,81,NA,NA,NA,IGR,FALSE,FALSE,FALSE,FALSE,4,2,2,2_2,d4907a1b-8b06-47c5-8bca-c781d9cddaf8,NA
8,70718428,70718428,1,snv_mnv,NA,NA,"broad,dkfz,muse,sanger",4,COSN8098610,NA,NA,FALSE,0.2533,NA,19,56,NA,NA,NA,Intron,FALSE,FALSE,FALSE,FALSE,4,2,2,2_2,d4907a1b-8b06-47c5-8bca-c781d9cddaf8,NA
8,71489794,71489794,1,snv_mnv,NA,NA,"broad,dkfz,muse,sanger",4,COSN8098891,NA,MER52A,FALSE,0.3176,NA,27,58,NA,NA,NA,Intron,FALSE,FALSE,FALSE,FALSE,4,2,2,2_2,d4907a1b-8b06-47c5-8bca-c781d9cddaf8,NA
8,72098473,72098473,1,snv_mnv,NA,NA,"broad,dkfz,muse,sanger",4,COSN8099114,NA,NA,FALSE,0.2903,NA,27,66,NA,NA,NA,RNA,FALSE,FALSE,FALSE,FALSE,4,2,2,2_2,d4907a1b-8b06-47c5-8bca-c781d9cddaf8,NA
8,72248085,72248085,1,snv_mnv,NA,NA,"broad,dkfz,muse,sanger",4,COSN8099163,NA,NA,FALSE,0.2727,NA,27,72,NA,NA,NA,Intron,FALSE,FALSE,FALSE,FALSE,4,2,2,2_2,d4907a1b-8b06-47c5-8bca-c781d9cddaf8,NA
8,73269535,73269535,1,snv_mnv,NA,NA,"broad,dkfz,muse",3,COSN8099714,NA,AluSp,FALSE,0.1224,NA,6,43,NA,NA,NA,RNA,FALSE,FALSE,TRUE,FALSE,4,2,2,2_2,d4907a1b-8b06-47c5-8bca-c781d9cddaf8,RNA5SP271
8,73368359,73368359,1,snv_mnv,NA,NA,"broad,dkfz,muse,sanger",4,COSN8099773,NA,L1PA17,FALSE,0.1324,NA,9,59,NA,NA,NA,IGR,FALSE,FALSE,FALSE,FALSE,4,2,2,2_2,d4907a1b-8b06-47c5-8bca-c781d9cddaf8,NA
8,74285365,74285365,1,snv_mnv,NA,NA,"broad,dkfz,muse,sanger",4,COSN8100121,NA,THE1C,FALSE,0.287,NA,31,77,NA,NA,NA,IGR,FALSE,FALSE,FALSE,FALSE,4,2,2,2_2,d4907a1b-8b06-47c5-8bca-c781d9cddaf8,AC111149.1
8,75353016,75353016,1,snv_mnv,NA,NA,"broad,dkfz,muse,sanger",4,COSN8100458,NA,NA,FALSE,0.3402,NA,33,64,NA,NA,NA,IGR,FALSE,FALSE,FALSE,FALSE,4,2,2,2_2,d4907a1b-8b06-47c5-8bca-c781d9cddaf8,NA
8,78083722,78083722,1,snv_mnv,NA,NA,"broad,dkfz,muse,sanger",4,COSN8102152,NA,NA,FALSE,0.2696,NA,31,84,NA,NA,NA,IGR,FALSE,FALSE,TRUE,FALSE,4,2,2,2_2,d4907a1b-8b06-47c5-8bca-c781d9cddaf8,NA
8,78402917,78402917,1,snv_mnv,NA,NA,"broad,dkfz,muse,sanger",4,COSN8102455,NA,NA,FALSE,0.3511,NA,33,61,NA,NA,NA,lincRNA,FALSE,FALSE,FALSE,FALSE,4,2,2,2_2,d4907a1b-8b06-47c5-8bca-c781d9cddaf8,NA
8,78543262,78543262,1,snv_mnv,NA,NA,"broad,dkfz,muse",3,COSN8102577,NA,NA,FALSE,0.2812,NA,27,69,NA,NA,NA,IGR,FALSE,FALSE,FALSE,FALSE,4,2,2,2_2,d4907a1b-8b06-47c5-8bca-c781d9cddaf8,NA
8,78740043,78740043,1,snv_mnv,NA,NA,"broad,dkfz,muse,sanger",4,COSN8102785,NA,L1MA4A,FALSE,0.3026,NA,23,53,NA,NA,NA,IGR,FALSE,FALSE,FALSE,FALSE,4,2,2,2_2,d4907a1b-8b06-47c5-8bca-c781d9cddaf8,NA
8,78938874,78938874,1,snv_mnv,NA,NA,"broad,dkfz,muse,sanger",4,COSN8102952,NA,NA,FALSE,0.1146,NA,11,85,NA,NA,NA,IGR,FALSE,FALSE,FALSE,FALSE,4,2,2,2_2,d4907a1b-8b06-47c5-8bca-c781d9cddaf8,NA
8,78988478,78988478,1,snv_mnv,NA,NA,"broad,dkfz,muse,sanger",4,COSN8102999,NA,NA,FALSE,0.1707,NA,14,68,NA,NA,NA,IGR,FALSE,FALSE,FALSE,FALSE,4,2,2,2_2,d4907a1b-8b06-47c5-8bca-c781d9cddaf8,NA
8,79046835,79046835,1,snv_mnv,NA,NA,"broad,dkfz,muse,sanger",4,COSN8103040,NA,NA,FALSE,0.3125,NA,30,66,NA,NA,NA,IGR,FALSE,FALSE,FALSE,FALSE,4,2,2,2_2,d4907a1b-8b06-47c5-8bca-c781d9cddaf8,NA
8,79079105,79079105,1,snv_mnv,NA,NA,"broad,dkfz,muse",3,COSN8103067,NA,(TAAA)n,FALSE,0.2857,NA,22,55,NA,NA,NA,IGR,FALSE,FALSE,FALSE,FALSE,4,2,2,2_2,d4907a1b-8b06-47c5-8bca-c781d9cddaf8,NA
8,79235174,79235174,1,snv_mnv,NA,NA,"broad,dkfz,muse,sanger",4,COSN8103166,NA,NA,FALSE,0.1667,NA,16,80,NA,NA,NA,IGR,FALSE,FALSE,FALSE,FALSE,4,2,2,2_2,d4907a1b-8b06-47c5-8bca-c781d9cddaf8,NA
8,79249156,79249156,1,snv_mnv,NA,NA,"broad,dkfz,muse,sanger",4,COSN8103176,NA,NA,FALSE,0.3165,NA,25,54,NA,NA,NA,IGR,FALSE,FALSE,FALSE,FALSE,4,2,2,2_2,d4907a1b-8b06-47c5-8bca-c781d9cddaf8,NA
8,79489430,79489430,1,snv_mnv,NA,NA,"broad,dkfz,muse,sanger",4,COSN8103302,NA,L1PA5,FALSE,0.2447,NA,23,71,NA,NA,NA,Intron,FALSE,FALSE,FALSE,FALSE,4,2,2,2_2,d4907a1b-8b06-47c5-8bca-c781d9cddaf8,NA
8,80333261,80333261,1,snv_mnv,NA,NA,"broad,dkfz,muse,sanger",4,COSN17130788,NA,NA,FALSE,0.2584,NA,23,66,NA,NA,NA,IGR,FALSE,FALSE,FALSE,FALSE,4,2,2,2_2,d4907a1b-8b06-47c5-8bca-c781d9cddaf8,NA
8,82931461,82931461,1,snv_mnv,NA,NA,"broad,dkfz,muse,sanger",4,COSN8104559,NA,NA,FALSE,0.4275,NA,56,75,NA,NA,NA,IGR,FALSE,FALSE,FALSE,FALSE,5,3,2,3_2,d4907a1b-8b06-47c5-8bca-c781d9cddaf8,NA
8,83032401,83032401,1,snv_mnv,NA,NA,"broad,dkfz,muse,sanger",4,COSN8104602,NA,HAL1,FALSE,0.2222,NA,22,77,NA,NA,NA,lincRNA,FALSE,FALSE,FALSE,FALSE,5,3,2,3_2,d4907a1b-8b06-47c5-8bca-c781d9cddaf8,NA
8,83255379,83255379,1,snv_mnv,NA,NA,"broad,dkfz,muse,sanger",4,COSN8104730,NA,L2,FALSE,0.1237,NA,12,85,NA,NA,NA,IGR,FALSE,FALSE,FALSE,FALSE,5,3,2,3_2,d4907a1b-8b06-47c5-8bca-c781d9cddaf8,NA
8,83928571,83928571,1,snv_mnv,NA,NA,"broad,dkfz,muse,sanger",4,COSN8105229,NA,MLT1D,FALSE,0.215,NA,23,84,NA,NA,NA,IGR,FALSE,FALSE,FALSE,FALSE,5,3,2,3_2,d4907a1b-8b06-47c5-8bca-c781d9cddaf8,NA
8,84333952,84333952,1,snv_mnv,NA,NA,"broad,dkfz,muse,sanger",4,COSN8105548,NA,HERVL74-int,FALSE,0.1414,NA,14,85,NA,NA,NA,IGR,FALSE,FALSE,FALSE,FALSE,5,3,2,3_2,d4907a1b-8b06-47c5-8bca-c781d9cddaf8,NA
8,84714880,84714880,1,snv_mnv,0.0015974,rs187190757,"broad,dkfz,muse,sanger",4,COSN8105844,rs187190757,AluSx1,FALSE,0.3824,NA,26,42,NA,NA,NA,IGR,FALSE,FALSE,FALSE,FALSE,5,3,2,3_2,d4907a1b-8b06-47c5-8bca-c781d9cddaf8,NA
8,85261592,85261592,1,snv_mnv,NA,NA,"broad,dkfz,muse,sanger",4,COSN8106146,NA,NA,FALSE,0.4016,NA,51,76,NA,NA,NA,Intron,FALSE,FALSE,FALSE,FALSE,5,3,2,3_2,d4907a1b-8b06-47c5-8bca-c781d9cddaf8,NA
8,85355089,85355089,1,snv_mnv,NA,NA,"broad,dkfz,muse,sanger",4,COSN8106187,NA,NA,FALSE,0.299,NA,29,68,NA,NA,NA,Intron,FALSE,FALSE,FALSE,FALSE,5,3,2,3_2,d4907a1b-8b06-47c5-8bca-c781d9cddaf8,NA
8,85616178,85616178,1,snv_mnv,NA,NA,"broad,dkfz,muse,sanger",4,COSN8106321,NA,NA,FALSE,0.1111,NA,9,72,NA,NA,NA,Intron,FALSE,FALSE,FALSE,FALSE,5,3,2,3_2,d4907a1b-8b06-47c5-8bca-c781d9cddaf8,RALYL
8,85930673,85930673,1,snv_mnv,NA,NA,"broad,dkfz,muse,sanger",4,COSN8106522,NA,NA,FALSE,0.3226,NA,30,63,NA,NA,NA,IGR,FALSE,FALSE,FALSE,FALSE,5,3,2,3_2,d4907a1b-8b06-47c5-8bca-c781d9cddaf8,NA
8,86320261,86320261,1,snv_mnv,NA,NA,"broad,dkfz,muse,sanger",4,COSN8106630,NA,L1MB7,FALSE,0.2373,NA,28,90,NA,NA,NA,IGR,FALSE,FALSE,TRUE,FALSE,5,3,2,3_2,d4907a1b-8b06-47c5-8bca-c781d9cddaf8,NA
8,87982523,87982523,1,snv_mnv,NA,NA,"broad,dkfz,muse,sanger",4,COSN8107246,NA,L1MEg,FALSE,0.1165,NA,12,91,NA,NA,NA,Intron,FALSE,FALSE,FALSE,FALSE,5,3,2,3_2,d4907a1b-8b06-47c5-8bca-c781d9cddaf8,NA
8,88330093,88330093,1,snv_mnv,NA,NA,"broad,dkfz,muse,sanger",4,COSN8107548,NA,L1MEc,FALSE,0.2626,NA,26,73,NA,NA,NA,Intron,FALSE,FALSE,FALSE,FALSE,5,3,2,3_2,d4907a1b-8b06-47c5-8bca-c781d9cddaf8,NA
8,88913430,88913430,1,snv_mnv,NA,NA,"broad,dkfz,muse",3,COSN8108121,NA,MLT1D,FALSE,0.3977,NA,35,53,NA,NA,NA,IGR,FALSE,FALSE,FALSE,FALSE,5,3,2,3_2,d4907a1b-8b06-47c5-8bca-c781d9cddaf8,NA
8,89077967,89077967,1,snv_mnv,NA,NA,"broad,dkfz,muse,sanger",4,COSN8108314,NA,NA,FALSE,0.3143,NA,33,72,NA,NA,NA,Intron,FALSE,FALSE,FALSE,FALSE,5,3,2,3_2,d4907a1b-8b06-47c5-8bca-c781d9cddaf8,MMP16
8,89297597,89297597,1,snv_mnv,NA,NA,"broad,dkfz,muse,sanger",4,COSN8108531,NA,AluSx,FALSE,0.129,NA,12,81,NA,NA,NA,Intron,FALSE,FALSE,FALSE,FALSE,5,3,2,3_2,d4907a1b-8b06-47c5-8bca-c781d9cddaf8,NA
8,89407686,89407686,1,snv_mnv,NA,NA,"broad,dkfz,muse,sanger",4,COSN8108644,NA,NA,FALSE,0.1313,NA,13,86,NA,NA,NA,RNA,FALSE,FALSE,FALSE,FALSE,5,3,2,3_2,d4907a1b-8b06-47c5-8bca-c781d9cddaf8,RNA5SP272
8,89469244,89469244,1,snv_mnv,NA,NA,"broad,dkfz,muse,sanger",4,COSN8108706,NA,L1PA12,FALSE,0.3049,NA,25,57,NA,NA,NA,RNA,FALSE,FALSE,FALSE,FALSE,5,3,2,3_2,d4907a1b-8b06-47c5-8bca-c781d9cddaf8,NA
8,90151111,90151111,1,snv_mnv,NA,NA,"broad,dkfz,muse,sanger",4,COSN8109338,NA,L1P1,FALSE,0.1111,NA,11,88,NA,NA,NA,IGR,FALSE,FALSE,FALSE,FALSE,5,3,2,3_2,d4907a1b-8b06-47c5-8bca-c781d9cddaf8,NA
8,90296168,90296168,1,snv_mnv,NA,NA,"broad,dkfz,muse,sanger",4,COSN8109434,NA,THE1C-int,FALSE,0.1333,NA,12,78,NA,NA,NA,IGR,FALSE,FALSE,FALSE,FALSE,5,3,2,3_2,d4907a1b-8b06-47c5-8bca-c781d9cddaf8,NA
8,90358091,90358091,1,snv_mnv,NA,NA,"broad,dkfz,muse,sanger",4,COSN8109485,NA,L2c,FALSE,0.1792,NA,19,87,NA,NA,NA,IGR,FALSE,FALSE,FALSE,FALSE,5,3,2,3_2,d4907a1b-8b06-47c5-8bca-c781d9cddaf8,NA
8,90443643,90443643,1,snv_mnv,NA,NA,"broad,dkfz,muse,sanger",4,COSN8109533,NA,L1MEe,FALSE,0.1538,NA,12,66,NA,NA,NA,IGR,FALSE,FALSE,FALSE,FALSE,5,3,2,3_2,d4907a1b-8b06-47c5-8bca-c781d9cddaf8,NA
8,92085587,92085587,1,snv_mnv,NA,NA,"broad,dkfz,muse,sanger",4,COSN8110158,NA,NA,FALSE,0.2947,NA,28,67,NA,NA,NA,Intron,FALSE,FALSE,FALSE,FALSE,5,3,2,3_2,d4907a1b-8b06-47c5-8bca-c781d9cddaf8,OTUD6B-AS1
8,92615695,92615695,1,snv_mnv,NA,NA,"broad,dkfz,muse,sanger",4,COSN8110399,NA,AluSc,FALSE,0.099,NA,10,91,NA,NA,NA,lincRNA,FALSE,FALSE,FALSE,FALSE,5,3,2,3_2,d4907a1b-8b06-47c5-8bca-c781d9cddaf8,NA
8,92640148,92640148,1,snv_mnv,NA,NA,"broad,dkfz,muse,sanger",4,COSN8110423,NA,AluSz,FALSE,0.1124,NA,10,79,NA,NA,NA,lincRNA,FALSE,FALSE,FALSE,FALSE,5,3,2,3_2,d4907a1b-8b06-47c5-8bca-c781d9cddaf8,NA
8,93314040,93314040,1,snv_mnv,NA,NA,"broad,dkfz,muse,sanger",4,COSN8110876,NA,MER82,FALSE,0.1146,NA,11,85,NA,NA,NA,IGR,FALSE,FALSE,FALSE,FALSE,5,3,2,3_2,d4907a1b-8b06-47c5-8bca-c781d9cddaf8,NA
8,94679543,94679543,1,snv_mnv,NA,NA,"broad,dkfz,muse,sanger",4,COSN8111591,NA,SATR2,FALSE,0.339,NA,40,78,NA,NA,NA,RNA,FALSE,FALSE,FALSE,FALSE,5,3,2,3_2,d4907a1b-8b06-47c5-8bca-c781d9cddaf8,NA
8,95555150,95555150,1,snv_mnv,NA,NA,"broad,dkfz,muse,sanger",4,COSN8111777,NA,AluSp,FALSE,0.2308,NA,21,70,NA,NA,NA,Intron,FALSE,FALSE,FALSE,FALSE,5,3,2,3_2,d4907a1b-8b06-47c5-8bca-c781d9cddaf8,NA
8,96506875,96506875,1,snv_mnv,NA,NA,"broad,dkfz,muse,sanger",4,COSN8112018,NA,L1MA8,FALSE,0.2245,NA,22,76,NA,NA,NA,lincRNA,FALSE,FALSE,FALSE,FALSE,5,3,2,3_2,d4907a1b-8b06-47c5-8bca-c781d9cddaf8,NA
8,97077390,97077390,1,snv_mnv,NA,NA,"broad,dkfz,muse,sanger",4,COSN8112318,NA,NA,FALSE,0.2157,NA,22,80,NA,NA,NA,IGR,FALSE,FALSE,TRUE,FALSE,5,3,2,3_2,d4907a1b-8b06-47c5-8bca-c781d9cddaf8,AC007992.1
8,97469862,97469862,1,snv_mnv,NA,NA,"broad,dkfz,muse,sanger",4,COSN8112504,NA,NA,FALSE,0.241,NA,20,63,NA,NA,NA,IGR,FALSE,FALSE,FALSE,FALSE,5,3,2,3_2,d4907a1b-8b06-47c5-8bca-c781d9cddaf8,NA
8,100564697,100564697,1,snv_mnv,NA,NA,"broad,dkfz,muse,sanger",4,COSN8050552,NA,NA,FALSE,0.12,NA,12,88,NA,NA,NA,Intron,FALSE,FALSE,FALSE,FALSE,5,3,2,3_2,d4907a1b-8b06-47c5-8bca-c781d9cddaf8,NA
8,101945267,101945267,1,snv_mnv,NA,NA,"broad,dkfz,muse,sanger",4,COSN8050940,NA,Charlie1a,FALSE,0.1512,NA,13,73,NA,NA,NA,Intron,FALSE,FALSE,TRUE,FALSE,5,3,2,3_2,d4907a1b-8b06-47c5-8bca-c781d9cddaf8,NA
8,102063628,102063628,1,snv_mnv,NA,NA,"broad,dkfz,muse,sanger",4,COSN8050980,NA,NA,FALSE,0.2577,NA,25,72,NA,NA,NA,lincRNA,FALSE,FALSE,FALSE,FALSE,5,3,2,3_2,d4907a1b-8b06-47c5-8bca-c781d9cddaf8,AC018781.1
8,102433687,102433687,1,snv_mnv,NA,NA,"broad,dkfz,muse,sanger",4,COSN8051073,NA,MIR3,FALSE,0.3789,NA,36,59,NA,NA,NA,lincRNA,FALSE,FALSE,FALSE,FALSE,5,3,2,3_2,d4907a1b-8b06-47c5-8bca-c781d9cddaf8,NA
8,102494084,102494084,1,snv_mnv,NA,NA,"broad,dkfz,muse,sanger",4,COSN8051093,NA,NA,FALSE,0.2526,NA,24,71,NA,NA,NA,RNA,FALSE,FALSE,FALSE,FALSE,5,3,2,3_2,d4907a1b-8b06-47c5-8bca-c781d9cddaf8,NA
8,104250213,104250213,1,snv_mnv,NA,NA,"broad,dkfz,muse,sanger",4,COSN8051567,NA,AluSx,FALSE,0.2857,NA,28,70,NA,NA,NA,RNA,FALSE,FALSE,FALSE,FALSE,5,3,2,3_2,d4907a1b-8b06-47c5-8bca-c781d9cddaf8,NA
8,104763148,104763148,1,snv_mnv,NA,NA,"broad,dkfz,muse,sanger",4,COSN8051802,NA,THE1B,FALSE,0.3765,NA,32,53,NA,NA,NA,Intron,FALSE,FALSE,FALSE,FALSE,5,3,2,3_2,d4907a1b-8b06-47c5-8bca-c781d9cddaf8,NA
8,104788265,104788265,1,snv_mnv,NA,NA,"broad,dkfz,muse,sanger",4,COSN8051819,NA,BLACKJACK,FALSE,0.3455,NA,38,72,NA,NA,NA,Intron,FALSE,FALSE,FALSE,FALSE,5,3,2,3_2,d4907a1b-8b06-47c5-8bca-c781d9cddaf8,NA
8,105049231,105049231,1,snv_mnv,NA,NA,"broad,dkfz,muse,sanger",4,COSN8051998,NA,NA,FALSE,0.1121,NA,12,95,NA,NA,NA,Intron,FALSE,FALSE,FALSE,FALSE,5,3,2,3_2,d4907a1b-8b06-47c5-8bca-c781d9cddaf8,NA
8,106135156,106135156,1,snv_mnv,NA,NA,"broad,dkfz,muse,sanger",4,COSN8052802,NA,NA,FALSE,0.0873,NA,11,115,NA,NA,NA,IGR,FALSE,FALSE,FALSE,FALSE,5,3,2,3_2,d4907a1b-8b06-47c5-8bca-c781d9cddaf8,NA
8,106815784,106815784,1,snv_mnv,NA,NA,"broad,dkfz,muse,sanger",4,COSN8053240,NA,NA,FALSE,0.4078,NA,42,61,NA,NA,NA,3'UTR,FALSE,FALSE,FALSE,FALSE,5,3,2,3_2,d4907a1b-8b06-47c5-8bca-c781d9cddaf8,NA
8,107447955,107447955,1,snv_mnv,NA,NA,"broad,dkfz,muse,sanger",4,COSN8053463,NA,NA,FALSE,0.2721,NA,37,99,NA,NA,NA,Intron,FALSE,FALSE,FALSE,FALSE,5,3,2,3_2,d4907a1b-8b06-47c5-8bca-c781d9cddaf8,NA
8,108204103,108204103,1,snv_mnv,NA,NA,"broad,dkfz,muse,sanger",4,COSN8053763,NA,NA,FALSE,0.1461,NA,13,76,NA,NA,NA,IGR,FALSE,FALSE,FALSE,FALSE,5,3,2,3_2,d4907a1b-8b06-47c5-8bca-c781d9cddaf8,NA
8,108221778,108221778,1,snv_mnv,NA,NA,"broad,dkfz,muse,sanger",4,COSN8053772,NA,NA,FALSE,0.2525,NA,25,74,NA,NA,NA,IGR,FALSE,FALSE,FALSE,FALSE,5,3,2,3_2,d4907a1b-8b06-47c5-8bca-c781d9cddaf8,NA
8,108498784,108498784,1,snv_mnv,NA,NA,"broad,dkfz,muse,sanger",4,COSN8053981,NA,MIR,FALSE,0.2917,NA,35,85,NA,NA,NA,IGR,FALSE,FALSE,FALSE,FALSE,5,3,2,3_2,d4907a1b-8b06-47c5-8bca-c781d9cddaf8,NA
8,109009117,109009117,1,snv_mnv,NA,NA,"broad,dkfz,muse,sanger",4,COSN8054367,NA,NA,FALSE,0.384,NA,48,77,NA,NA,NA,Intron,FALSE,FALSE,FALSE,FALSE,5,3,2,3_2,d4907a1b-8b06-47c5-8bca-c781d9cddaf8,NA
8,109165828,109165828,1,snv_mnv,NA,NA,"broad,dkfz,muse,sanger",4,COSN8054462,NA,L1PA10,FALSE,0.1333,NA,14,91,NA,NA,NA,IGR,FALSE,FALSE,FALSE,FALSE,5,3,2,3_2,d4907a1b-8b06-47c5-8bca-c781d9cddaf8,NA
8,109210599,109210599,1,snv_mnv,NA,NA,"broad,dkfz,muse,sanger",4,COSN8054488,NA,Tigger2,FALSE,0.3678,NA,32,55,NA,NA,NA,IGR,FALSE,FALSE,FALSE,FALSE,5,3,2,3_2,d4907a1b-8b06-47c5-8bca-c781d9cddaf8,EIF3E
8,109391067,109391067,1,snv_mnv,NA,NA,"broad,dkfz,muse,sanger",4,COSN8054579,NA,NA,FALSE,0.3367,NA,33,65,NA,NA,NA,IGR,FALSE,FALSE,FALSE,FALSE,5,3,2,3_2,d4907a1b-8b06-47c5-8bca-c781d9cddaf8,NA
8,109739730,109739730,1,snv_mnv,NA,NA,"broad,dkfz,muse,sanger",4,COSN8054737,NA,L2a,FALSE,0.2268,NA,22,75,NA,NA,NA,Intron,FALSE,FALSE,FALSE,FALSE,5,3,2,3_2,d4907a1b-8b06-47c5-8bca-c781d9cddaf8,NA
8,110181780,110181780,1,snv_mnv,NA,NA,"broad,dkfz,muse,sanger",4,COSN8054934,NA,Charlie2a,FALSE,0.2524,NA,26,77,NA,NA,NA,IGR,FALSE,FALSE,FALSE,FALSE,5,3,2,3_2,d4907a1b-8b06-47c5-8bca-c781d9cddaf8,NA
8,110887124,110887124,1,snv_mnv,NA,NA,"broad,dkfz,muse,sanger",4,COSN8055202,NA,MER58A,FALSE,0.4444,NA,52,65,NA,NA,NA,RNA,FALSE,FALSE,FALSE,FALSE,5,3,2,3_2,d4907a1b-8b06-47c5-8bca-c781d9cddaf8,RF00004
8,111019503,111019503,1,snv_mnv,NA,NA,"broad,dkfz,muse,sanger",4,COSN8055285,NA,L1MA2,FALSE,0.3412,NA,29,56,NA,NA,NA,IGR,FALSE,FALSE,FALSE,FALSE,5,3,2,3_2,d4907a1b-8b06-47c5-8bca-c781d9cddaf8,NA
8,111087080,111087080,1,snv_mnv,NA,NA,"broad,dkfz,muse,sanger",4,COSN8055345,NA,MLT1A0,FALSE,0.1505,NA,14,79,NA,NA,NA,IGR,FALSE,FALSE,FALSE,FALSE,5,3,2,3_2,d4907a1b-8b06-47c5-8bca-c781d9cddaf8,NA
8,111462254,111462254,1,snv_mnv,NA,NA,"broad,dkfz,muse,sanger",4,COSN8055693,NA,MLT2C1,FALSE,0.2202,NA,24,85,NA,NA,NA,IGR,FALSE,FALSE,FALSE,FALSE,5,3,2,3_2,d4907a1b-8b06-47c5-8bca-c781d9cddaf8,NA
8,111748398,111748398,1,snv_mnv,NA,NA,"broad,dkfz,muse,sanger",4,COSN8055983,NA,L1MD2,FALSE,0.2621,NA,27,76,NA,NA,NA,IGR,FALSE,FALSE,FALSE,FALSE,5,3,2,3_2,d4907a1b-8b06-47c5-8bca-c781d9cddaf8,NA
8,111797822,111797822,1,snv_mnv,NA,NA,"broad,dkfz,muse,sanger",4,COSN8056027,NA,L1MA9,FALSE,0.1217,NA,14,101,NA,NA,NA,IGR,FALSE,FALSE,TRUE,FALSE,5,3,2,3_2,d4907a1b-8b06-47c5-8bca-c781d9cddaf8,NA
8,111913726,111913726,1,snv_mnv,NA,NA,"broad,dkfz,muse,sanger",4,COSN8056132,NA,NA,FALSE,0.1416,NA,16,97,NA,NA,NA,IGR,FALSE,FALSE,FALSE,FALSE,5,3,2,3_2,d4907a1b-8b06-47c5-8bca-c781d9cddaf8,NA
8,112023986,112023986,1,snv_mnv,0.0015974,rs112058048,"broad,muse,sanger",3,COSN8056212,rs112058048,L1PA4,FALSE,0.1477,NA,13,75,NA,NA,NA,lincRNA,FALSE,FALSE,FALSE,FALSE,5,3,2,3_2,d4907a1b-8b06-47c5-8bca-c781d9cddaf8,NA
8,112065940,112065940,1,snv_mnv,NA,NA,"broad,dkfz,muse,sanger",4,COSN8056264,NA,L1MB5,FALSE,0.2037,NA,22,86,NA,NA,NA,IGR,FALSE,FALSE,FALSE,FALSE,5,3,2,3_2,d4907a1b-8b06-47c5-8bca-c781d9cddaf8,NA
8,112271733,112271733,1,snv_mnv,NA,NA,"broad,dkfz,muse,sanger",4,COSN8056444,NA,LTR10D,FALSE,0.1806,NA,13,59,NA,NA,NA,IGR,FALSE,FALSE,FALSE,FALSE,5,3,2,3_2,d4907a1b-8b06-47c5-8bca-c781d9cddaf8,NA
8,112574071,112574071,1,snv_mnv,NA,NA,"broad,dkfz,muse,sanger",4,COSN8056749,NA,NA,FALSE,0.1293,NA,15,101,NA,NA,NA,IGR,FALSE,FALSE,FALSE,FALSE,5,3,2,3_2,d4907a1b-8b06-47c5-8bca-c781d9cddaf8,NA
8,112599437,112599437,1,snv_mnv,NA,NA,"broad,dkfz,muse,sanger",4,COSN8056790,NA,NA,FALSE,0.4314,NA,44,58,NA,NA,NA,IGR,FALSE,FALSE,FALSE,FALSE,5,3,2,3_2,d4907a1b-8b06-47c5-8bca-c781d9cddaf8,NA
8,112677661,112677661,1,snv_mnv,NA,NA,"broad,dkfz,muse,sanger",4,COSN8056878,NA,AT_rich,FALSE,0.2583,NA,31,89,NA,NA,NA,IGR,FALSE,FALSE,TRUE,FALSE,5,3,2,3_2,d4907a1b-8b06-47c5-8bca-c781d9cddaf8,NA
8,112699915,112699915,1,snv_mnv,NA,NA,"broad,dkfz,muse,sanger",4,COSN8056907,NA,NA,FALSE,0.0769,NA,7,84,NA,NA,NA,IGR,FALSE,FALSE,FALSE,FALSE,5,3,2,3_2,d4907a1b-8b06-47c5-8bca-c781d9cddaf8,NA
8,112699916,112699916,1,snv_mnv,NA,NA,"broad,dkfz,muse,sanger",4,COSN8056908,NA,NA,FALSE,0.0778,NA,7,83,NA,NA,NA,IGR,FALSE,FALSE,FALSE,FALSE,5,3,2,3_2,d4907a1b-8b06-47c5-8bca-c781d9cddaf8,NA
8,112727461,112727461,1,snv_mnv,NA,NA,"broad,dkfz,muse,sanger",4,COSN8056940,NA,MER20,FALSE,0.2574,NA,26,75,NA,NA,NA,IGR,FALSE,FALSE,FALSE,FALSE,5,3,2,3_2,d4907a1b-8b06-47c5-8bca-c781d9cddaf8,NA
8,112810421,112810421,1,snv_mnv,NA,NA,"broad,dkfz,muse,sanger",4,COSN8057015,NA,LTR33C,FALSE,0.2747,NA,25,66,NA,NA,NA,IGR,FALSE,FALSE,FALSE,FALSE,5,3,2,3_2,d4907a1b-8b06-47c5-8bca-c781d9cddaf8,NA
8,112817870,112817870,1,snv_mnv,NA,NA,"broad,dkfz,muse,sanger",4,COSN2465033,NA,LTR7,FALSE,0.2316,NA,22,73,NA,NA,NA,IGR,FALSE,FALSE,FALSE,FALSE,5,3,2,3_2,d4907a1b-8b06-47c5-8bca-c781d9cddaf8,NA
8,112861649,112861649,1,snv_mnv,NA,NA,"broad,dkfz,muse,sanger",4,COSN16082278,NA,AluY,FALSE,0.4824,NA,41,44,NA,NA,NA,IGR,FALSE,FALSE,FALSE,FALSE,5,3,2,3_2,d4907a1b-8b06-47c5-8bca-c781d9cddaf8,NA
8,112880627,112880627,1,snv_mnv,NA,NA,"broad,dkfz,muse,sanger",4,COSN8057098,NA,NA,FALSE,0.2353,NA,24,78,NA,NA,NA,IGR,FALSE,FALSE,FALSE,FALSE,5,3,2,3_2,d4907a1b-8b06-47c5-8bca-c781d9cddaf8,NA
8,113504416,113504416,1,snv_mnv,NA,NA,"broad,dkfz,muse,sanger",4,COSN8057637,NA,L2a,FALSE,0.1304,NA,15,100,NA,NA,NA,Intron,FALSE,FALSE,FALSE,FALSE,5,3,2,3_2,d4907a1b-8b06-47c5-8bca-c781d9cddaf8,NA
8,113583104,113583104,1,snv_mnv,NA,NA,"broad,dkfz,muse,sanger",4,COSN8057713,NA,NA,FALSE,0.1466,NA,17,99,NA,NA,NA,Intron,FALSE,FALSE,FALSE,FALSE,5,3,2,3_2,d4907a1b-8b06-47c5-8bca-c781d9cddaf8,NA
8,113811316,113811316,1,snv_mnv,NA,NA,"broad,dkfz,muse,sanger",4,COSN8057895,NA,NA,FALSE,0.1951,NA,24,99,NA,NA,NA,Intron,FALSE,FALSE,FALSE,FALSE,5,3,2,3_2,d4907a1b-8b06-47c5-8bca-c781d9cddaf8,NA
8,114600684,114600684,1,snv_mnv,NA,NA,"broad,dkfz,muse,sanger",4,COSN8058496,NA,L1PA12,FALSE,0.4561,NA,52,62,NA,NA,NA,IGR,FALSE,FALSE,FALSE,FALSE,5,3,2,3_2,d4907a1b-8b06-47c5-8bca-c781d9cddaf8,NA
8,115132821,115132821,1,snv_mnv,NA,NA,"broad,dkfz,muse,sanger",4,COSN8059102,NA,NA,FALSE,0.1982,NA,22,89,NA,NA,NA,IGR,FALSE,FALSE,FALSE,FALSE,5,3,2,3_2,d4907a1b-8b06-47c5-8bca-c781d9cddaf8,NA
8,115144791,115144791,1,snv_mnv,NA,NA,"broad,dkfz,muse,sanger",4,COSN8059116,NA,L1MA4A,FALSE,0.2809,NA,25,64,NA,NA,NA,IGR,FALSE,FALSE,FALSE,FALSE,5,3,2,3_2,d4907a1b-8b06-47c5-8bca-c781d9cddaf8,NA
8,115408464,115408464,1,snv_mnv,NA,NA,"broad,dkfz,muse,sanger",4,COSN8059421,NA,NA,FALSE,0.2681,NA,37,101,NA,NA,NA,IGR,FALSE,FALSE,FALSE,FALSE,5,3,2,3_2,d4907a1b-8b06-47c5-8bca-c781d9cddaf8,NA
8,115408478,115408478,1,snv_mnv,NA,NA,"broad,dkfz,muse,sanger",4,COSN8059422,NA,NA,FALSE,0.2707,NA,36,97,NA,NA,NA,IGR,FALSE,FALSE,FALSE,FALSE,5,3,2,3_2,d4907a1b-8b06-47c5-8bca-c781d9cddaf8,NA
8,115505463,115505463,1,snv_mnv,NA,NA,"broad,dkfz,muse,sanger",4,COSN8059523,NA,NA,FALSE,0.0935,NA,10,97,NA,NA,NA,IGR,FALSE,FALSE,FALSE,FALSE,5,3,2,3_2,d4907a1b-8b06-47c5-8bca-c781d9cddaf8,NA
8,115505492,115505492,1,snv_mnv,NA,NA,"broad,dkfz,muse,sanger",4,COSN8059524,NA,NA,FALSE,0.1132,NA,12,94,NA,NA,NA,IGR,FALSE,FALSE,FALSE,FALSE,5,3,2,3_2,d4907a1b-8b06-47c5-8bca-c781d9cddaf8,NA
8,115972778,115972778,1,snv_mnv,NA,NA,"broad,dkfz,muse,sanger",4,COSN8060035,NA,T-rich,FALSE,0.2377,NA,29,93,NA,NA,NA,IGR,FALSE,FALSE,TRUE,FALSE,5,3,2,3_2,d4907a1b-8b06-47c5-8bca-c781d9cddaf8,NA
8,116001021,116001021,1,snv_mnv,NA,NA,"broad,dkfz,muse,sanger",4,COSN8060065,NA,L1MD,FALSE,0.1068,NA,11,92,NA,NA,NA,IGR,FALSE,FALSE,FALSE,FALSE,5,3,2,3_2,d4907a1b-8b06-47c5-8bca-c781d9cddaf8,NA
8,116304509,116304509,1,snv_mnv,1.9968e-4,rs562951047,"broad,dkfz,muse,sanger",4,COSN8060314,rs562951047,AluSg,FALSE,0.3065,NA,19,43,NA,NA,NA,IGR,FALSE,FALSE,FALSE,FALSE,5,3,2,3_2,d4907a1b-8b06-47c5-8bca-c781d9cddaf8,NA
8,116410710,116410710,1,snv_mnv,NA,NA,"broad,dkfz,muse,sanger",4,COSN8060403,NA,NA,FALSE,0.3218,NA,28,59,NA,NA,NA,IGR,FALSE,FALSE,FALSE,FALSE,5,3,2,3_2,d4907a1b-8b06-47c5-8bca-c781d9cddaf8,NA
8,116591603,116591603,1,snv_mnv,NA,NA,"broad,dkfz,muse,sanger",4,COSN8060528,NA,NA,FALSE,0.1122,NA,11,87,NA,NA,NA,Intron,FALSE,FALSE,FALSE,FALSE,5,3,2,3_2,d4907a1b-8b06-47c5-8bca-c781d9cddaf8,NA
8,116591780,116591780,1,snv_mnv,NA,NA,"broad,dkfz,muse,sanger",4,COSN8060530,NA,NA,FALSE,0.1504,NA,17,96,NA,NA,NA,Intron,FALSE,FALSE,FALSE,FALSE,5,3,2,3_2,d4907a1b-8b06-47c5-8bca-c781d9cddaf8,NA
8,117526190,117526190,1,snv_mnv,NA,NA,"broad,dkfz,muse,sanger",4,COSN8061034,NA,NA,FALSE,0.4151,NA,44,62,NA,NA,NA,IGR,FALSE,FALSE,FALSE,FALSE,5,3,2,3_2,d4907a1b-8b06-47c5-8bca-c781d9cddaf8,NA
8,120771069,120771069,1,snv_mnv,NA,NA,"broad,dkfz,muse,sanger",4,COSN8062215,NA,NA,FALSE,0.3077,NA,32,72,NA,NA,NA,Intron,FALSE,FALSE,FALSE,FALSE,5,3,2,3_2,d4907a1b-8b06-47c5-8bca-c781d9cddaf8,TAF2
8,121277193,121277193,1,snv_mnv,NA,NA,"broad,dkfz,muse,sanger",4,COSN8062364,NA,L3,FALSE,0.1209,NA,11,80,NA,NA,NA,Intron,FALSE,FALSE,FALSE,FALSE,5,3,2,3_2,d4907a1b-8b06-47c5-8bca-c781d9cddaf8,NA
8,122727728,122727728,1,snv_mnv,NA,NA,"broad,dkfz,muse,sanger",4,COSN8062904,NA,NA,FALSE,0.2558,NA,22,64,NA,NA,NA,IGR,FALSE,FALSE,FALSE,FALSE,5,3,2,3_2,d4907a1b-8b06-47c5-8bca-c781d9cddaf8,NA
8,123215119,123215119,1,snv_mnv,NA,NA,"broad,muse,sanger",3,COSN8063120,NA,L1PA7,FALSE,0.1169,NA,9,68,NA,NA,NA,IGR,FALSE,FALSE,TRUE,FALSE,5,3,2,3_2,d4907a1b-8b06-47c5-8bca-c781d9cddaf8,NA
8,123572969,123572969,1,snv_mnv,NA,NA,"broad,dkfz,muse,sanger",4,COSN8063271,NA,AluSz6,FALSE,0.2165,NA,21,76,NA,NA,NA,IGR,FALSE,FALSE,FALSE,FALSE,5,3,2,3_2,d4907a1b-8b06-47c5-8bca-c781d9cddaf8,NA
8,124794282,124794282,1,snv_mnv,NA,NA,"broad,dkfz,muse,sanger",4,COSN8063610,NA,NA,FALSE,0.3246,NA,37,77,NA,NA,NA,Intron,FALSE,FALSE,FALSE,FALSE,5,3,2,3_2,d4907a1b-8b06-47c5-8bca-c781d9cddaf8,NA
8,127114737,127114737,1,snv_mnv,NA,NA,"broad,dkfz,muse,sanger",4,COSN8064357,NA,LTR16A,FALSE,0.2706,NA,23,62,NA,NA,NA,IGR,FALSE,FALSE,FALSE,FALSE,5,3,2,3_2,d4907a1b-8b06-47c5-8bca-c781d9cddaf8,NA
8,127608778,127608778,1,snv_mnv,NA,NA,"broad,muse,sanger",3,COSN8064598,NA,AluY,FALSE,0.1089,NA,11,90,NA,NA,NA,RNA,FALSE,FALSE,FALSE,FALSE,5,3,2,3_2,d4907a1b-8b06-47c5-8bca-c781d9cddaf8,NA
8,127945002,127945002,1,snv_mnv,0.0011981,rs576570773,"broad,dkfz,muse,sanger",4,COSN8064680,rs576570773,AluY,FALSE,0.2593,NA,21,60,NA,NA,NA,IGR,FALSE,FALSE,FALSE,FALSE,5,3,2,3_2,d4907a1b-8b06-47c5-8bca-c781d9cddaf8,NA
8,129539174,129539174,1,snv_mnv,NA,NA,"broad,dkfz,muse,sanger",4,COSN8065230,NA,NA,FALSE,0.3444,NA,31,59,NA,NA,NA,IGR,FALSE,FALSE,FALSE,FALSE,5,3,2,3_2,d4907a1b-8b06-47c5-8bca-c781d9cddaf8,NA
8,130044175,130044175,1,snv_mnv,NA,NA,"broad,dkfz,muse,sanger",4,COSN8065452,NA,MIR,FALSE,0.2344,NA,30,98,NA,NA,NA,IGR,FALSE,FALSE,FALSE,FALSE,5,3,2,3_2,d4907a1b-8b06-47c5-8bca-c781d9cddaf8,NA
8,130066769,130066769,1,snv_mnv,NA,NA,"broad,dkfz,muse,sanger",4,COSN8065466,NA,MER1A,FALSE,0.1408,NA,10,61,NA,NA,NA,IGR,FALSE,FALSE,FALSE,FALSE,5,3,2,3_2,d4907a1b-8b06-47c5-8bca-c781d9cddaf8,NA
8,130190297,130190297,1,snv_mnv,NA,NA,"broad,dkfz,muse,sanger",4,COSN8065544,NA,NA,FALSE,0.1881,NA,19,82,NA,NA,NA,IGR,FALSE,FALSE,FALSE,FALSE,5,3,2,3_2,d4907a1b-8b06-47c5-8bca-c781d9cddaf8,NA
8,130245484,130245484,1,snv_mnv,NA,NA,"broad,dkfz,muse,sanger",4,COSN8065581,NA,L1PA17,FALSE,0.4128,NA,45,64,NA,NA,NA,lincRNA,FALSE,FALSE,FALSE,FALSE,5,3,2,3_2,d4907a1b-8b06-47c5-8bca-c781d9cddaf8,NA
8,130976776,130976776,1,snv_mnv,NA,NA,"broad,dkfz,muse,sanger",4,COSN8065964,NA,NA,FALSE,0.134,NA,13,84,NA,NA,NA,Intron,FALSE,FALSE,FALSE,FALSE,5,3,2,3_2,d4907a1b-8b06-47c5-8bca-c781d9cddaf8,NA
8,132439344,132439344,1,snv_mnv,NA,NA,"broad,dkfz,muse,sanger",4,COSN8066815,NA,THE1B-int,FALSE,0.3241,NA,35,73,NA,NA,NA,IGR,FALSE,FALSE,FALSE,FALSE,5,3,2,3_2,d4907a1b-8b06-47c5-8bca-c781d9cddaf8,NA
8,134456887,134456887,1,snv_mnv,NA,NA,"broad,dkfz,muse,sanger",4,COSN8067945,NA,NA,FALSE,0.3723,NA,35,59,NA,NA,NA,IGR,FALSE,FALSE,TRUE,FALSE,5,3,2,3_2,d4907a1b-8b06-47c5-8bca-c781d9cddaf8,NA
8,134850497,134850497,1,snv_mnv,NA,NA,"broad,dkfz,muse,sanger",4,COSN8068084,NA,NA,FALSE,0.2542,NA,15,44,NA,NA,NA,IGR,FALSE,FALSE,FALSE,FALSE,5,3,2,3_2,d4907a1b-8b06-47c5-8bca-c781d9cddaf8,NA
8,136430958,136430958,1,snv_mnv,NA,NA,"broad,dkfz,muse,sanger",4,COSN8068891,NA,L1MA1,FALSE,0.4038,NA,42,62,NA,NA,NA,IGR,FALSE,FALSE,FALSE,FALSE,5,3,2,3_2,d4907a1b-8b06-47c5-8bca-c781d9cddaf8,NA
8,136677929,136677929,1,snv_mnv,NA,NA,"broad,dkfz,muse,sanger",4,COSN8069030,NA,NA,FALSE,0.3333,NA,37,74,NA,NA,NA,IGR,FALSE,FALSE,FALSE,FALSE,5,3,2,3_2,d4907a1b-8b06-47c5-8bca-c781d9cddaf8,NA
8,136868301,136868301,1,snv_mnv,NA,NA,"broad,dkfz,muse,sanger",4,COSN8069163,NA,L1ME3A,FALSE,0.1593,NA,18,95,NA,NA,NA,IGR,FALSE,FALSE,FALSE,FALSE,5,3,2,3_2,d4907a1b-8b06-47c5-8bca-c781d9cddaf8,NA
8,137006831,137006831,1,snv_mnv,NA,NA,"broad,dkfz,muse,sanger",4,COSN8069262,NA,MIRb,FALSE,0.2809,NA,25,64,NA,NA,NA,IGR,FALSE,FALSE,FALSE,FALSE,5,3,2,3_2,d4907a1b-8b06-47c5-8bca-c781d9cddaf8,NA
8,137460825,137460825,1,snv_mnv,NA,NA,"broad,dkfz,muse,sanger",4,COSN8069655,NA,NA,FALSE,0.252,NA,31,92,NA,NA,NA,IGR,FALSE,FALSE,FALSE,FALSE,5,3,2,3_2,d4907a1b-8b06-47c5-8bca-c781d9cddaf8,NA
8,137616855,137616855,1,snv_mnv,1.9968e-4,rs543931208,"broad,dkfz,muse,sanger",4,COSN8069789,rs543931208,NA,FALSE,0.1099,NA,10,81,NA,NA,NA,IGR,FALSE,FALSE,FALSE,FALSE,5,3,2,3_2,d4907a1b-8b06-47c5-8bca-c781d9cddaf8,NA
8,137816139,137816139,1,snv_mnv,NA,NA,"broad,dkfz,muse,sanger",4,COSN8069963,NA,NA,FALSE,0.2872,NA,27,67,NA,NA,NA,lincRNA,FALSE,FALSE,FALSE,FALSE,5,3,2,3_2,d4907a1b-8b06-47c5-8bca-c781d9cddaf8,NA
8,138005104,138005104,1,snv_mnv,NA,NA,"broad,dkfz,muse,sanger",4,COSN8070151,NA,L1MA9,FALSE,0.2612,NA,35,99,NA,NA,NA,IGR,FALSE,FALSE,FALSE,FALSE,5,3,2,3_2,d4907a1b-8b06-47c5-8bca-c781d9cddaf8,NA
8,138017468,138017468,1,snv_mnv,NA,NA,"broad,dkfz,muse,sanger",4,COSN8070162,NA,MLT1J2,FALSE,0.0946,NA,7,67,NA,NA,NA,IGR,FALSE,FALSE,FALSE,FALSE,5,3,2,3_2,d4907a1b-8b06-47c5-8bca-c781d9cddaf8,NA
8,138027765,138027765,1,snv_mnv,NA,NA,"broad,dkfz,muse,sanger",4,COSN8070170,NA,L1MEf,FALSE,0.4598,NA,40,47,NA,NA,NA,IGR,FALSE,FALSE,FALSE,FALSE,5,3,2,3_2,d4907a1b-8b06-47c5-8bca-c781d9cddaf8,NA
8,138093909,138093909,1,snv_mnv,NA,NA,"broad,dkfz,muse,sanger",4,COSN8070242,NA,NA,FALSE,0.2095,NA,22,83,NA,NA,NA,IGR,FALSE,FALSE,FALSE,FALSE,5,3,2,3_2,d4907a1b-8b06-47c5-8bca-c781d9cddaf8,NA
8,138193998,138193998,1,snv_mnv,NA,NA,"broad,dkfz,muse,sanger",4,COSN8070337,NA,NA,FALSE,0.2324,NA,33,109,NA,NA,NA,IGR,FALSE,FALSE,FALSE,FALSE,5,3,2,3_2,d4907a1b-8b06-47c5-8bca-c781d9cddaf8,NA
8,138635368,138635368,1,snv_mnv,NA,NA,"broad,dkfz,muse,sanger",4,COSN8070830,NA,NA,FALSE,0.4188,NA,49,68,NA,NA,NA,IGR,FALSE,FALSE,TRUE,FALSE,5,3,2,3_2,d4907a1b-8b06-47c5-8bca-c781d9cddaf8,NA
8,138652743,138652743,1,snv_mnv,NA,NA,"broad,dkfz,muse,sanger",4,COSN8070852,NA,L1MA8,FALSE,0.2667,NA,32,88,NA,NA,NA,IGR,FALSE,FALSE,FALSE,FALSE,5,3,2,3_2,d4907a1b-8b06-47c5-8bca-c781d9cddaf8,NA
8,139095828,139095828,1,snv_mnv,NA,NA,"broad,dkfz,muse,sanger",4,COSN8071322,NA,AluYc,FALSE,0.3056,NA,22,50,NA,NA,NA,lincRNA,FALSE,FALSE,FALSE,FALSE,5,3,2,3_2,d4907a1b-8b06-47c5-8bca-c781d9cddaf8,AC046195.1
8,139162770,139162770,1,snv_mnv,NA,NA,"broad,dkfz,muse,sanger",4,COSN8071378,NA,AluSc,FALSE,0.1895,NA,18,77,NA,NA,NA,Intron,FALSE,FALSE,FALSE,FALSE,5,3,2,3_2,d4907a1b-8b06-47c5-8bca-c781d9cddaf8,FAM135B
8,139198386,139198386,1,snv_mnv,NA,NA,"broad,dkfz,muse,sanger",4,COSN8071409,NA,L2b,FALSE,0.314,NA,27,59,NA,NA,NA,Intron,FALSE,FALSE,FALSE,FALSE,5,3,2,3_2,d4907a1b-8b06-47c5-8bca-c781d9cddaf8,NA
8,140139449,140139449,1,snv_mnv,NA,NA,"broad,dkfz,muse,sanger",4,COSN8072055,NA,ERVL-B4-int,FALSE,0.3647,NA,31,54,NA,NA,NA,lincRNA,FALSE,FALSE,FALSE,FALSE,5,3,2,3_2,d4907a1b-8b06-47c5-8bca-c781d9cddaf8,NA
8,140581058,140581058,1,snv_mnv,NA,NA,"broad,dkfz,muse,sanger",4,COSN8072302,NA,LTR16C,FALSE,0.3425,NA,25,48,NA,NA,NA,IGR,FALSE,FALSE,FALSE,FALSE,5,3,2,3_2,d4907a1b-8b06-47c5-8bca-c781d9cddaf8,NA
8,140977918,140977918,1,snv_mnv,NA,NA,"broad,dkfz,muse,sanger",4,COSN8072476,NA,NA,FALSE,0.4105,NA,39,56,NA,NA,NA,Intron,FALSE,FALSE,FALSE,FALSE,5,3,2,3_2,d4907a1b-8b06-47c5-8bca-c781d9cddaf8,NA
8,141058226,141058226,1,snv_mnv,NA,NA,"broad,dkfz,muse,sanger",4,COSN8072504,NA,MIRb,FALSE,0.2718,NA,28,75,NA,NA,NA,Intron,FALSE,FALSE,FALSE,FALSE,5,3,2,3_2,d4907a1b-8b06-47c5-8bca-c781d9cddaf8,NA
8,141142482,141142482,1,snv_mnv,NA,NA,"broad,dkfz,muse,sanger",4,COSN8072538,NA,NA,FALSE,0.1282,NA,15,102,NA,NA,NA,Intron,FALSE,FALSE,FALSE,FALSE,5,3,2,3_2,d4907a1b-8b06-47c5-8bca-c781d9cddaf8,NA
8,141214561,141214561,1,snv_mnv,NA,NA,"broad,dkfz,muse,sanger",4,COSN8072566,NA,L1PA5,FALSE,0.186,NA,8,35,NA,NA,NA,Intron,FALSE,FALSE,FALSE,FALSE,5,3,2,3_2,d4907a1b-8b06-47c5-8bca-c781d9cddaf8,NA
8,142128011,142128011,1,snv_mnv,NA,NA,"broad,dkfz,muse,sanger",4,COSN8072889,NA,NA,FALSE,0.3295,NA,29,59,NA,NA,NA,IGR,FALSE,FALSE,FALSE,FALSE,5,3,2,3_2,d4907a1b-8b06-47c5-8bca-c781d9cddaf8,NA
8,142513658,142513658,1,snv_mnv,NA,NA,"broad,dkfz,muse,sanger",4,COSN8073023,NA,MER65A,FALSE,0.1509,NA,16,90,NA,NA,NA,RNA,FALSE,FALSE,FALSE,FALSE,5,3,2,3_2,d4907a1b-8b06-47c5-8bca-c781d9cddaf8,NA
8,142689884,142689884,1,snv_mnv,NA,NA,"broad,dkfz,muse,sanger",4,COSN8073113,NA,NA,FALSE,0.3176,NA,27,58,NA,NA,NA,IGR,FALSE,FALSE,FALSE,FALSE,5,3,2,3_2,d4907a1b-8b06-47c5-8bca-c781d9cddaf8,NA
8,143648326,143648326,1,snv_mnv,NA,NA,"broad,dkfz,muse,sanger",4,COSN8073626,NA,NA,FALSE,0.131,NA,11,73,NA,NA,NA,IGR,FALSE,FALSE,FALSE,FALSE,5,3,2,3_2,d4907a1b-8b06-47c5-8bca-c781d9cddaf8,MROH4P
9,3092550,3092550,1,snv_mnv,NA,NA,"broad,dkfz,muse,sanger",4,COSN7566190,NA,L1MC1,FALSE,0.2603,NA,19,54,NA,NA,NA,IGR,FALSE,FALSE,FALSE,FALSE,2,2,0,2_0,d4907a1b-8b06-47c5-8bca-c781d9cddaf8,NA
9,3699145,3699145,1,snv_mnv,NA,NA,"broad,dkfz,muse,sanger",4,COSN7567756,NA,NA,FALSE,0.3108,NA,23,51,NA,NA,NA,IGR,FALSE,FALSE,FALSE,FALSE,2,2,0,2_0,d4907a1b-8b06-47c5-8bca-c781d9cddaf8,NA
9,3700451,3700451,1,snv_mnv,NA,NA,"broad,dkfz,muse,sanger",4,COSN7567759,NA,NA,FALSE,0.4483,NA,26,32,NA,NA,NA,IGR,FALSE,FALSE,FALSE,FALSE,2,2,0,2_0,d4907a1b-8b06-47c5-8bca-c781d9cddaf8,NA
9,4679585,4679585,1,snv_mnv,NA,NA,"broad,dkfz,muse,sanger",4,COSN7568954,NA,NA,FALSE,0.3404,NA,16,31,NA,NA,NA,5'UTR,FALSE,FALSE,FALSE,FALSE,2,2,0,2_0,d4907a1b-8b06-47c5-8bca-c781d9cddaf8,"CDC37L1-DT,CDC37L1"
9,4701106,4701106,1,snv_mnv,NA,NA,"broad,dkfz,muse,sanger",4,COSN7568975,NA,NA,FALSE,0.5294,NA,27,24,NA,NA,NA,Intron,FALSE,FALSE,FALSE,FALSE,2,2,0,2_0,d4907a1b-8b06-47c5-8bca-c781d9cddaf8,NA
9,7430965,7430965,1,snv_mnv,NA,NA,"broad,dkfz,muse,sanger",4,COSN7570922,NA,L1PA15-16,FALSE,0.3333,NA,25,50,NA,NA,NA,IGR,FALSE,FALSE,FALSE,FALSE,2,2,0,2_0,d4907a1b-8b06-47c5-8bca-c781d9cddaf8,NA
9,7758073,7758073,1,snv_mnv,NA,NA,"broad,dkfz,muse,sanger",4,COSN7572116,NA,L2c,FALSE,0.234,NA,11,36,NA,NA,NA,IGR,FALSE,FALSE,FALSE,FALSE,2,2,0,2_0,d4907a1b-8b06-47c5-8bca-c781d9cddaf8,NA
9,9093668,9093668,1,snv_mnv,NA,NA,"broad,dkfz,muse,sanger",4,COSN7576802,NA,L1MEf,FALSE,0.375,NA,15,25,NA,NA,NA,Intron,FALSE,FALSE,FALSE,FALSE,2,2,0,2_0,d4907a1b-8b06-47c5-8bca-c781d9cddaf8,RPS26P3
9,10000202,10000202,1,snv_mnv,NA,NA,"broad,dkfz,muse,sanger",4,COSN8113278,NA,NA,FALSE,0.1698,NA,9,44,NA,NA,NA,Intron,FALSE,FALSE,FALSE,FALSE,2,2,0,2_0,d4907a1b-8b06-47c5-8bca-c781d9cddaf8,NA
9,10236070,10236070,1,snv_mnv,NA,NA,"broad,dkfz,muse,sanger",4,COSN8113914,NA,NA,FALSE,0.1061,NA,7,59,NA,NA,NA,Intron,FALSE,FALSE,FALSE,FALSE,2,2,0,2_0,d4907a1b-8b06-47c5-8bca-c781d9cddaf8,NA
9,11016705,11016705,1,snv_mnv,1.9968e-4,rs552008296,"broad,dkfz,muse,sanger",4,COSN8117145,rs552008296,L1MA3,FALSE,0.18,NA,9,41,NA,NA,NA,IGR,FALSE,FALSE,FALSE,FALSE,2,2,0,2_0,d4907a1b-8b06-47c5-8bca-c781d9cddaf8,AKAP8P1
9,11487843,11487843,1,snv_mnv,NA,NA,"broad,dkfz,muse,sanger",4,COSN8118387,NA,NA,FALSE,0.2031,NA,13,51,NA,NA,NA,IGR,FALSE,FALSE,FALSE,FALSE,2,2,0,2_0,d4907a1b-8b06-47c5-8bca-c781d9cddaf8,NA
9,11495760,11495760,1,snv_mnv,NA,NA,"broad,dkfz,muse,sanger",4,COSN8118415,rs767926201,NA,FALSE,0.2763,NA,21,55,NA,NA,NA,IGR,FALSE,FALSE,FALSE,FALSE,2,2,0,2_0,d4907a1b-8b06-47c5-8bca-c781d9cddaf8,NA
9,11579305,11579305,1,snv_mnv,NA,NA,"broad,dkfz,muse,sanger",4,COSN8118607,NA,NA,FALSE,0.2025,NA,16,63,NA,NA,NA,IGR,FALSE,FALSE,FALSE,FALSE,2,2,0,2_0,d4907a1b-8b06-47c5-8bca-c781d9cddaf8,NA
9,12103312,12103312,1,snv_mnv,NA,NA,"broad,dkfz,muse,sanger",4,COSN8120797,NA,THE1D,FALSE,0.1905,NA,12,51,NA,NA,NA,lincRNA,FALSE,FALSE,FALSE,FALSE,2,2,0,2_0,d4907a1b-8b06-47c5-8bca-c781d9cddaf8,NA
9,14162649,14162649,1,snv_mnv,NA,NA,"broad,dkfz,muse,sanger",4,COSN7560015,NA,L1ME4a,FALSE,0.4805,NA,37,40,NA,NA,NA,Intron,FALSE,FALSE,TRUE,FALSE,2,2,0,2_0,d4907a1b-8b06-47c5-8bca-c781d9cddaf8,NA
9,14805191,14805191,1,snv_mnv,1.9968e-4,rs201413269,"broad,dkfz,muse,sanger",4,COSN15661830,rs201413269,AT_rich,FALSE,0.4382,NA,39,50,NA,NA,NA,Intron,FALSE,FALSE,TRUE,FALSE,2,2,0,2_0,d4907a1b-8b06-47c5-8bca-c781d9cddaf8,NA
9,17175873,17175873,1,snv_mnv,NA,NA,"broad,dkfz,muse,sanger",4,COSN7560817,NA,L1MD1,FALSE,0.4267,NA,32,43,NA,NA,NA,Intron,FALSE,FALSE,FALSE,FALSE,2,2,0,2_0,d4907a1b-8b06-47c5-8bca-c781d9cddaf8,NA
9,17681425,17681425,1,snv_mnv,NA,NA,"broad,dkfz,muse,sanger",4,COSN7560962,NA,NA,FALSE,0.4103,NA,32,46,NA,NA,NA,Intron,FALSE,FALSE,FALSE,FALSE,2,2,0,2_0,d4907a1b-8b06-47c5-8bca-c781d9cddaf8,NA
9,19591979,19591979,1,snv_mnv,NA,NA,"broad,dkfz,muse,sanger",4,COSN7561592,NA,NA,FALSE,0.1935,NA,12,50,NA,NA,NA,Intron,FALSE,FALSE,FALSE,FALSE,2,2,0,2_0,d4907a1b-8b06-47c5-8bca-c781d9cddaf8,NA
9,19606623,19606623,1,snv_mnv,NA,NA,"broad,dkfz,muse,sanger",4,COSN7561599,NA,NA,FALSE,0.1864,NA,11,48,NA,NA,NA,Intron,FALSE,FALSE,FALSE,FALSE,2,2,0,2_0,d4907a1b-8b06-47c5-8bca-c781d9cddaf8,NA
9,21248963,21248963,1,snv_mnv,NA,NA,"broad,dkfz,muse,sanger",4,COSN7561993,NA,L1MA5A,FALSE,0.1579,NA,9,48,NA,NA,NA,IGR,FALSE,FALSE,FALSE,FALSE,2,2,0,2_0,d4907a1b-8b06-47c5-8bca-c781d9cddaf8,NA
9,22986312,22986312,1,snv_mnv,NA,NA,"broad,dkfz,muse,sanger",4,COSN7562404,NA,AluJo,FALSE,0.3273,NA,18,37,NA,NA,NA,IGR,FALSE,FALSE,FALSE,FALSE,2,2,0,2_0,d4907a1b-8b06-47c5-8bca-c781d9cddaf8,NA
9,23555006,23555006,1,snv_mnv,NA,NA,"broad,dkfz,muse,sanger",4,COSN7562663,NA,NA,FALSE,0.4032,NA,25,37,NA,NA,NA,IGR,FALSE,FALSE,FALSE,FALSE,2,2,0,2_0,d4907a1b-8b06-47c5-8bca-c781d9cddaf8,NA
9,23742866,23742866,1,snv_mnv,NA,NA,"broad,dkfz,muse,sanger",4,COSN7562747,NA,NA,FALSE,0.4342,NA,33,43,NA,NA,NA,Intron,FALSE,FALSE,FALSE,FALSE,2,2,0,2_0,d4907a1b-8b06-47c5-8bca-c781d9cddaf8,NA
9,23871782,23871782,1,snv_mnv,NA,NA,"broad,dkfz,muse,sanger",4,COSN7562819,NA,L1PB2,FALSE,0.3231,NA,21,44,NA,NA,NA,IGR,FALSE,FALSE,FALSE,FALSE,2,2,0,2_0,d4907a1b-8b06-47c5-8bca-c781d9cddaf8,NA
9,23917892,23917892,1,snv_mnv,NA,NA,"broad,dkfz,muse,sanger",4,COSN7562838,NA,HERV9-int,FALSE,0.4909,NA,27,28,NA,NA,NA,IGR,FALSE,FALSE,FALSE,FALSE,2,2,0,2_0,d4907a1b-8b06-47c5-8bca-c781d9cddaf8,NA
9,23989760,23989760,1,snv_mnv,NA,NA,"broad,dkfz,muse,sanger",4,COSN7562887,NA,L1MA1,FALSE,0.2,NA,15,60,NA,NA,NA,IGR,FALSE,FALSE,FALSE,FALSE,2,2,0,2_0,d4907a1b-8b06-47c5-8bca-c781d9cddaf8,NA
9,24253977,24253977,1,snv_mnv,NA,NA,"broad,dkfz,muse,sanger",4,COSN7563051,NA,NA,FALSE,0.3659,NA,15,26,NA,NA,NA,IGR,FALSE,FALSE,FALSE,FALSE,2,2,0,2_0,d4907a1b-8b06-47c5-8bca-c781d9cddaf8,NA
9,24655001,24655001,1,snv_mnv,NA,NA,"broad,dkfz,muse,sanger",4,COSN7563331,NA,L1MEc,FALSE,0.4225,NA,30,41,NA,NA,NA,IGR,FALSE,FALSE,FALSE,FALSE,2,2,0,2_0,d4907a1b-8b06-47c5-8bca-c781d9cddaf8,NA
9,25436955,25436955,1,snv_mnv,NA,NA,"broad,dkfz,muse,sanger",4,COSN7563816,NA,L1MA8,FALSE,0.3519,NA,19,35,NA,NA,NA,IGR,FALSE,FALSE,FALSE,FALSE,2,2,0,2_0,d4907a1b-8b06-47c5-8bca-c781d9cddaf8,NA
9,25816627,25816627,1,snv_mnv,NA,NA,"broad,dkfz,muse,sanger",4,COSN7563947,NA,MLT1H,FALSE,0.5,NA,32,32,NA,NA,NA,IGR,FALSE,FALSE,FALSE,FALSE,2,2,0,2_0,d4907a1b-8b06-47c5-8bca-c781d9cddaf8,LINC01241
9,25908145,25908145,1,snv_mnv,NA,NA,"broad,dkfz,muse,sanger",4,COSN7563992,NA,NA,FALSE,0.4432,NA,39,49,NA,NA,NA,IGR,FALSE,FALSE,FALSE,FALSE,2,2,0,2_0,d4907a1b-8b06-47c5-8bca-c781d9cddaf8,NA
9,26720275,26720275,1,snv_mnv,NA,NA,"broad,dkfz,muse,sanger",4,COSN7564324,NA,NA,FALSE,0.4028,NA,29,43,NA,NA,NA,IGR,FALSE,FALSE,FALSE,FALSE,2,2,0,2_0,d4907a1b-8b06-47c5-8bca-c781d9cddaf8,NA
9,28684478,28684478,1,snv_mnv,NA,NA,"broad,dkfz,muse,sanger",4,COSN7564948,NA,AluY,FALSE,0.3488,NA,15,28,NA,NA,NA,IGR,FALSE,FALSE,FALSE,FALSE,2,2,0,2_0,d4907a1b-8b06-47c5-8bca-c781d9cddaf8,NA
9,28790472,28790472,1,snv_mnv,0.0021965,rs574042449,"broad,dkfz,muse,sanger",4,COSN7564996,rs574042449,AluY,FALSE,0.3243,NA,12,25,NA,NA,NA,IGR,FALSE,FALSE,FALSE,FALSE,2,2,0,2_0,d4907a1b-8b06-47c5-8bca-c781d9cddaf8,NA
9,29708251,29708251,1,snv_mnv,NA,NA,"broad,dkfz,muse,sanger",4,COSN7565520,NA,THE1B,FALSE,0.1481,NA,8,46,NA,NA,NA,IGR,FALSE,FALSE,FALSE,FALSE,2,2,0,2_0,d4907a1b-8b06-47c5-8bca-c781d9cddaf8,NA
9,29776454,29776454,1,snv_mnv,NA,NA,"broad,dkfz,muse,sanger",4,COSN7565568,NA,HERVK14-int,FALSE,0.3559,NA,21,38,NA,NA,NA,IGR,FALSE,FALSE,FALSE,FALSE,2,2,0,2_0,d4907a1b-8b06-47c5-8bca-c781d9cddaf8,NA
9,30622289,30622289,1,snv_mnv,NA,NA,"broad,dkfz,muse,sanger",4,COSN7566052,NA,NA,FALSE,0.2917,NA,21,51,NA,NA,NA,IGR,FALSE,FALSE,FALSE,FALSE,2,2,0,2_0,d4907a1b-8b06-47c5-8bca-c781d9cddaf8,NA
9,30759352,30759352,1,snv_mnv,NA,NA,"broad,dkfz,muse,sanger",4,COSN7566123,NA,MER52A,FALSE,0.3889,NA,21,33,NA,NA,NA,IGR,FALSE,FALSE,FALSE,FALSE,2,2,0,2_0,d4907a1b-8b06-47c5-8bca-c781d9cddaf8,NA
9,30835094,30835094,1,snv_mnv,NA,NA,"broad,muse,sanger",3,COSN7566152,NA,AluY,FALSE,0.5172,NA,30,28,NA,NA,NA,IGR,FALSE,FALSE,FALSE,FALSE,2,2,0,2_0,d4907a1b-8b06-47c5-8bca-c781d9cddaf8,RPS26P2
9,31196636,31196636,1,snv_mnv,NA,NA,"broad,dkfz,muse,sanger",4,COSN7566262,NA,NA,FALSE,0.254,NA,16,47,NA,NA,NA,IGR,FALSE,FALSE,FALSE,FALSE,2,2,0,2_0,d4907a1b-8b06-47c5-8bca-c781d9cddaf8,NA
9,31235241,31235241,1,snv_mnv,NA,NA,"broad,dkfz,muse,sanger",4,COSN7566274,NA,NA,FALSE,0.2203,NA,13,46,NA,NA,NA,IGR,FALSE,FALSE,FALSE,FALSE,2,2,0,2_0,d4907a1b-8b06-47c5-8bca-c781d9cddaf8,NA
9,31484605,31484605,1,snv_mnv,NA,NA,"broad,dkfz,muse,sanger",4,COSN7566367,NA,NA,FALSE,0.2951,NA,18,43,NA,NA,NA,IGR,FALSE,FALSE,FALSE,FALSE,2,2,0,2_0,d4907a1b-8b06-47c5-8bca-c781d9cddaf8,NA
9,32724224,32724224,1,snv_mnv,NA,NA,"broad,dkfz,muse",3,COSN7566823,NA,MLT1G3,FALSE,0.2909,NA,16,39,NA,NA,NA,IGR,FALSE,FALSE,FALSE,FALSE,2,2,0,2_0,d4907a1b-8b06-47c5-8bca-c781d9cddaf8,AL157884.1
9,32731494,32731494,1,snv_mnv,NA,NA,"broad,muse,sanger",3,COSN7566827,NA,L1PA2,FALSE,0.3115,NA,19,42,NA,NA,NA,IGR,FALSE,FALSE,FALSE,FALSE,2,2,0,2_0,d4907a1b-8b06-47c5-8bca-c781d9cddaf8,AL157884.1
9,33549563,33549563,1,snv_mnv,NA,NA,"broad,dkfz,muse,sanger",4,COSN7567002,NA,NA,FALSE,0.3944,NA,28,43,NA,NA,NA,Intron,FALSE,FALSE,FALSE,FALSE,2,2,0,2_0,d4907a1b-8b06-47c5-8bca-c781d9cddaf8,ANKRD18B
9,33667805,33667805,1,snv_mnv,1.9968e-4,rs541339595,"broad,muse,sanger",3,COSN7567027,rs541339595,SVA_C,FALSE,0.2727,NA,12,32,NA,NA,NA,IGR,FALSE,FALSE,FALSE,FALSE,2,2,0,2_0,d4907a1b-8b06-47c5-8bca-c781d9cddaf8,NA
9,34228095,34228095,1,snv_mnv,NA,NA,"broad,dkfz,muse,sanger",4,COSN7567149,NA,AluJr,FALSE,0.3265,NA,16,33,NA,NA,NA,Intron,FALSE,FALSE,FALSE,FALSE,2,2,0,2_0,d4907a1b-8b06-47c5-8bca-c781d9cddaf8,AL353662.2
9,34834011,34834011,1,snv_mnv,NA,NA,"broad,muse",2,COSM5422924,NA,NA,FALSE,0.1,NA,4,36,NA,NA,NA,RNA,FALSE,FALSE,FALSE,FALSE,2,2,0,2_0,d4907a1b-8b06-47c5-8bca-c781d9cddaf8,FAM205BP
9,38755386,38755386,1,snv_mnv,NA,NA,"broad,dkfz,muse,sanger",4,COSN7568230,NA,MER41C,FALSE,0.4746,NA,28,31,NA,NA,NA,IGR,FALSE,FALSE,FALSE,FALSE,2,2,0,2_0,d4907a1b-8b06-47c5-8bca-c781d9cddaf8,NA
9,73953435,73953435,1,snv_mnv,NA,NA,"broad,dkfz,muse,sanger",4,COSN7570797,rs551026397,L1MC4a,FALSE,0.4211,NA,24,33,NA,NA,NA,Intron,FALSE,FALSE,FALSE,FALSE,2,2,0,2_0,d4907a1b-8b06-47c5-8bca-c781d9cddaf8,NA
9,74432206,74432206,1,snv_mnv,0,rs548723388,"broad,dkfz,muse,sanger",4,COSN7570947,rs548723388,NA,FALSE,0.4151,NA,22,31,NA,NA,NA,IGR,FALSE,FALSE,FALSE,FALSE,2,2,0,2_0,d4907a1b-8b06-47c5-8bca-c781d9cddaf8,CEMIP2
9,77295850,77295850,1,snv_mnv,NA,NA,"broad,dkfz,muse,sanger",4,COSN7571999,NA,NA,FALSE,0.3898,NA,23,36,NA,NA,NA,Intron,FALSE,FALSE,FALSE,FALSE,2,2,0,2_0,d4907a1b-8b06-47c5-8bca-c781d9cddaf8,NA
9,79648168,79648168,1,snv_mnv,NA,NA,"broad,dkfz,muse,sanger",4,COSN7572735,rs773280010,AluSx4,FALSE,0.3571,NA,20,36,NA,NA,NA,IGR,FALSE,FALSE,FALSE,FALSE,2,2,0,2_0,d4907a1b-8b06-47c5-8bca-c781d9cddaf8,NA
9,81687755,81687755,1,snv_mnv,NA,NA,"broad,dkfz,muse,sanger",4,COSN7573469,NA,LTR33B,FALSE,0.1791,NA,12,55,NA,NA,NA,IGR,FALSE,FALSE,FALSE,FALSE,2,2,0,2_0,d4907a1b-8b06-47c5-8bca-c781d9cddaf8,NA
9,82072551,82072551,1,snv_mnv,NA,NA,"broad,dkfz,muse,sanger",4,COSN7573692,NA,NA,FALSE,0.3472,NA,25,47,NA,NA,NA,IGR,FALSE,FALSE,FALSE,FALSE,2,2,0,2_0,d4907a1b-8b06-47c5-8bca-c781d9cddaf8,NA
9,82732221,82732221,1,snv_mnv,NA,NA,"broad,dkfz,muse,sanger",4,COSN7573985,rs560658199,L1P2,FALSE,0.1277,NA,6,41,NA,NA,NA,IGR,FALSE,FALSE,FALSE,FALSE,2,2,0,2_0,d4907a1b-8b06-47c5-8bca-c781d9cddaf8,NA
9,84848520,84848520,1,snv_mnv,NA,NA,"broad,dkfz,muse,sanger",4,COSN7574991,NA,L1PA8A,FALSE,0.3824,NA,26,42,NA,NA,NA,IGR,FALSE,FALSE,FALSE,FALSE,2,2,0,2_0,d4907a1b-8b06-47c5-8bca-c781d9cddaf8,NA
9,90314085,90314085,1,snv_mnv,NA,NA,"broad,dkfz,muse,sanger",4,COSN7576601,NA,NA,FALSE,0.4068,NA,24,35,NA,NA,NA,Intron,FALSE,FALSE,FALSE,FALSE,2,2,0,2_0,d4907a1b-8b06-47c5-8bca-c781d9cddaf8,NA
9,91292629,91292629,1,snv_mnv,NA,NA,"broad,dkfz,muse,sanger",4,COSN7576908,NA,(ATGGTG)n,FALSE,0.4545,NA,20,24,NA,NA,NA,IGR,FALSE,FALSE,FALSE,FALSE,2,2,0,2_0,d4907a1b-8b06-47c5-8bca-c781d9cddaf8,NA
9,91520689,91520689,1,snv_mnv,NA,NA,"broad,dkfz,muse,sanger",4,COSN7576984,NA,L1MC4a,FALSE,0.2295,NA,14,47,NA,NA,NA,IGR,FALSE,FALSE,FALSE,FALSE,2,2,0,2_0,d4907a1b-8b06-47c5-8bca-c781d9cddaf8,NA
9,93267628,93267628,1,snv_mnv,NA,NA,"broad,dkfz,muse",3,COSN7577424,NA,AluSc,FALSE,0.1628,NA,7,36,NA,NA,NA,lincRNA,FALSE,FALSE,FALSE,FALSE,2,2,0,2_0,d4907a1b-8b06-47c5-8bca-c781d9cddaf8,NA
9,95147509,95147509,1,snv_mnv,NA,NA,"broad,dkfz,muse,sanger",4,COSN7577917,NA,NA,FALSE,0.137,NA,10,63,NA,NA,NA,3'UTR,FALSE,FALSE,FALSE,FALSE,2,2,0,2_0,d4907a1b-8b06-47c5-8bca-c781d9cddaf8,OGN
9,98846033,98846033,1,snv_mnv,NA,NA,"broad,dkfz,muse,sanger",4,COSN7578790,NA,NA,FALSE,0.4107,NA,23,33,NA,NA,NA,IGR,FALSE,FALSE,FALSE,FALSE,2,2,0,2_0,d4907a1b-8b06-47c5-8bca-c781d9cddaf8,NA
9,99976826,99976826,1,snv_mnv,NA,NA,"broad,muse,sanger",3,COSN7579037,NA,LTR7,FALSE,0.1667,NA,9,45,NA,NA,NA,IGR,FALSE,FALSE,FALSE,FALSE,2,2,0,2_0,d4907a1b-8b06-47c5-8bca-c781d9cddaf8,NA
9,100675875,100675875,1,snv_mnv,NA,NA,"broad,dkfz,muse,sanger",4,COSN8113414,NA,NA,FALSE,0.2727,NA,18,48,NA,NA,NA,Intron,FALSE,FALSE,FALSE,FALSE,2,2,0,2_0,d4907a1b-8b06-47c5-8bca-c781d9cddaf8,"RF00019,TRMO"
9,100784596,100784596,1,snv_mnv,NA,NA,"broad,dkfz,muse,sanger",4,COSN8113436,NA,AluSq2,FALSE,0.4151,NA,22,31,NA,NA,NA,IGR,FALSE,FALSE,FALSE,FALSE,2,2,0,2_0,d4907a1b-8b06-47c5-8bca-c781d9cddaf8,NA
9,103611815,103611815,1,snv_mnv,NA,NA,"broad,muse,sanger",3,COSN8114265,NA,L1PA14,FALSE,0.4242,NA,28,38,NA,NA,NA,IGR,FALSE,FALSE,FALSE,FALSE,2,2,0,2_0,d4907a1b-8b06-47c5-8bca-c781d9cddaf8,NA
9,104378920,104378920,1,snv_mnv,NA,NA,"broad,dkfz,muse,sanger",4,COSN8114505,NA,NA,FALSE,0.1607,NA,9,47,NA,NA,NA,Intron,FALSE,FALSE,FALSE,FALSE,2,2,0,2_0,d4907a1b-8b06-47c5-8bca-c781d9cddaf8,GRIN3A
9,104832567,104832567,1,snv_mnv,NA,NA,"broad,dkfz,muse,sanger",4,COSN8114652,NA,MLT1F,FALSE,0.2097,NA,13,49,NA,NA,NA,IGR,FALSE,FALSE,FALSE,FALSE,2,2,0,2_0,d4907a1b-8b06-47c5-8bca-c781d9cddaf8,NA
9,104918005,104918005,1,snv_mnv,NA,NA,"broad,dkfz,muse,sanger",4,COSN8114709,NA,L1MA9,FALSE,0.2687,NA,18,49,NA,NA,NA,IGR,FALSE,FALSE,FALSE,FALSE,2,2,0,2_0,d4907a1b-8b06-47c5-8bca-c781d9cddaf8,NA
9,104918006,104918006,1,snv_mnv,NA,NA,"broad,dkfz,muse,sanger",4,COSN8114710,NA,L1MA9,FALSE,0.2687,NA,18,49,NA,NA,NA,IGR,FALSE,FALSE,FALSE,FALSE,2,2,0,2_0,d4907a1b-8b06-47c5-8bca-c781d9cddaf8,NA
9,105451098,105451098,1,snv_mnv,NA,NA,"broad,dkfz,muse,sanger",4,COSN8115048,NA,L1ME3A,FALSE,0.3647,NA,31,54,NA,NA,NA,IGR,FALSE,FALSE,FALSE,FALSE,2,2,0,2_0,d4907a1b-8b06-47c5-8bca-c781d9cddaf8,NA
9,105472685,105472685,1,snv_mnv,NA,NA,"broad,dkfz,muse,sanger",4,COSN8115067,NA,LTR40b,FALSE,0.2,NA,15,60,NA,NA,NA,IGR,FALSE,FALSE,FALSE,FALSE,2,2,0,2_0,d4907a1b-8b06-47c5-8bca-c781d9cddaf8,NA
9,105891968,105891968,1,snv_mnv,NA,NA,"broad,dkfz,muse,sanger",4,COSN8115300,NA,MER61-int,FALSE,0.4493,NA,31,38,NA,NA,NA,IGR,FALSE,FALSE,FALSE,FALSE,2,2,0,2_0,d4907a1b-8b06-47c5-8bca-c781d9cddaf8,NA
9,105967446,105967446,1,snv_mnv,NA,NA,"broad,muse,sanger",3,COSN8115342,NA,AluSc,FALSE,0.4902,NA,25,26,NA,NA,NA,lincRNA,FALSE,FALSE,FALSE,FALSE,2,2,0,2_0,d4907a1b-8b06-47c5-8bca-c781d9cddaf8,LINC01492
9,106678398,106678398,1,snv_mnv,NA,NA,"broad,dkfz,muse,sanger",4,COSN8115860,NA,L1MA9,FALSE,0.381,NA,24,39,NA,NA,NA,IGR,FALSE,FALSE,FALSE,FALSE,2,2,0,2_0,d4907a1b-8b06-47c5-8bca-c781d9cddaf8,NA
9,107209865,107209865,1,snv_mnv,NA,NA,"broad,dkfz,muse,sanger",4,COSN8116072,NA,NA,FALSE,0.4328,NA,29,38,NA,NA,NA,IGR,FALSE,FALSE,FALSE,FALSE,2,2,0,2_0,d4907a1b-8b06-47c5-8bca-c781d9cddaf8,NA
9,108851885,108851885,1,snv_mnv,1.9968e-4,rs534783975,"broad,dkfz,muse,sanger",4,COSN8116612,rs534783975,L1PA7,FALSE,0.3889,NA,28,44,NA,NA,NA,IGR,FALSE,FALSE,FALSE,FALSE,2,2,0,2_0,d4907a1b-8b06-47c5-8bca-c781d9cddaf8,NA
9,109673462,109673462,1,snv_mnv,NA,NA,"broad,dkfz,muse,sanger",4,COSN8116995,NA,NA,FALSE,0.25,NA,16,48,NA,NA,NA,Intron,FALSE,FALSE,FALSE,FALSE,2,2,0,2_0,d4907a1b-8b06-47c5-8bca-c781d9cddaf8,NA
9,110038325,110038325,1,snv_mnv,NA,NA,"broad,dkfz,muse,sanger",4,COSN8117102,NA,MLT1C,FALSE,0.1967,NA,12,49,NA,NA,NA,IGR,FALSE,FALSE,TRUE,FALSE,2,2,0,2_0,d4907a1b-8b06-47c5-8bca-c781d9cddaf8,NA
9,111857903,111857903,1,snv_mnv,9.984e-4,rs545432549,"broad,dkfz,muse,sanger",4,COSN8117564,rs545432549,L2c,FALSE,0.4697,NA,31,35,NA,NA,NA,Intron,FALSE,FALSE,FALSE,FALSE,2,2,0,2_0,d4907a1b-8b06-47c5-8bca-c781d9cddaf8,NA
9,113664177,113664177,1,snv_mnv,1.9968e-4,rs375660572,"broad,dkfz,muse,sanger",4,COSN8118064,rs375660572,NA,FALSE,0.1587,NA,10,53,NA,NA,NA,Intron,FALSE,FALSE,FALSE,FALSE,2,2,0,2_0,d4907a1b-8b06-47c5-8bca-c781d9cddaf8,RNU6-432P
9,115658682,115658682,1,snv_mnv,NA,NA,"broad,dkfz,muse,sanger",4,COSN8118579,NA,Charlie6,FALSE,0.2027,NA,15,59,NA,NA,NA,IGR,FALSE,FALSE,FALSE,FALSE,2,2,0,2_0,d4907a1b-8b06-47c5-8bca-c781d9cddaf8,NA
9,116126427,116126427,1,snv_mnv,NA,NA,"broad,dkfz,muse,sanger",4,COSN8118681,NA,AluSz,FALSE,0.2167,NA,13,47,NA,NA,NA,Intron,FALSE,FALSE,FALSE,FALSE,2,2,0,2_0,d4907a1b-8b06-47c5-8bca-c781d9cddaf8,NA
9,118846407,118846407,1,snv_mnv,1.9968e-4,rs188071386,"broad,dkfz,muse,sanger",4,COSN8119561,rs188071386,NA,FALSE,0.2167,NA,13,47,NA,NA,NA,IGR,FALSE,FALSE,FALSE,FALSE,2,2,0,2_0,d4907a1b-8b06-47c5-8bca-c781d9cddaf8,NA
9,119639290,119639290,1,snv_mnv,NA,NA,"broad,dkfz,muse,sanger",4,COSN8119897,NA,NA,FALSE,0.2429,NA,17,53,NA,NA,NA,Intron,FALSE,FALSE,FALSE,FALSE,2,2,0,2_0,d4907a1b-8b06-47c5-8bca-c781d9cddaf8,NA
9,121524582,121524582,1,snv_mnv,NA,NA,"broad,dkfz,muse,sanger",4,COSN8121122,NA,L3,FALSE,0.4853,NA,33,35,NA,NA,NA,IGR,FALSE,FALSE,FALSE,FALSE,2,2,0,2_0,d4907a1b-8b06-47c5-8bca-c781d9cddaf8,TUBB4BP6
9,124160229,124160229,1,snv_mnv,NA,NA,"broad,dkfz,muse,sanger",4,COSN7555616,NA,L1MA5A,FALSE,0.381,NA,24,39,NA,NA,NA,RNA,FALSE,FALSE,FALSE,FALSE,2,2,0,2_0,d4907a1b-8b06-47c5-8bca-c781d9cddaf8,NA
9,129403119,129403119,1,snv_mnv,NA,NA,"broad,dkfz,muse,sanger",4,COSN7556926,NA,NA,FALSE,0.4286,NA,21,28,NA,NA,NA,Intron,FALSE,FALSE,FALSE,FALSE,2,2,0,2_0,d4907a1b-8b06-47c5-8bca-c781d9cddaf8,NA
9,132906735,132906735,1,snv_mnv,NA,NA,"broad,dkfz,muse,sanger",4,COSN7557651,NA,AluSx1,FALSE,0.3571,NA,10,18,NA,NA,NA,5'Flank,FALSE,FALSE,FALSE,FALSE,2,2,0,2_0,d4907a1b-8b06-47c5-8bca-c781d9cddaf8,"AL360004.1,GPR107"
9,134654225,134654225,1,snv_mnv,NA,NA,"broad,dkfz,muse,sanger",4,COSN7558077,NA,MLT1D,FALSE,0.4528,NA,24,29,NA,NA,NA,IGR,FALSE,FALSE,FALSE,FALSE,2,2,0,2_0,d4907a1b-8b06-47c5-8bca-c781d9cddaf8,"EIF4A1P3,RF00272"
9,135657948,135657948,1,snv_mnv,NA,NA,"broad,dkfz,muse,sanger",4,COSN7558331,NA,AluSq2,FALSE,0.3636,NA,16,28,NA,NA,NA,Intron,FALSE,FALSE,FALSE,FALSE,2,2,0,2_0,d4907a1b-8b06-47c5-8bca-c781d9cddaf8,NA
9,136190679,136190679,1,snv_mnv,NA,NA,"broad,dkfz,muse,sanger",4,COSN7558465,rs375188941,AluJr,FALSE,0.4375,NA,21,27,NA,NA,NA,IGR,FALSE,FALSE,FALSE,FALSE,2,2,0,2_0,d4907a1b-8b06-47c5-8bca-c781d9cddaf8,SURF6
9,136558375,136558375,1,snv_mnv,NA,NA,"broad,dkfz,muse,sanger",4,COSN7558548,NA,L2a,FALSE,0.3864,NA,17,27,NA,NA,NA,Intron,FALSE,FALSE,FALSE,FALSE,2,2,0,2_0,d4907a1b-8b06-47c5-8bca-c781d9cddaf8,SARDH
9,136979193,136979193,1,snv_mnv,NA,NA,"broad,muse,sanger",3,COSN7558651,NA,AluSg,FALSE,0.1356,NA,8,51,NA,NA,NA,IGR,FALSE,FALSE,FALSE,FALSE,2,2,0,2_0,d4907a1b-8b06-47c5-8bca-c781d9cddaf8,NA
9,137411294,137411294,1,snv_mnv,NA,NA,"broad,dkfz,muse,sanger",4,COSN7558759,NA,NA,FALSE,0.3409,NA,15,29,NA,NA,NA,lincRNA,FALSE,FALSE,FALSE,FALSE,2,2,0,2_0,d4907a1b-8b06-47c5-8bca-c781d9cddaf8,NA
9,137748493,137748493,1,snv_mnv,NA,NA,"broad,dkfz,muse,sanger",4,COSN7558916,NA,AluSq4,FALSE,0.5263,NA,30,27,NA,NA,NA,IGR,FALSE,FALSE,FALSE,FALSE,2,2,0,2_0,d4907a1b-8b06-47c5-8bca-c781d9cddaf8,NA
9,137874933,137874933,1,snv_mnv,NA,NA,"broad,dkfz,muse,sanger",4,COSN7558985,NA,L2b,FALSE,0.4118,NA,21,30,NA,NA,NA,IGR,FALSE,FALSE,FALSE,FALSE,2,2,0,2_0,d4907a1b-8b06-47c5-8bca-c781d9cddaf8,NA
9,138193637,138193637,1,snv_mnv,NA,NA,"broad,dkfz,muse,sanger",4,COSN7559158,NA,NA,FALSE,0.28,NA,14,36,NA,NA,NA,IGR,FALSE,FALSE,FALSE,FALSE,2,2,0,2_0,d4907a1b-8b06-47c5-8bca-c781d9cddaf8,NA
9,138262447,138262447,1,snv_mnv,NA,NA,"broad,dkfz,muse,sanger",4,COSN7559193,NA,NA,FALSE,0.4103,NA,16,23,NA,NA,NA,IGR,FALSE,FALSE,FALSE,FALSE,2,2,0,2_0,d4907a1b-8b06-47c5-8bca-c781d9cddaf8,NA
9,138416158,138416158,1,snv_mnv,NA,NA,"broad,dkfz,muse,sanger",4,COSN7559256,NA,NA,FALSE,0.18,NA,9,41,NA,NA,NA,Intron,FALSE,FALSE,FALSE,FALSE,2,2,0,2_0,d4907a1b-8b06-47c5-8bca-c781d9cddaf8,NA
9,138675576,138675576,1,snv_mnv,NA,NA,"broad,dkfz,muse,sanger",4,COSN7559370,NA,NA,FALSE,0.4203,NA,29,40,NA,NA,NA,Intron,FALSE,FALSE,FALSE,FALSE,2,2,0,2_0,d4907a1b-8b06-47c5-8bca-c781d9cddaf8,NA
9,139536711,139536711,1,snv_mnv,NA,NA,"broad,dkfz,muse,sanger",4,COSN7559583,NA,AluY,FALSE,0.4,NA,22,33,NA,NA,NA,IGR,FALSE,FALSE,FALSE,FALSE,2,2,0,2_0,d4907a1b-8b06-47c5-8bca-c781d9cddaf8,NA
9,139816658,139816658,1,snv_mnv,NA,NA,"broad,dkfz,muse,sanger",4,COSN7559654,NA,NA,FALSE,0.24,NA,12,38,NA,NA,NA,Intron,FALSE,FALSE,FALSE,FALSE,2,2,0,2_0,d4907a1b-8b06-47c5-8bca-c781d9cddaf8,TRAF2
X,4013004,4013004,1,snv_mnv,NA,NA,"broad,dkfz,muse,sanger",4,COSN7523694,NA,NA,FALSE,0.5763,NA,34,25,NA,NA,NA,IGR,FALSE,FALSE,FALSE,FALSE,2,2,0,2_0,d4907a1b-8b06-47c5-8bca-c781d9cddaf8,NA
X,4681986,4681986,1,snv_mnv,NA,NA,"broad,dkfz,muse,sanger",4,COSN7525208,NA,NA,FALSE,0.3171,NA,13,28,NA,NA,NA,IGR,FALSE,FALSE,FALSE,FALSE,2,2,0,2_0,d4907a1b-8b06-47c5-8bca-c781d9cddaf8,NA
X,4874471,4874471,1,snv_mnv,0.0023841,rs182206643,"broad,dkfz,muse,sanger",4,COSN7525734,rs182206643,NA,FALSE,0.6296,NA,34,20,NA,NA,NA,IGR,FALSE,FALSE,FALSE,FALSE,2,2,0,2_0,d4907a1b-8b06-47c5-8bca-c781d9cddaf8,NA
X,4937918,4937918,1,snv_mnv,NA,NA,"broad,dkfz,muse,sanger",4,COSN7525878,NA,NA,FALSE,0.5556,NA,30,24,NA,NA,NA,IGR,FALSE,FALSE,FALSE,FALSE,2,2,0,2_0,d4907a1b-8b06-47c5-8bca-c781d9cddaf8,NA
X,5725623,5725623,1,snv_mnv,NA,NA,"broad,dkfz,muse,sanger",4,COSN7528308,rs530252821,NA,FALSE,0.5152,NA,17,16,NA,NA,NA,IGR,FALSE,FALSE,FALSE,FALSE,2,2,0,2_0,d4907a1b-8b06-47c5-8bca-c781d9cddaf8,NA
X,6507090,6507090,1,snv_mnv,NA,NA,"broad,dkfz,muse,sanger",4,COSN7530491,NA,NA,FALSE,0.3889,NA,21,33,NA,NA,NA,IGR,FALSE,FALSE,FALSE,FALSE,2,2,0,2_0,d4907a1b-8b06-47c5-8bca-c781d9cddaf8,NA
X,7099729,7099729,1,snv_mnv,NA,NA,"broad,dkfz,muse,sanger",4,COSN7532476,NA,NA,FALSE,0.3023,NA,13,30,NA,NA,NA,IGR,FALSE,FALSE,FALSE,FALSE,2,2,0,2_0,d4907a1b-8b06-47c5-8bca-c781d9cddaf8,NA
X,7768199,7768199,1,snv_mnv,2.649e-4,NA,"broad,dkfz,muse,sanger",4,COSN7534707,rs758776283,NA,FALSE,0.325,NA,13,27,NA,NA,NA,IGR,FALSE,FALSE,FALSE,FALSE,2,2,0,2_0,d4907a1b-8b06-47c5-8bca-c781d9cddaf8,NA
X,8464520,8464520,1,snv_mnv,NA,NA,"broad,dkfz,muse,sanger",4,COSN7537911,NA,NA,FALSE,0.25,NA,13,39,NA,NA,NA,IGR,FALSE,FALSE,FALSE,FALSE,2,2,0,2_0,d4907a1b-8b06-47c5-8bca-c781d9cddaf8,NA
X,12044674,12044674,1,snv_mnv,NA,NA,"broad,dkfz,muse,sanger",4,COSN7685162,NA,NA,FALSE,0.2778,NA,15,39,NA,NA,NA,IGR,FALSE,FALSE,FALSE,FALSE,2,2,0,2_0,d4907a1b-8b06-47c5-8bca-c781d9cddaf8,NA
X,12848184,12848184,1,snv_mnv,NA,NA,"broad,dkfz,muse,sanger",4,COSN7505864,rs757305038,NA,FALSE,0.186,NA,8,35,NA,NA,NA,IGR,FALSE,FALSE,FALSE,FALSE,2,2,0,2_0,d4907a1b-8b06-47c5-8bca-c781d9cddaf8,PSMA6P2
X,14288925,14288925,1,snv_mnv,NA,NA,"broad,dkfz,muse,sanger",4,COSN7511022,NA,NA,FALSE,0.5349,NA,23,20,NA,NA,NA,IGR,FALSE,FALSE,FALSE,FALSE,2,2,0,2_0,d4907a1b-8b06-47c5-8bca-c781d9cddaf8,NA
X,17084133,17084133,1,snv_mnv,NA,NA,"broad,dkfz,muse,sanger",4,COSN7516194,NA,L1MB8,FALSE,0.6279,NA,27,16,NA,NA,NA,Intron,FALSE,FALSE,FALSE,FALSE,2,2,0,2_0,d4907a1b-8b06-47c5-8bca-c781d9cddaf8,NA
X,17885894,17885894,1,snv_mnv,NA,NA,"broad,dkfz,muse,sanger",4,COSN7516329,NA,NA,FALSE,0.2051,NA,8,31,NA,NA,NA,IGR,FALSE,FALSE,FALSE,FALSE,2,2,0,2_0,d4907a1b-8b06-47c5-8bca-c781d9cddaf8,NA
X,19589316,19589316,1,snv_mnv,NA,NA,"broad,dkfz,muse,sanger",4,COSN7516703,NA,NA,FALSE,0.4706,NA,16,18,NA,NA,NA,Intron,FALSE,FALSE,FALSE,FALSE,2,2,0,2_0,d4907a1b-8b06-47c5-8bca-c781d9cddaf8,NA
X,20654203,20654203,1,snv_mnv,NA,NA,"broad,dkfz,muse,sanger",4,COSN7516889,NA,MIR,FALSE,0.5897,NA,23,16,NA,NA,NA,IGR,FALSE,FALSE,FALSE,FALSE,2,2,0,2_0,d4907a1b-8b06-47c5-8bca-c781d9cddaf8,NA
X,20982949,20982949,1,snv_mnv,NA,NA,"broad,dkfz,muse,sanger",4,COSN7517008,NA,NA,FALSE,0.3542,NA,17,31,NA,NA,NA,IGR,FALSE,FALSE,FALSE,FALSE,2,2,0,2_0,d4907a1b-8b06-47c5-8bca-c781d9cddaf8,NA
X,22244011,22244011,1,snv_mnv,NA,NA,"broad,dkfz,muse,sanger",4,COSN7517381,NA,NA,FALSE,0.6491,NA,37,20,NA,NA,NA,Intron,FALSE,FALSE,FALSE,FALSE,2,2,0,2_0,d4907a1b-8b06-47c5-8bca-c781d9cddaf8,NA
X,22743739,22743739,1,snv_mnv,NA,NA,"broad,dkfz,muse,sanger",4,COSN7517596,NA,L1MA10,FALSE,0.7234,NA,34,13,NA,NA,NA,lincRNA,FALSE,FALSE,FALSE,FALSE,2,2,0,2_0,d4907a1b-8b06-47c5-8bca-c781d9cddaf8,NA
X,23696097,23696097,1,snv_mnv,NA,NA,"broad,dkfz,muse,sanger",4,COSN7517869,NA,Tigger5,FALSE,0.2353,NA,8,26,NA,NA,NA,Intron,FALSE,FALSE,FALSE,FALSE,2,2,0,2_0,d4907a1b-8b06-47c5-8bca-c781d9cddaf8,PRDX4
X,25454740,25454740,1,snv_mnv,NA,NA,"broad,dkfz,muse,sanger",4,COSN7518237,NA,NA,FALSE,0.3488,NA,15,28,NA,NA,NA,IGR,FALSE,FALSE,FALSE,FALSE,2,2,0,2_0,d4907a1b-8b06-47c5-8bca-c781d9cddaf8,NA
X,26275434,26275434,1,snv_mnv,NA,NA,"broad,dkfz,muse,sanger",4,COSN7518643,rs748463908,NA,FALSE,0.7273,NA,24,9,NA,NA,NA,IGR,FALSE,FALSE,FALSE,FALSE,2,2,0,2_0,d4907a1b-8b06-47c5-8bca-c781d9cddaf8,NA
X,26388277,26388277,1,snv_mnv,NA,NA,"broad,dkfz,muse,sanger",4,COSN7518688,NA,MLT1C,FALSE,0.5116,NA,22,21,NA,NA,NA,IGR,FALSE,FALSE,TRUE,FALSE,2,2,0,2_0,d4907a1b-8b06-47c5-8bca-c781d9cddaf8,NA
X,26398197,26398197,1,snv_mnv,NA,NA,"broad,dkfz,muse,sanger",4,COSN7518695,NA,NA,FALSE,0.5435,NA,25,21,NA,NA,NA,IGR,FALSE,FALSE,TRUE,FALSE,2,2,0,2_0,d4907a1b-8b06-47c5-8bca-c781d9cddaf8,NA
X,26706648,26706648,1,snv_mnv,NA,NA,"broad,dkfz,muse,sanger",4,COSN7518872,NA,L1ME2,FALSE,0.2807,NA,16,41,NA,NA,NA,IGR,FALSE,FALSE,FALSE,FALSE,2,2,0,2_0,d4907a1b-8b06-47c5-8bca-c781d9cddaf8,RPL7P58
X,27021138,27021138,1,snv_mnv,NA,NA,"broad,dkfz,muse,sanger",4,COSN7519021,NA,L1MB7,FALSE,0.5532,NA,26,21,NA,NA,NA,IGR,FALSE,FALSE,FALSE,FALSE,2,2,0,2_0,d4907a1b-8b06-47c5-8bca-c781d9cddaf8,NA
X,28106335,28106335,1,snv_mnv,NA,NA,"broad,dkfz,muse,sanger",4,COSN7519529,NA,L2b,FALSE,0.25,NA,8,24,NA,NA,NA,IGR,FALSE,FALSE,FALSE,FALSE,2,2,0,2_0,d4907a1b-8b06-47c5-8bca-c781d9cddaf8,NA
X,29430435,29430435,1,snv_mnv,NA,NA,"broad,dkfz,muse,sanger",4,COSN7520056,NA,NA,FALSE,0.3148,NA,17,37,NA,NA,NA,Intron,FALSE,FALSE,TRUE,FALSE,2,2,0,2_0,d4907a1b-8b06-47c5-8bca-c781d9cddaf8,NA
X,29579239,29579239,1,snv_mnv,NA,NA,"broad,dkfz,muse,sanger",4,COSN7520120,NA,L1MA9,FALSE,0.1905,NA,8,34,NA,NA,NA,Intron,FALSE,FALSE,FALSE,FALSE,2,2,0,2_0,d4907a1b-8b06-47c5-8bca-c781d9cddaf8,NA
X,30049056,30049056,1,snv_mnv,NA,NA,"broad,dkfz,muse,sanger",4,COSN7520346,NA,NA,FALSE,0.5686,NA,29,22,NA,NA,NA,IGR,FALSE,FALSE,FALSE,FALSE,2,2,0,2_0,d4907a1b-8b06-47c5-8bca-c781d9cddaf8,NA
X,30770836,30770836,1,snv_mnv,NA,NA,"broad,dkfz,muse,sanger",4,COSN7520599,NA,L1MA9,FALSE,0.4909,NA,27,28,NA,NA,NA,IGR,FALSE,FALSE,FALSE,FALSE,2,2,0,2_0,d4907a1b-8b06-47c5-8bca-c781d9cddaf8,NA
X,31144158,31144158,1,snv_mnv,NA,NA,"broad,dkfz,muse,sanger",4,COSN7520728,NA,MIR,FALSE,0.5849,NA,31,22,NA,NA,NA,Intron,FALSE,FALSE,FALSE,FALSE,2,2,0,2_0,d4907a1b-8b06-47c5-8bca-c781d9cddaf8,NA
X,32072872,32072872,1,snv_mnv,NA,NA,"broad,dkfz,muse,sanger",4,COSN7521049,NA,NA,FALSE,0.2188,NA,7,25,NA,NA,NA,Intron,FALSE,FALSE,FALSE,FALSE,2,2,0,2_0,d4907a1b-8b06-47c5-8bca-c781d9cddaf8,NA
X,33030999,33030999,1,snv_mnv,NA,NA,"broad,dkfz,muse,sanger",4,COSN7521421,NA,MER47A,FALSE,0.4898,NA,24,25,NA,NA,NA,Intron,FALSE,FALSE,FALSE,FALSE,2,2,0,2_0,d4907a1b-8b06-47c5-8bca-c781d9cddaf8,NA
X,33726774,33726774,1,snv_mnv,NA,NA,"broad,dkfz,muse,sanger",4,COSN7521788,NA,NA,FALSE,0.6154,NA,24,15,NA,NA,NA,IGR,FALSE,FALSE,FALSE,FALSE,2,2,0,2_0,d4907a1b-8b06-47c5-8bca-c781d9cddaf8,NA
X,36012977,36012977,1,snv_mnv,NA,NA,"broad,dkfz,muse,sanger",4,COSN7522740,NA,L2c,FALSE,0.587,NA,27,19,NA,NA,NA,IGR,FALSE,FALSE,TRUE,FALSE,2,2,0,2_0,d4907a1b-8b06-47c5-8bca-c781d9cddaf8,CFAP47
X,36345397,36345397,1,snv_mnv,NA,NA,"broad,dkfz,muse,sanger",4,COSN7522848,NA,L1PA16,FALSE,0.16,NA,8,42,NA,NA,NA,Intron,FALSE,FALSE,FALSE,FALSE,2,2,0,2_0,d4907a1b-8b06-47c5-8bca-c781d9cddaf8,NA
X,36690077,36690077,1,snv_mnv,NA,NA,"broad,dkfz,muse,sanger",4,COSN7522974,NA,L1ME3B,FALSE,0.5476,NA,23,19,NA,NA,NA,IGR,FALSE,FALSE,FALSE,FALSE,2,2,0,2_0,d4907a1b-8b06-47c5-8bca-c781d9cddaf8,NA
X,36825641,36825641,1,snv_mnv,NA,NA,"broad,dkfz,muse,sanger",4,COSN7523021,NA,NA,FALSE,0.4,NA,20,30,NA,NA,NA,IGR,FALSE,FALSE,FALSE,FALSE,2,2,0,2_0,d4907a1b-8b06-47c5-8bca-c781d9cddaf8,NA
X,41658550,41658550,1,snv_mnv,NA,NA,"broad,dkfz,muse,sanger",4,COSN7524030,NA,AluSz6,FALSE,0.3415,NA,14,27,NA,NA,NA,Intron,FALSE,FALSE,FALSE,FALSE,2,2,0,2_0,d4907a1b-8b06-47c5-8bca-c781d9cddaf8,NA
X,43328856,43328856,1,snv_mnv,NA,NA,"broad,muse,sanger",3,COSN7524428,NA,MER58A,FALSE,0.1944,NA,7,29,NA,NA,NA,IGR,FALSE,FALSE,FALSE,FALSE,2,2,0,2_0,d4907a1b-8b06-47c5-8bca-c781d9cddaf8,NA
X,44539706,44539706,1,snv_mnv,NA,NA,"broad,dkfz,muse,sanger",4,COSN7524703,NA,AluSq2,FALSE,0.2941,NA,10,24,NA,NA,NA,IGR,FALSE,FALSE,TRUE,FALSE,2,2,0,2_0,d4907a1b-8b06-47c5-8bca-c781d9cddaf8,NA
X,46300946,46300946,1,snv_mnv,NA,NA,"broad,dkfz,muse,sanger",4,COSN7525109,NA,NA,FALSE,0.7021,NA,33,14,NA,NA,NA,IGR,FALSE,FALSE,FALSE,FALSE,2,2,0,2_0,d4907a1b-8b06-47c5-8bca-c781d9cddaf8,GAPDHP65
X,46407667,46407667,1,snv_mnv,NA,NA,"broad,dkfz,muse,sanger",4,COSN7525124,NA,NA,FALSE,0.4808,NA,25,27,NA,NA,NA,5'Flank,FALSE,FALSE,FALSE,FALSE,2,2,0,2_0,d4907a1b-8b06-47c5-8bca-c781d9cddaf8,"ZNF674,ZNF674-AS1"
X,50774532,50774532,1,snv_mnv,NA,NA,"broad,dkfz,muse,sanger",4,COSN7526268,NA,NA,FALSE,0.641,NA,25,14,NA,NA,NA,IGR,FALSE,FALSE,FALSE,FALSE,2,2,0,2_0,d4907a1b-8b06-47c5-8bca-c781d9cddaf8,AC239367.1
X,50938794,50938794,1,snv_mnv,NA,NA,"broad,dkfz,muse,sanger",4,COSN7526343,NA,THE1B-int,FALSE,0.3659,NA,15,26,NA,NA,NA,IGR,FALSE,FALSE,FALSE,FALSE,2,2,0,2_0,d4907a1b-8b06-47c5-8bca-c781d9cddaf8,NA
X,53727358,53727358,1,snv_mnv,NA,NA,"broad,dkfz,muse,sanger",4,COSN7527091,NA,L1MC5,FALSE,0.3269,NA,17,35,NA,NA,NA,IGR,FALSE,FALSE,FALSE,FALSE,2,2,0,2_0,d4907a1b-8b06-47c5-8bca-c781d9cddaf8,NA
X,54607257,54607257,1,snv_mnv,NA,NA,"broad,muse,sanger",3,COSN7527342,NA,AluSx,FALSE,0.6176,NA,21,13,NA,NA,NA,IGR,FALSE,FALSE,FALSE,FALSE,2,2,0,2_0,d4907a1b-8b06-47c5-8bca-c781d9cddaf8,NA
X,54861796,54861796,1,snv_mnv,NA,NA,"broad,muse,sanger",3,COSN7527409,NA,L1PA13,FALSE,0.5778,NA,26,19,NA,NA,NA,IGR,FALSE,FALSE,FALSE,FALSE,2,2,0,2_0,d4907a1b-8b06-47c5-8bca-c781d9cddaf8,NA
X,56520447,56520447,1,snv_mnv,NA,NA,"broad,dkfz,muse,sanger",4,COSN7528079,NA,L1PA6,FALSE,0.5588,NA,19,15,NA,NA,NA,IGR,FALSE,FALSE,FALSE,FALSE,2,2,0,2_0,d4907a1b-8b06-47c5-8bca-c781d9cddaf8,NA
X,58245329,58245329,1,snv_mnv,NA,NA,"broad,dkfz,muse,sanger",4,COSN7528716,NA,NA,FALSE,0.4483,NA,26,32,NA,NA,NA,IGR,FALSE,FALSE,FALSE,FALSE,2,2,0,2_0,d4907a1b-8b06-47c5-8bca-c781d9cddaf8,NA
X,61910298,61910298,1,snv_mnv,NA,NA,"broad,muse",2,COSN7529266,NA,ALR/Alpha,FALSE,0.1395,NA,6,37,NA,NA,NA,IGR,FALSE,FALSE,FALSE,FALSE,2,2,0,2_0,d4907a1b-8b06-47c5-8bca-c781d9cddaf8,NA
X,61983616,61983616,1,snv_mnv,NA,NA,"broad,muse",2,COSN7529309,NA,ALR/Alpha,FALSE,0.2909,NA,16,39,NA,NA,NA,IGR,FALSE,FALSE,TRUE,FALSE,2,2,0,2_0,d4907a1b-8b06-47c5-8bca-c781d9cddaf8,NA
X,65349969,65349969,1,snv_mnv,NA,NA,"broad,dkfz,muse",3,COSN7530583,NA,AluSg4,FALSE,0.3659,NA,15,26,NA,NA,NA,IGR,FALSE,FALSE,FALSE,FALSE,2,2,0,2_0,d4907a1b-8b06-47c5-8bca-c781d9cddaf8,NA
X,66374167,66374167,1,snv_mnv,0.0429,rs188901084,"dkfz,muse,sanger",3,COSN16033272,rs188901084,L3b,FALSE,0.5593,NA,33,26,NA,NA,NA,IGR,FALSE,FALSE,FALSE,FALSE,2,2,0,2_0,d4907a1b-8b06-47c5-8bca-c781d9cddaf8,NA
X,67848436,67848436,1,snv_mnv,NA,NA,"broad,dkfz,muse,sanger",4,COSN7531643,NA,L1M4,FALSE,0.5833,NA,28,20,NA,NA,NA,IGR,FALSE,FALSE,FALSE,FALSE,2,2,0,2_0,d4907a1b-8b06-47c5-8bca-c781d9cddaf8,NA
X,70088947,70088947,1,snv_mnv,NA,NA,"dkfz,muse",2,COSN6568554,rs188187020,(TAAAA)n,FALSE,0.28,NA,14,36,NA,NA,NA,Intron,FALSE,FALSE,FALSE,FALSE,2,2,0,2_0,d4907a1b-8b06-47c5-8bca-c781d9cddaf8,NA
X,71724670,71724670,1,snv_mnv,NA,NA,"broad,dkfz,muse,sanger",4,COSN7532637,NA,L1MB5,FALSE,0.6727,NA,37,18,NA,NA,NA,Intron,FALSE,FALSE,FALSE,FALSE,2,2,0,2_0,d4907a1b-8b06-47c5-8bca-c781d9cddaf8,NA
X,75300885,75300885,1,snv_mnv,NA,NA,"broad,dkfz,muse,sanger",4,COSN7533842,NA,AluSz,FALSE,0.4146,NA,17,24,NA,NA,NA,IGR,FALSE,FALSE,FALSE,FALSE,2,2,0,2_0,d4907a1b-8b06-47c5-8bca-c781d9cddaf8,NA
X,75623218,75623218,1,snv_mnv,NA,NA,"broad,dkfz,muse,sanger",4,COSN7533968,NA,L1MA7,FALSE,0.5833,NA,28,20,NA,NA,NA,IGR,FALSE,FALSE,FALSE,FALSE,2,2,0,2_0,d4907a1b-8b06-47c5-8bca-c781d9cddaf8,NA
X,75643695,75643695,1,snv_mnv,NA,NA,"broad,dkfz,muse,sanger",4,COSN7533976,NA,NA,FALSE,0.3,NA,15,35,NA,NA,NA,IGR,FALSE,FALSE,FALSE,FALSE,2,2,0,2_0,d4907a1b-8b06-47c5-8bca-c781d9cddaf8,MAGEE1
X,75886235,75886235,1,snv_mnv,NA,NA,"broad,dkfz,muse,sanger",4,COSN7534098,NA,L1PA3,FALSE,0.2821,NA,11,28,NA,NA,NA,IGR,FALSE,FALSE,FALSE,FALSE,2,2,0,2_0,d4907a1b-8b06-47c5-8bca-c781d9cddaf8,NA
X,78108934,78108934,1,snv_mnv,NA,NA,"broad,dkfz,muse,sanger",4,COSN7534926,NA,L2c,FALSE,0.5238,NA,22,20,NA,NA,NA,IGR,FALSE,FALSE,FALSE,FALSE,2,2,0,2_0,d4907a1b-8b06-47c5-8bca-c781d9cddaf8,NA
X,78127843,78127843,1,snv_mnv,NA,NA,"broad,dkfz,muse,sanger",4,COSN7534935,NA,NA,FALSE,0.2807,NA,16,41,NA,NA,NA,IGR,FALSE,FALSE,FALSE,FALSE,2,2,0,2_0,d4907a1b-8b06-47c5-8bca-c781d9cddaf8,NA
X,78207761,78207761,1,snv_mnv,NA,NA,"broad,dkfz,muse,sanger",4,COSN7534972,NA,NA,FALSE,0.7059,NA,36,15,NA,NA,NA,5'UTR,FALSE,FALSE,FALSE,FALSE,2,2,0,2_0,d4907a1b-8b06-47c5-8bca-c781d9cddaf8,NA
X,79485104,79485104,1,snv_mnv,NA,NA,"broad,dkfz,muse,sanger",4,COSN7535603,NA,MER52-int,FALSE,0.3409,NA,15,29,NA,NA,NA,IGR,FALSE,FALSE,FALSE,FALSE,2,2,0,2_0,d4907a1b-8b06-47c5-8bca-c781d9cddaf8,NA
X,80396931,80396931,1,snv_mnv,2.649e-4,NA,"broad,dkfz,muse,sanger",4,COSN7535958,rs757616724,L1M1,FALSE,0.6129,NA,19,12,NA,NA,NA,Intron,FALSE,FALSE,FALSE,FALSE,2,2,0,2_0,d4907a1b-8b06-47c5-8bca-c781d9cddaf8,NA
X,80839222,80839222,1,snv_mnv,NA,NA,"broad,dkfz,muse,sanger",4,COSN7536150,NA,L1PA16,FALSE,0.2963,NA,16,38,NA,NA,NA,IGR,FALSE,FALSE,FALSE,FALSE,2,2,0,2_0,d4907a1b-8b06-47c5-8bca-c781d9cddaf8,NA
X,81259019,81259019,1,snv_mnv,NA,NA,"broad,dkfz,muse,sanger",4,COSN7536389,NA,L1P3,FALSE,0.3061,NA,15,34,NA,NA,NA,RNA,FALSE,FALSE,FALSE,FALSE,2,2,0,2_0,d4907a1b-8b06-47c5-8bca-c781d9cddaf8,RNU6-974P
X,81440987,81440987,1,snv_mnv,NA,NA,"broad,dkfz,muse,sanger",4,COSN7536485,NA,L1PB4,FALSE,0.6087,NA,28,18,NA,NA,NA,IGR,FALSE,FALSE,FALSE,FALSE,2,2,0,2_0,d4907a1b-8b06-47c5-8bca-c781d9cddaf8,NA
X,82052127,82052127,1,snv_mnv,NA,NA,"broad,dkfz,muse,sanger",4,COSN7536714,NA,ERVL-B4-int,FALSE,0.3265,NA,16,33,NA,NA,NA,IGR,FALSE,FALSE,FALSE,FALSE,2,2,0,2_0,d4907a1b-8b06-47c5-8bca-c781d9cddaf8,NA
X,82987219,82987219,1,snv_mnv,NA,NA,"broad,dkfz,muse,sanger",4,COSN7537203,NA,L1MA4,FALSE,0.6596,NA,31,16,NA,NA,NA,IGR,FALSE,FALSE,FALSE,FALSE,2,2,0,2_0,d4907a1b-8b06-47c5-8bca-c781d9cddaf8,NA
X,84181124,84181124,1,snv_mnv,NA,NA,"broad,dkfz,muse,sanger",4,COSN7537767,NA,L1PA13,FALSE,0.4615,NA,18,21,NA,NA,NA,IGR,FALSE,FALSE,FALSE,FALSE,2,2,0,2_0,d4907a1b-8b06-47c5-8bca-c781d9cddaf8,NA
X,86342267,86342267,1,snv_mnv,NA,NA,"dkfz,muse,sanger",3,COSN7538732,NA,L1PA13,FALSE,0.2381,NA,10,32,NA,NA,NA,IGR,FALSE,FALSE,FALSE,FALSE,2,2,0,2_0,d4907a1b-8b06-47c5-8bca-c781d9cddaf8,NA
X,86416357,86416357,1,snv_mnv,NA,NA,"broad,dkfz,muse,sanger",4,COSN7538773,NA,L1MA3,FALSE,0.6061,NA,20,13,NA,NA,NA,IGR,FALSE,FALSE,FALSE,FALSE,2,2,0,2_0,d4907a1b-8b06-47c5-8bca-c781d9cddaf8,NA
X,86568503,86568503,1,snv_mnv,NA,NA,"broad,dkfz,muse,sanger",4,COSN7538884,NA,MSTB,FALSE,0.22,NA,11,39,NA,NA,NA,IGR,FALSE,FALSE,FALSE,FALSE,2,2,0,2_0,d4907a1b-8b06-47c5-8bca-c781d9cddaf8,NA
X,86705651,86705651,1,snv_mnv,NA,NA,"broad,dkfz,muse,sanger",4,COSN7538971,NA,L1MCa,FALSE,0.24,NA,12,38,NA,NA,NA,IGR,FALSE,FALSE,FALSE,FALSE,2,2,0,2_0,d4907a1b-8b06-47c5-8bca-c781d9cddaf8,NA
X,86855066,86855066,1,snv_mnv,NA,NA,"broad,dkfz,muse,sanger",4,COSN7539047,NA,MSTB,FALSE,0.2826,NA,13,33,NA,NA,NA,Intron,FALSE,FALSE,FALSE,FALSE,2,2,0,2_0,d4907a1b-8b06-47c5-8bca-c781d9cddaf8,NA
X,87800552,87800552,1,snv_mnv,NA,NA,"dkfz,muse,sanger",3,COSN7539582,NA,L1MC1,FALSE,0.1522,NA,7,39,NA,NA,NA,IGR,FALSE,FALSE,FALSE,FALSE,2,2,0,2_0,d4907a1b-8b06-47c5-8bca-c781d9cddaf8,NA
X,88031013,88031013,1,snv_mnv,NA,NA,"broad,dkfz,muse,sanger",4,COSN7539750,NA,L1PA12,FALSE,0.5652,NA,26,20,NA,NA,NA,IGR,FALSE,FALSE,FALSE,FALSE,2,2,0,2_0,d4907a1b-8b06-47c5-8bca-c781d9cddaf8,NA
X,90079873,90079873,1,snv_mnv,5.298e-4,NA,"broad,muse,sanger",3,COSN7541001,rs545833846,AluY,FALSE,0.5714,NA,24,18,NA,NA,NA,IGR,FALSE,FALSE,FALSE,FALSE,2,2,0,2_0,d4907a1b-8b06-47c5-8bca-c781d9cddaf8,NA
X,90334340,90334340,1,snv_mnv,NA,NA,"broad,dkfz,muse,sanger",4,COSN7541154,NA,NA,FALSE,0.25,NA,11,33,NA,NA,NA,IGR,FALSE,FALSE,FALSE,FALSE,2,2,0,2_0,d4907a1b-8b06-47c5-8bca-c781d9cddaf8,NA
X,91569093,91569093,1,snv_mnv,NA,NA,"broad,muse,sanger",3,COSN7541990,NA,Tigger3b,FALSE,0.3214,NA,9,19,NA,NA,NA,Intron,FALSE,FALSE,FALSE,FALSE,2,2,0,2_0,d4907a1b-8b06-47c5-8bca-c781d9cddaf8,NA
X,92570088,92570088,1,snv_mnv,NA,NA,"broad,dkfz,muse,sanger",4,COSN7542599,NA,L1PA7,FALSE,0.6275,NA,32,19,NA,NA,NA,IGR,FALSE,FALSE,FALSE,FALSE,2,2,0,2_0,d4907a1b-8b06-47c5-8bca-c781d9cddaf8,NA
X,92879560,92879560,1,snv_mnv,NA,NA,"broad,dkfz,muse,sanger",4,COSN7542824,NA,NA,FALSE,0.5909,NA,26,18,NA,NA,NA,IGR,FALSE,FALSE,FALSE,FALSE,2,2,0,2_0,d4907a1b-8b06-47c5-8bca-c781d9cddaf8,NA
X,93056687,93056687,1,snv_mnv,NA,NA,"broad,dkfz,muse,sanger",4,COSN7542971,NA,L1ME2,FALSE,0.5909,NA,26,18,NA,NA,NA,IGR,FALSE,FALSE,FALSE,FALSE,2,2,0,2_0,d4907a1b-8b06-47c5-8bca-c781d9cddaf8,NA
X,93133206,93133206,1,snv_mnv,NA,NA,"broad,dkfz,muse,sanger",4,COSN7543012,NA,L1PA11,FALSE,0.6596,NA,31,16,NA,NA,NA,IGR,FALSE,FALSE,TRUE,FALSE,2,2,0,2_0,d4907a1b-8b06-47c5-8bca-c781d9cddaf8,NA
X,93248347,93248347,1,snv_mnv,NA,NA,"broad,dkfz,muse,sanger",4,COSN7543096,NA,MIR3,FALSE,0.2549,NA,13,38,NA,NA,NA,IGR,FALSE,FALSE,FALSE,FALSE,2,2,0,2_0,d4907a1b-8b06-47c5-8bca-c781d9cddaf8,NA
X,93362193,93362193,1,snv_mnv,NA,NA,"broad,dkfz,muse,sanger",4,COSN7543171,NA,L2c,FALSE,0.2326,NA,10,33,NA,NA,NA,IGR,FALSE,FALSE,FALSE,FALSE,2,2,0,2_0,d4907a1b-8b06-47c5-8bca-c781d9cddaf8,NA
X,93778402,93778402,1,snv_mnv,0.0023841,rs189093959,"dkfz,muse,sanger",3,COSN7543465,rs189093959,MLT2A1,FALSE,0.5349,NA,23,20,NA,NA,NA,IGR,FALSE,FALSE,FALSE,FALSE,2,2,0,2_0,d4907a1b-8b06-47c5-8bca-c781d9cddaf8,NA
X,94158634,94158634,1,snv_mnv,NA,NA,"broad,dkfz,muse,sanger",4,COSN7543748,NA,L1MC1,FALSE,0.5122,NA,21,20,NA,NA,NA,IGR,FALSE,FALSE,TRUE,FALSE,2,2,0,2_0,d4907a1b-8b06-47c5-8bca-c781d9cddaf8,NA
X,94336712,94336712,1,snv_mnv,NA,NA,"broad,dkfz,muse,sanger",4,COSN7543866,NA,L1PB1,FALSE,0.4565,NA,21,25,NA,NA,NA,IGR,FALSE,FALSE,FALSE,FALSE,2,2,0,2_0,d4907a1b-8b06-47c5-8bca-c781d9cddaf8,NA
X,94941785,94941785,1,snv_mnv,NA,NA,"broad,dkfz,muse,sanger",4,COSN7544271,NA,NA,FALSE,0.2549,NA,13,38,NA,NA,NA,IGR,FALSE,FALSE,FALSE,FALSE,2,2,0,2_0,d4907a1b-8b06-47c5-8bca-c781d9cddaf8,NA
X,95040329,95040329,1,snv_mnv,NA,NA,"broad,dkfz,muse,sanger",4,COSN7544325,NA,L1MA3,FALSE,0.35,NA,21,39,NA,NA,NA,IGR,FALSE,FALSE,FALSE,FALSE,2,2,0,2_0,d4907a1b-8b06-47c5-8bca-c781d9cddaf8,NA
X,96913468,96913468,1,snv_mnv,NA,NA,"broad,dkfz,muse,sanger",4,COSN7544983,NA,MLT1H,FALSE,0.2353,NA,12,39,NA,NA,NA,IGR,FALSE,FALSE,FALSE,FALSE,2,2,0,2_0,d4907a1b-8b06-47c5-8bca-c781d9cddaf8,NA
X,97035908,97035908,1,snv_mnv,0.0013245,rs185715221,"broad,dkfz,muse,sanger",4,COSN7545022,rs185715221,AluSp,FALSE,0.1951,NA,8,33,NA,NA,NA,IGR,FALSE,FALSE,FALSE,FALSE,2,2,0,2_0,d4907a1b-8b06-47c5-8bca-c781d9cddaf8,NA
X,98071260,98071260,1,snv_mnv,NA,NA,"broad,dkfz,muse,sanger",4,COSN7545563,NA,NA,FALSE,0.6604,NA,35,18,NA,NA,NA,IGR,FALSE,FALSE,FALSE,FALSE,2,2,0,2_0,d4907a1b-8b06-47c5-8bca-c781d9cddaf8,NA
X,98124627,98124627,1,snv_mnv,NA,NA,"broad,dkfz,muse,sanger",4,COSN7545588,NA,NA,FALSE,0.1923,NA,10,42,NA,NA,NA,IGR,FALSE,FALSE,FALSE,FALSE,2,2,0,2_0,d4907a1b-8b06-47c5-8bca-c781d9cddaf8,AL157778.1
X,98371724,98371724,1,snv_mnv,2.649e-4,rs190862550,"broad,dkfz,muse,sanger",4,COSN7545730,rs190862550,NA,FALSE,0.5,NA,18,18,NA,NA,NA,IGR,FALSE,FALSE,FALSE,FALSE,2,2,0,2_0,d4907a1b-8b06-47c5-8bca-c781d9cddaf8,NA
X,98731064,98731064,1,snv_mnv,NA,NA,"broad,dkfz,muse,sanger",4,COSN7545945,rs777462860,NA,FALSE,0.3333,NA,15,30,NA,NA,NA,IGR,FALSE,FALSE,FALSE,FALSE,2,2,0,2_0,d4907a1b-8b06-47c5-8bca-c781d9cddaf8,NA
X,99375263,99375263,1,snv_mnv,NA,NA,"broad,dkfz,muse,sanger",4,COSN7546333,NA,NA,FALSE,0.2222,NA,12,42,NA,NA,NA,IGR,FALSE,FALSE,FALSE,FALSE,2,2,0,2_0,d4907a1b-8b06-47c5-8bca-c781d9cddaf8,NA
X,99407234,99407234,1,snv_mnv,NA,NA,"broad,dkfz,muse,sanger",4,COSN7546352,NA,L1PA10,FALSE,0.2667,NA,12,33,NA,NA,NA,IGR,FALSE,FALSE,FALSE,FALSE,2,2,0,2_0,d4907a1b-8b06-47c5-8bca-c781d9cddaf8,"AL359641.1,RPSAP8"
X,99548196,99548196,1,snv_mnv,NA,NA,"broad,dkfz,muse,sanger",4,COSN7546410,NA,NA,FALSE,0.2745,NA,14,37,NA,NA,NA,3'UTR,FALSE,FALSE,FALSE,FALSE,2,2,0,2_0,d4907a1b-8b06-47c5-8bca-c781d9cddaf8,NA
X,100785501,100785501,1,snv_mnv,NA,NA,"broad,dkfz,muse,sanger",4,COSN7679018,NA,NA,FALSE,0.2182,NA,12,43,NA,NA,NA,IGR,FALSE,FALSE,FALSE,FALSE,2,2,0,2_0,d4907a1b-8b06-47c5-8bca-c781d9cddaf8,NA
X,102394675,102394675,1,snv_mnv,NA,NA,"broad,dkfz,muse,sanger",4,COSN7679463,NA,L1MC4,FALSE,0.5,NA,22,22,NA,NA,NA,IGR,FALSE,FALSE,TRUE,FALSE,2,2,0,2_0,d4907a1b-8b06-47c5-8bca-c781d9cddaf8,NA
X,104694224,104694224,1,snv_mnv,NA,NA,"broad,dkfz,muse,sanger",4,COSN7680097,NA,L1MA2,FALSE,0.4348,NA,20,26,NA,NA,NA,Intron,FALSE,FALSE,FALSE,FALSE,2,2,0,2_0,d4907a1b-8b06-47c5-8bca-c781d9cddaf8,NA
X,104861898,104861898,1,snv_mnv,NA,NA,"broad,dkfz,muse,sanger",4,COSN7680189,NA,NA,FALSE,0.6042,NA,29,19,NA,NA,NA,Intron,FALSE,FALSE,FALSE,FALSE,2,2,0,2_0,d4907a1b-8b06-47c5-8bca-c781d9cddaf8,NA
X,104979910,104979910,1,snv_mnv,NA,NA,"broad,dkfz,muse,sanger",4,COSN7680242,NA,L1PA15,FALSE,0.283,NA,15,38,NA,NA,NA,Intron,FALSE,FALSE,FALSE,FALSE,2,2,0,2_0,d4907a1b-8b06-47c5-8bca-c781d9cddaf8,IL1RAPL2
X,105006222,105006222,1,snv_mnv,NA,NA,"broad,dkfz,muse,sanger",4,COSN7680254,NA,NA,FALSE,0.3529,NA,18,33,NA,NA,NA,Intron,FALSE,FALSE,TRUE,FALSE,2,2,0,2_0,d4907a1b-8b06-47c5-8bca-c781d9cddaf8,NA
X,106405543,106405543,1,snv_mnv,NA,NA,"broad,dkfz,muse,sanger",4,COSN7680701,NA,L1MDa,FALSE,0.1176,NA,6,45,NA,NA,NA,Intron,FALSE,FALSE,FALSE,FALSE,2,2,0,2_0,d4907a1b-8b06-47c5-8bca-c781d9cddaf8,NA
X,107899399,107899399,1,snv_mnv,NA,NA,"broad,dkfz,muse,sanger",4,COSN7681068,NA,L1ME3,FALSE,0.6364,NA,28,16,NA,NA,NA,Intron,FALSE,FALSE,FALSE,FALSE,2,2,0,2_0,d4907a1b-8b06-47c5-8bca-c781d9cddaf8,NA
X,108817897,108817897,1,snv_mnv,NA,NA,"broad,dkfz,muse,sanger",4,COSN7681315,rs867409649,MSTB1-int,FALSE,0.5333,NA,16,14,NA,NA,NA,IGR,FALSE,FALSE,FALSE,FALSE,2,2,0,2_0,d4907a1b-8b06-47c5-8bca-c781d9cddaf8,AL118496.1
X,109880562,109880562,1,snv_mnv,NA,NA,"broad,dkfz,muse,sanger",4,COSN7681559,NA,NA,FALSE,0.4848,NA,16,17,NA,NA,NA,IGR,FALSE,FALSE,FALSE,FALSE,2,2,0,2_0,d4907a1b-8b06-47c5-8bca-c781d9cddaf8,NA
X,110960417,110960417,1,snv_mnv,NA,NA,"broad,dkfz,muse,sanger",4,COSN7681851,NA,NA,FALSE,0.4894,NA,23,24,NA,NA,NA,Intron,FALSE,FALSE,TRUE,FALSE,2,2,0,2_0,d4907a1b-8b06-47c5-8bca-c781d9cddaf8,ALG13
X,111118897,111118897,1,snv_mnv,NA,NA,"broad,dkfz,muse,sanger",4,COSN7681897,NA,NA,FALSE,0.5484,NA,17,14,NA,NA,NA,Intron,FALSE,FALSE,FALSE,FALSE,2,2,0,2_0,d4907a1b-8b06-47c5-8bca-c781d9cddaf8,TRPC5OS
X,111589086,111589086,1,snv_mnv,NA,NA,"broad,dkfz,muse,sanger",4,COSN7682091,NA,NA,FALSE,0.4889,NA,22,23,NA,NA,NA,IGR,FALSE,FALSE,FALSE,FALSE,2,2,0,2_0,d4907a1b-8b06-47c5-8bca-c781d9cddaf8,NA
X,112747951,112747951,1,snv_mnv,NA,NA,"broad,dkfz,muse,sanger",4,COSN7682616,NA,L2a,FALSE,0.3182,NA,14,30,NA,NA,NA,IGR,FALSE,FALSE,FALSE,FALSE,2,2,0,2_0,d4907a1b-8b06-47c5-8bca-c781d9cddaf8,NA
X,112798429,112798429,1,snv_mnv,NA,NA,"broad,dkfz,muse",3,COSN7682640,NA,LTR1,FALSE,0.3636,NA,12,21,NA,NA,NA,IGR,FALSE,FALSE,FALSE,FALSE,2,2,0,2_0,d4907a1b-8b06-47c5-8bca-c781d9cddaf8,NA
X,112903551,112903551,1,snv_mnv,NA,NA,"broad,dkfz,muse,sanger",4,COSN7682702,NA,L1PA12,FALSE,0.4138,NA,12,17,NA,NA,NA,lincRNA,FALSE,FALSE,FALSE,FALSE,2,2,0,2_0,d4907a1b-8b06-47c5-8bca-c781d9cddaf8,NA
X,113108341,113108341,1,snv_mnv,NA,NA,"broad,muse",2,COSN7682829,NA,MLT2C1,FALSE,0.1154,NA,6,46,NA,NA,NA,lincRNA,FALSE,FALSE,FALSE,FALSE,2,2,0,2_0,d4907a1b-8b06-47c5-8bca-c781d9cddaf8,NA
X,113207383,113207383,1,snv_mnv,NA,NA,"broad,dkfz,muse,sanger",4,COSN7682878,NA,NA,FALSE,0.3182,NA,14,30,NA,NA,NA,IGR,FALSE,FALSE,FALSE,FALSE,2,2,0,2_0,d4907a1b-8b06-47c5-8bca-c781d9cddaf8,NA
X,114156423,114156423,1,snv_mnv,NA,NA,"broad,muse,sanger",3,COSN7683323,NA,MER6A,FALSE,0.6667,NA,32,16,NA,NA,NA,IGR,FALSE,FALSE,FALSE,FALSE,2,2,0,2_0,d4907a1b-8b06-47c5-8bca-c781d9cddaf8,NA
X,116014478,116014478,1,snv_mnv,NA,NA,"broad,dkfz,muse,sanger",4,COSN7683881,NA,L1M1,FALSE,0.3333,NA,12,24,NA,NA,NA,IGR,FALSE,FALSE,FALSE,FALSE,2,2,0,2_0,d4907a1b-8b06-47c5-8bca-c781d9cddaf8,NA
X,116327378,116327378,1,snv_mnv,NA,NA,"broad,dkfz,muse,sanger",4,COSN7684021,NA,L1MA2,FALSE,0.623,NA,38,23,NA,NA,NA,IGR,FALSE,FALSE,FALSE,FALSE,2,2,0,2_0,d4907a1b-8b06-47c5-8bca-c781d9cddaf8,NA
X,117718670,117718670,1,snv_mnv,0.3844,rs1781090,"dkfz,muse",2,COSN14877401,rs1781090,AT_rich,FALSE,0.1538,NA,10,55,NA,NA,NA,Intron,FALSE,FALSE,FALSE,FALSE,2,2,0,2_0,d4907a1b-8b06-47c5-8bca-c781d9cddaf8,NA
X,121770865,121770865,1,snv_mnv,NA,NA,"broad,dkfz,muse,sanger",4,COSN7685793,NA,L1MA3,FALSE,0.3095,NA,13,29,NA,NA,NA,IGR,FALSE,FALSE,FALSE,FALSE,2,2,0,2_0,d4907a1b-8b06-47c5-8bca-c781d9cddaf8,NA
X,122094333,122094333,1,snv_mnv,NA,NA,"broad,dkfz,muse,sanger",4,COSN7685952,NA,MER5A,FALSE,0.6333,NA,38,22,NA,NA,NA,IGR,FALSE,FALSE,FALSE,FALSE,2,2,0,2_0,d4907a1b-8b06-47c5-8bca-c781d9cddaf8,NA
X,122639559,122639559,1,snv_mnv,NA,NA,"broad,dkfz,muse,sanger",4,COSN7686110,NA,L1MA2,FALSE,0.3256,NA,14,29,NA,NA,NA,IGR,FALSE,FALSE,FALSE,FALSE,2,2,0,2_0,d4907a1b-8b06-47c5-8bca-c781d9cddaf8,NA
X,124039623,124039623,1,snv_mnv,NA,NA,"broad,dkfz,muse,sanger",4,COSN7686557,NA,L1MEc,FALSE,0.5625,NA,18,14,NA,NA,NA,Intron,FALSE,FALSE,FALSE,FALSE,2,2,0,2_0,d4907a1b-8b06-47c5-8bca-c781d9cddaf8,NA
X,124553824,124553824,1,snv_mnv,NA,NA,"broad,dkfz,muse,sanger",4,COSN7686817,NA,L1MDa,FALSE,0.5854,NA,24,17,NA,NA,NA,IGR,FALSE,FALSE,FALSE,FALSE,2,2,0,2_0,d4907a1b-8b06-47c5-8bca-c781d9cddaf8,NA
X,124599227,124599227,1,snv_mnv,NA,NA,"broad,dkfz,muse,sanger",4,COSN7686846,NA,NA,FALSE,0.1515,NA,5,28,NA,NA,NA,IGR,FALSE,FALSE,FALSE,FALSE,2,2,0,2_0,d4907a1b-8b06-47c5-8bca-c781d9cddaf8,NA
X,124733830,124733830,1,snv_mnv,NA,NA,"broad,dkfz,muse,sanger",4,COSN7686930,NA,THE1D-int,FALSE,0.5185,NA,28,26,NA,NA,NA,IGR,FALSE,FALSE,FALSE,FALSE,2,2,0,2_0,d4907a1b-8b06-47c5-8bca-c781d9cddaf8,NA
X,125073033,125073033,1,snv_mnv,NA,NA,"broad,dkfz,muse,sanger",4,COSN7687185,NA,MER57-int,FALSE,0.3846,NA,20,32,NA,NA,NA,IGR,FALSE,FALSE,FALSE,FALSE,2,2,0,2_0,d4907a1b-8b06-47c5-8bca-c781d9cddaf8,NA
X,125305358,125305358,1,snv_mnv,NA,NA,"broad,dkfz,muse,sanger",4,COSN7687345,NA,MIR,FALSE,0.2632,NA,10,28,NA,NA,NA,IGR,FALSE,FALSE,FALSE,FALSE,2,2,0,2_0,d4907a1b-8b06-47c5-8bca-c781d9cddaf8,NA
X,126011935,126011935,1,snv_mnv,NA,NA,"broad,dkfz,muse,sanger",4,COSN7687832,NA,L1PBa,FALSE,0.5814,NA,25,18,NA,NA,NA,IGR,FALSE,FALSE,FALSE,FALSE,2,2,0,2_0,d4907a1b-8b06-47c5-8bca-c781d9cddaf8,NA
X,126296101,126296101,1,snv_mnv,NA,NA,"broad,dkfz,muse,sanger",4,COSN7688035,NA,NA,FALSE,0.28,NA,14,36,NA,NA,NA,IGR,FALSE,FALSE,FALSE,FALSE,2,2,0,2_0,d4907a1b-8b06-47c5-8bca-c781d9cddaf8,NA
X,126344603,126344603,1,snv_mnv,NA,NA,"broad,dkfz,muse,sanger",4,COSN7688075,NA,NA,FALSE,0.5778,NA,26,19,NA,NA,NA,IGR,FALSE,FALSE,FALSE,FALSE,2,2,0,2_0,d4907a1b-8b06-47c5-8bca-c781d9cddaf8,NA
X,126552659,126552659,1,snv_mnv,NA,NA,"broad,dkfz,muse,sanger",4,COSN7504959,NA,L1PBa,FALSE,0.549,NA,28,23,NA,NA,NA,IGR,FALSE,FALSE,FALSE,FALSE,2,2,0,2_0,d4907a1b-8b06-47c5-8bca-c781d9cddaf8,NA
X,127789277,127789277,1,snv_mnv,NA,NA,"broad,dkfz,muse,sanger",4,COSN7505646,NA,NA,FALSE,0.3684,NA,14,24,NA,NA,NA,IGR,FALSE,FALSE,FALSE,FALSE,2,2,0,2_0,d4907a1b-8b06-47c5-8bca-c781d9cddaf8,NA
X,130432731,130432731,1,snv_mnv,NA,NA,"broad,dkfz,muse,sanger",4,COSN7506341,NA,AluJb,FALSE,0.2121,NA,7,26,NA,NA,NA,Intron,FALSE,FALSE,FALSE,FALSE,2,2,0,2_0,d4907a1b-8b06-47c5-8bca-c781d9cddaf8,NA
X,130492136,130492136,1,snv_mnv,0.0694,rs189211074,"dkfz,muse",2,COSN6564776,rs189211074,NA,FALSE,0.3235,NA,11,23,NA,NA,NA,Intron,FALSE,FALSE,FALSE,FALSE,2,2,0,2_0,d4907a1b-8b06-47c5-8bca-c781d9cddaf8,NA
X,132178734,132178734,1,snv_mnv,0.0023841,rs193099349,"dkfz,muse",2,COSN7506791,rs193099349,LTR12C,FALSE,0.6957,NA,16,7,NA,NA,NA,Intron,FALSE,FALSE,FALSE,FALSE,2,2,0,2_0,d4907a1b-8b06-47c5-8bca-c781d9cddaf8,USP26
X,132592261,132592261,1,snv_mnv,NA,NA,"broad,dkfz,muse,sanger",4,COSN7506867,NA,MLT2D,FALSE,0.7073,NA,29,12,NA,NA,NA,IGR,FALSE,FALSE,FALSE,FALSE,2,2,0,2_0,d4907a1b-8b06-47c5-8bca-c781d9cddaf8,NA
X,133371069,133371069,1,snv_mnv,NA,NA,"broad,dkfz,muse,sanger",4,COSN7507032,NA,NA,FALSE,0.6154,NA,24,15,NA,NA,NA,5'Flank,FALSE,FALSE,FALSE,FALSE,2,2,0,2_0,d4907a1b-8b06-47c5-8bca-c781d9cddaf8,CCDC160
X,133691631,133691631,1,snv_mnv,NA,NA,"broad,dkfz,muse,sanger",4,COSN7507131,rs745820413,NA,FALSE,0.5918,NA,29,20,NA,NA,NA,lincRNA,FALSE,FALSE,FALSE,FALSE,2,2,0,2_0,d4907a1b-8b06-47c5-8bca-c781d9cddaf8,NA
X,133953935,133953935,1,snv_mnv,NA,NA,"broad,dkfz,muse",3,COSN7507193,NA,AluSx,FALSE,0.5814,NA,25,18,NA,NA,NA,Intron,FALSE,FALSE,FALSE,FALSE,2,2,0,2_0,d4907a1b-8b06-47c5-8bca-c781d9cddaf8,NA
X,134176830,134176830,1,snv_mnv,NA,NA,"broad,dkfz,muse,sanger",4,COSN7507238,NA,L1PA15,FALSE,0.5273,NA,29,26,NA,NA,NA,IGR,FALSE,FALSE,FALSE,FALSE,2,2,0,2_0,d4907a1b-8b06-47c5-8bca-c781d9cddaf8,NA
X,135423553,135423553,1,snv_mnv,NA,NA,"broad,dkfz,muse,sanger",4,COSN7507544,NA,NA,FALSE,0.6721,NA,41,20,NA,NA,NA,Intron,FALSE,FALSE,FALSE,FALSE,2,2,0,2_0,d4907a1b-8b06-47c5-8bca-c781d9cddaf8,NA
X,136032504,136032504,1,snv_mnv,NA,NA,"broad,dkfz,muse,sanger",4,COSN7507696,NA,MER33,FALSE,0.5263,NA,20,18,NA,NA,NA,RNA,FALSE,FALSE,FALSE,FALSE,2,2,0,2_0,d4907a1b-8b06-47c5-8bca-c781d9cddaf8,RPL22P23
X,136634059,136634059,1,snv_mnv,0.0368,rs368514446,"dkfz,muse",2,COSN7507897,rs368514446,NA,FALSE,0.2632,NA,15,42,NA,NA,NA,IGR,FALSE,FALSE,TRUE,FALSE,2,2,0,2_0,d4907a1b-8b06-47c5-8bca-c781d9cddaf8,AL035443.1
X,136941602,136941602,1,snv_mnv,NA,NA,"broad,dkfz,muse,sanger",4,COSN7508059,NA,NA,FALSE,0.2326,NA,10,33,NA,NA,NA,IGR,FALSE,FALSE,FALSE,FALSE,2,2,0,2_0,d4907a1b-8b06-47c5-8bca-c781d9cddaf8,NA
X,137049698,137049698,1,snv_mnv,NA,NA,"broad,dkfz,muse,sanger",4,COSN7508114,NA,AluSg,FALSE,0.2979,NA,14,33,NA,NA,NA,IGR,FALSE,FALSE,FALSE,FALSE,2,2,0,2_0,d4907a1b-8b06-47c5-8bca-c781d9cddaf8,NA
X,137259873,137259873,1,snv_mnv,NA,NA,"broad,dkfz,muse,sanger",4,COSN7508241,NA,NA,FALSE,0.1489,NA,7,40,NA,NA,NA,IGR,FALSE,FALSE,FALSE,FALSE,2,2,0,2_0,d4907a1b-8b06-47c5-8bca-c781d9cddaf8,NA
X,137416912,137416912,1,snv_mnv,NA,NA,"broad,dkfz,muse,sanger",4,COSN7508323,NA,MLT1J,FALSE,0.569,NA,33,25,NA,NA,NA,IGR,FALSE,FALSE,FALSE,FALSE,2,2,0,2_0,d4907a1b-8b06-47c5-8bca-c781d9cddaf8,NA
X,137579646,137579646,1,snv_mnv,NA,NA,"broad,dkfz,muse,sanger",4,COSN7508409,NA,L1M5,FALSE,0.5741,NA,31,23,NA,NA,NA,IGR,FALSE,FALSE,FALSE,FALSE,2,2,0,2_0,d4907a1b-8b06-47c5-8bca-c781d9cddaf8,NA
X,138809962,138809962,1,snv_mnv,NA,NA,"broad,dkfz,muse,sanger",4,COSN7508901,NA,NA,FALSE,0.6585,NA,27,14,NA,NA,NA,3'UTR,FALSE,FALSE,FALSE,FALSE,2,2,0,2_0,d4907a1b-8b06-47c5-8bca-c781d9cddaf8,ATP11C
X,139371245,139371245,1,snv_mnv,NA,NA,"broad,dkfz,muse,sanger",4,COSN7509115,NA,L1PA11,FALSE,0.6471,NA,22,12,NA,NA,NA,IGR,FALSE,FALSE,FALSE,FALSE,2,2,0,2_0,d4907a1b-8b06-47c5-8bca-c781d9cddaf8,NA
X,139692179,139692179,1,snv_mnv,NA,NA,"broad,dkfz,muse,sanger",4,COSN7509279,rs750743101,L1M1,FALSE,0.5102,NA,25,24,NA,NA,NA,IGR,FALSE,FALSE,FALSE,FALSE,2,2,0,2_0,d4907a1b-8b06-47c5-8bca-c781d9cddaf8,NA
X,139704690,139704690,1,snv_mnv,NA,NA,"broad,dkfz,muse,sanger",4,COSN7509287,NA,AluSq2,FALSE,0.2703,NA,10,27,NA,NA,NA,IGR,FALSE,FALSE,FALSE,FALSE,2,2,0,2_0,d4907a1b-8b06-47c5-8bca-c781d9cddaf8,NA
X,140060744,140060744,1,snv_mnv,NA,NA,"broad,dkfz,muse,sanger",4,COSN7509483,NA,NA,FALSE,0.5357,NA,30,26,NA,NA,NA,lincRNA,FALSE,FALSE,FALSE,FALSE,2,2,0,2_0,d4907a1b-8b06-47c5-8bca-c781d9cddaf8,NA
X,140690280,140690280,1,snv_mnv,NA,NA,"broad,dkfz,muse,sanger",4,COSN7509747,NA,NA,FALSE,0.6667,NA,18,9,NA,NA,NA,RNA,FALSE,FALSE,FALSE,FALSE,2,2,0,2_0,d4907a1b-8b06-47c5-8bca-c781d9cddaf8,NA
X,141063663,141063663,1,snv_mnv,NA,NA,"broad,dkfz,muse",3,COSN7509930,NA,AluY,FALSE,0.4412,NA,15,19,NA,NA,NA,IGR,FALSE,FALSE,TRUE,FALSE,2,2,0,2_0,d4907a1b-8b06-47c5-8bca-c781d9cddaf8,NA
X,141105342,141105342,1,snv_mnv,NA,NA,"broad,dkfz,muse,sanger",4,COSN7509959,NA,MIRb,FALSE,0.2778,NA,15,39,NA,NA,NA,IGR,FALSE,FALSE,FALSE,FALSE,2,2,0,2_0,d4907a1b-8b06-47c5-8bca-c781d9cddaf8,NA
X,141499328,141499328,1,snv_mnv,NA,NA,"broad,dkfz,muse,sanger",4,COSN7510213,NA,L1M1,FALSE,0.4821,NA,27,29,NA,NA,NA,RNA,FALSE,FALSE,FALSE,FALSE,2,2,0,2_0,d4907a1b-8b06-47c5-8bca-c781d9cddaf8,RNA5SP516
X,141656105,141656105,1,snv_mnv,NA,NA,"broad,dkfz,muse,sanger",4,COSN7510321,NA,NA,FALSE,0.5429,NA,19,16,NA,NA,NA,IGR,FALSE,FALSE,FALSE,FALSE,2,2,0,2_0,d4907a1b-8b06-47c5-8bca-c781d9cddaf8,NA
X,142560576,142560576,1,snv_mnv,NA,NA,"broad,dkfz,muse,sanger",4,COSN7510836,NA,MIR,FALSE,0.4595,NA,17,20,NA,NA,NA,RNA,FALSE,FALSE,FALSE,FALSE,2,2,0,2_0,d4907a1b-8b06-47c5-8bca-c781d9cddaf8,NA
X,142976556,142976556,1,snv_mnv,NA,NA,"broad,dkfz,muse,sanger",4,COSN7511075,NA,NA,FALSE,0.4186,NA,18,25,NA,NA,NA,IGR,FALSE,FALSE,FALSE,FALSE,2,2,0,2_0,d4907a1b-8b06-47c5-8bca-c781d9cddaf8,NA
X,143012009,143012009,1,snv_mnv,NA,NA,"broad,dkfz,muse,sanger",4,COSN7511098,NA,AluY,FALSE,0.5,NA,15,15,NA,NA,NA,IGR,FALSE,FALSE,FALSE,FALSE,2,2,0,2_0,d4907a1b-8b06-47c5-8bca-c781d9cddaf8,NA
X,143012010,143012010,1,snv_mnv,NA,NA,"broad,dkfz,muse,sanger",4,COSN7511099,NA,AluY,FALSE,0.5,NA,15,15,NA,NA,NA,IGR,FALSE,FALSE,FALSE,FALSE,2,2,0,2_0,d4907a1b-8b06-47c5-8bca-c781d9cddaf8,NA
X,144251954,144251954,1,snv_mnv,NA,NA,"broad,dkfz,muse,sanger",4,COSN7511593,NA,L1MA10,FALSE,0.6,NA,30,20,NA,NA,NA,IGR,FALSE,FALSE,FALSE,FALSE,2,2,0,2_0,d4907a1b-8b06-47c5-8bca-c781d9cddaf8,NA
X,144422000,144422000,1,snv_mnv,NA,NA,"broad,muse,sanger",3,COSN7511715,NA,L1M1,FALSE,0.3056,NA,11,25,NA,NA,NA,IGR,FALSE,FALSE,FALSE,FALSE,2,2,0,2_0,d4907a1b-8b06-47c5-8bca-c781d9cddaf8,NA
X,144814326,144814326,1,snv_mnv,NA,NA,"broad,dkfz,muse,sanger",4,COSN7512012,NA,L2a,FALSE,0.3333,NA,13,26,NA,NA,NA,IGR,FALSE,FALSE,FALSE,FALSE,2,2,0,2_0,d4907a1b-8b06-47c5-8bca-c781d9cddaf8,NA
X,145437769,145437769,1,snv_mnv,NA,NA,"broad,dkfz,muse,sanger",4,COSN7512429,NA,NA,FALSE,0.4643,NA,26,30,NA,NA,NA,IGR,FALSE,FALSE,TRUE,FALSE,2,2,0,2_0,d4907a1b-8b06-47c5-8bca-c781d9cddaf8,NA
X,145532540,145532540,1,snv_mnv,NA,NA,"broad,dkfz,muse,sanger",4,COSN7512496,NA,NA,FALSE,0.4146,NA,17,24,NA,NA,NA,IGR,FALSE,FALSE,FALSE,FALSE,2,2,0,2_0,d4907a1b-8b06-47c5-8bca-c781d9cddaf8,NA
X,145681048,145681048,1,snv_mnv,NA,NA,"broad,dkfz,muse,sanger",4,COSN7512619,NA,L1MA2,FALSE,0.4528,NA,24,29,NA,NA,NA,IGR,FALSE,FALSE,FALSE,FALSE,2,2,0,2_0,d4907a1b-8b06-47c5-8bca-c781d9cddaf8,NA
X,146351925,146351925,1,snv_mnv,NA,NA,"broad,dkfz,muse,sanger",4,COSN7513084,NA,HERVK22-int,FALSE,0.2449,NA,12,37,NA,NA,NA,RNA,FALSE,FALSE,FALSE,FALSE,2,2,0,2_0,d4907a1b-8b06-47c5-8bca-c781d9cddaf8,MIR510
X,146370173,146370173,1,snv_mnv,NA,NA,"broad,dkfz,muse,sanger",4,COSN7513092,NA,NA,FALSE,0.2745,NA,14,37,NA,NA,NA,IGR,FALSE,FALSE,FALSE,FALSE,2,2,0,2_0,d4907a1b-8b06-47c5-8bca-c781d9cddaf8,MIR514A3
X,146776131,146776131,1,snv_mnv,NA,NA,"broad,dkfz,muse,sanger",4,COSN7513372,NA,L1PB4,FALSE,0.4773,NA,21,23,NA,NA,NA,IGR,FALSE,FALSE,FALSE,FALSE,2,2,0,2_0,d4907a1b-8b06-47c5-8bca-c781d9cddaf8,NA
X,146783395,146783395,1,snv_mnv,NA,NA,"broad,dkfz,muse,sanger",4,COSN7513378,NA,NA,FALSE,0.4595,NA,17,20,NA,NA,NA,IGR,FALSE,FALSE,FALSE,FALSE,2,2,0,2_0,d4907a1b-8b06-47c5-8bca-c781d9cddaf8,NA
X,147889701,147889701,1,snv_mnv,NA,NA,"broad,dkfz,muse,sanger",4,COSN7513903,NA,MER103C,FALSE,0.6154,NA,24,15,NA,NA,NA,Intron,FALSE,FALSE,FALSE,FALSE,2,2,0,2_0,d4907a1b-8b06-47c5-8bca-c781d9cddaf8,NA
X,148881112,148881112,1,snv_mnv,NA,NA,"broad,dkfz,muse,sanger",4,COSN7514291,NA,L1MD2,FALSE,0.617,NA,29,18,NA,NA,NA,IGR,FALSE,FALSE,FALSE,FALSE,2,2,0,2_0,d4907a1b-8b06-47c5-8bca-c781d9cddaf8,NA
X,150778602,150778602,1,snv_mnv,NA,NA,"broad,dkfz,muse,sanger",4,COSN7514849,NA,L1ME3D,FALSE,0.3864,NA,17,27,NA,NA,NA,Intron,FALSE,FALSE,FALSE,FALSE,2,2,0,2_0,d4907a1b-8b06-47c5-8bca-c781d9cddaf8,AF274854.1
X,152565833,152565833,1,snv_mnv,NA,NA,"broad,dkfz,muse,sanger",4,COSN7515387,NA,L1MA5A,FALSE,0.5357,NA,30,26,NA,NA,NA,IGR,FALSE,FALSE,FALSE,FALSE,2,2,0,2_0,d4907a1b-8b06-47c5-8bca-c781d9cddaf8,NA
